8.5000000000	0.0000000000	0.0000000000


8.4987676200	0.0679000000	0.0539000000


8.4963037984	0.1357935178	0.1077919973


8.4926107167	0.2036737785	0.1616680412


8.4876916288	0.2715335087	0.2155202674


8.4815506056	0.3393647744	0.2693409214


8.4741922230	0.4071588799	0.3231223647


8.4656212245	0.4749063317	0.3768570643


8.4558421904	0.5425968654	0.4305375682


8.4448592404	0.6102195269	0.4841564675


8.4326757910	0.6777627955	0.5377063520


8.4192943799	0.7452147350	0.5911797624


8.4047165651	0.8125631589	0.6445691460


8.3889428986	0.8797957986	0.6978668176


8.3719729734	0.9469004652	0.7510649313


8.3538055345	1.0138651947	0.8041554655


8.3344386462	1.0806783717	0.8571302220


8.3138699007	1.1473288236	0.9099808401


8.2920966542	1.2138058819	0.9626988253


8.2691162705	1.2800994067	1.0152755888


8.2449263560	1.3461997749	1.0677024955


8.2195249673	1.4120978319	1.1199709156


8.1929107788	1.4777848143	1.1720722742


8.1650831998	1.5432522479	1.2239980952


8.1360424385	1.6084918306	1.2757400358


8.1057895120	1.6734953088	1.3272899075


8.0743262099	1.7382543541	1.3786396846


8.0416550180	1.8027604476	1.4297814977


8.0077790119	1.8670047765	1.4807076146


7.9727017304	1.9309781457	1.5314104093


7.9364270371	1.9946709061	1.5818823210


7.8989589771	2.0580729007	1.6321158049


7.8603016356	2.1211734284	1.6821032773


7.8204590019	2.1839612242	1.7318370556


7.7794348431	2.2464244576	1.7813092970


7.7372325888	2.3085507477	1.8305119348


7.6938552310	2.3703271963	1.8794366183


7.6493052386	2.4317404403	1.9280746547


7.6035844928	2.4927767232	1.9764169587


7.5566942426	2.5534219883	2.0244540124


7.5086350874	2.6136619936	2.0721758391


7.4594069895	2.6734824465	2.1195719975


7.4090093227	2.7328691585	2.1666315997


7.3574409608	2.7918082109	2.2133433600


7.3047004105	2.8502861244	2.2596956761


7.2507859890	2.9082900191	2.3056767467


7.1956960428	2.9658077458	2.3512747215


7.1394291990	3.0228279723	2.3964778751


7.0819846309	3.0793402032	2.4412747931


7.0233623168	3.1353347198	2.4856545492


6.9635632621	3.1908024360	2.5296068503


6.9025896590	3.2457346751	2.5731221276


6.8404449590	3.3001228870	2.6161915562


6.7771338468	3.3539583374	2.6588069931


6.7126621139	3.4072318015	2.7009608379


6.6470364486	3.4599332983	2.7426458299


6.5802641647	3.5120518913	2.7838548040


6.5123529009	3.5635755704	2.8245804336


6.4433103232	3.6144912222	2.8648149854


6.3731438561	3.6647846794	2.9045501094


6.3018604670	3.7144408397	2.9437766805


6.2294665139	3.7634438356	2.9824847019


6.1559676652	3.8117772387	3.0206632721


6.0813688899	3.8594242793	3.0583006157


6.0056745108	3.9063680647	3.0953841693


5.9288883129	3.9525917824	3.1319007126


5.8510136908	3.9980788737	3.1678365329


5.7720538230	4.0428131701	3.2031776057


5.6920118564	4.0867789848	3.2379097803


5.6108910886	4.1299611592	3.2720189534


5.5286951372	4.1723450637	3.3054912231


5.4454280874	4.2139165604	3.3383130122


5.3610946143	4.2546619319	3.3704711591


5.2757000767	4.2945677857	3.4019529722


5.1892505837	4.3336209423	3.4327462498


5.1017530375	4.3718083139	3.4628392695


5.0132151527	4.4091167810	3.4922207480


4.9236454595	4.4455330717	3.5208797788


4.8330532912	4.4810436477	3.5488057500


4.7414487624	4.5156346002	3.5759882478


4.6488427377	4.5492915578	3.6024169482


4.5552467956	4.5819996064	3.6280815006


4.4606731879	4.6137432242	3.6529714062


4.3651347952	4.6445062301	3.6770758932


4.2686450795	4.6742717482	3.7003837904


4.1712180325	4.7030221873	3.7228834028


4.0728681203	4.7307392384	3.7445623908


3.9736102213	4.7574038902	3.7654076565


3.8734595581	4.7829964648	3.7854052411


3.7724316212	4.8074966758	3.8045402399


3.6705420835	4.8308837095	3.8227967408


3.5678067080	4.8531363324	3.8401577959


3.4642412488	4.8742330235	3.8566054373


3.3598613516	4.8941521312	3.8721207471


3.2546824609	4.9128720495	3.8866839948


3.1487197480	4.9303714061	3.9002748498


3.0419880731	4.9466292499	3.9128726727


2.9345020023	4.9616252199	3.9244568800


2.8262758987	4.9753396764	3.9350073623


2.7173241009	4.9877537718	3.9445049215


2.6076611957	4.9988494441	3.9529316776


2.4973023731	5.0086093238	3.9602713860


2.3862638366	5.0170165560	3.9665096083


2.2745632246	5.0240545576	3.9716336947


2.1622199873	5.0297067365	3.9756325621


2.0492556716	5.0339562119	3.9784962896


1.9356940745	5.0367855707	3.9802155819


1.8215612535	5.0381766856	3.9807811728


1.7068854013	5.0381106125	3.9801832471


1.5916966177	5.0365675654	3.9784109458


1.4760266150	5.0335269632	3.9754520013


1.3599084011	5.0289675299	3.9712925241


1.2433759740	5.0228674313	3.9659169387


1.1264640542	5.0152044301	3.9593080526


1.0092078714	5.0059560448	3.9514472310


0.8916430103	4.9950997009	3.9423146473


0.7738053165	4.9826128667	3.9318895796


0.6557308567	4.9684731701	3.9201507280


0.5374559270	4.9526584952	3.9070765333


0.4190170991	4.9351470599	3.8926454812


0.3004512992	4.9159174772	3.8768363828


0.1817959093	4.8949488030	3.8596286256


0.0630888867	4.8722205757	3.8410023923


-0.0556311055	4.8477128508	3.8209388458


-0.1743245601	4.8214062334	3.7994202842


-0.2929509845	4.7932819141	3.7764302646


-0.4114687581	4.7633217081	3.7519537003


-0.5298349926	4.7315081022	3.7259769326


-0.6480053954	4.6978243105	3.6984877808


-0.7659341383	4.6622543385	3.6694755705


-0.8835737333	4.6247830584	3.6389311432


-1.0008749151	4.5853962938	3.6068468472


-1.1177865329	4.5440809129	3.5732165110


-1.2342554497	4.5008249308	3.5380353979


-1.3502264518	4.4556176160	3.5013001419


-1.4656421680	4.4084496016	3.4630086630


-1.5804429979	4.3593129947	3.4231600607


-1.6945670504	4.3082014822	3.3817544829


-1.8079500934	4.2551104255	3.3387929683


-1.9205255132	4.2000369390	3.2942772605


-2.0322242869	4.1429799435	3.2482095909


-2.1429749683	4.0839401864	3.2005924311


-2.2527036922	4.0229202160	3.1514282167


-2.3613342014	3.9599242999	3.1007190470


-2.4687879074	3.8949582741	3.0484663735


-2.5749839980	3.8280293095	2.9946706973


-2.6798396114	3.7591455902	2.9393313089


-2.7832701014	3.6883158992	2.8824461211


-2.8851894250	3.6155491300	2.8240116640


-2.9855106797	3.5408537625	2.7640233316


-3.0841468083	3.4642373823	2.7024759777


-3.1810114631	3.3857063673	2.6393649401


-3.2760199733	3.3052659043	2.5746875204


-3.3690903005	3.2229205072	2.5084448280


-3.4601438141	3.1386751500	2.4406437531


-3.5491057029	3.0525369864	2.3712986902


-3.6359048928	2.9645174297	2.3004325906


-3.7204734554	2.8746341965	2.2280770418


-3.8027456340	2.7829128719	2.1542713251


-3.8826567059	2.6893876807	2.0790606962


-3.9601419132	2.5941013852	2.0024943177


-4.0351356262	2.4971044652	1.9246232816


-4.1075708145	2.3984538610	1.8454990349


-4.1773788163	2.2982115758	1.7651723424


-4.2444893538	2.1964433597	1.6836927743


-4.3088307314	2.0932176008	1.6011086232


-4.3703301562	1.9886044691	1.5174671235


-4.4289141419	1.8826753018	1.4328148586


-4.4845089633	1.7755021922	1.3471982617


-4.5370411494	1.6671577367	1.2606641438


-4.5864380016	1.5577148943	1.1732602044


-4.6326281350	1.4472469223	1.0850354961


-4.6755420389	1.3358273590	0.9960408263


-4.7151126539	1.2235300304	0.9063290844


-4.7512759626	1.1104290674	0.8159554907


-4.7839715902	0.9965989204	0.7249777607


-4.8131434077	0.8821143677	0.6334561852


-4.8387401308	0.7670505111	0.5414536234


-4.8607159046	0.6514827586	0.4490354116


-4.8790308619	0.5354867951	0.3562691870


-4.8936516439	0.4191385410	0.2632246331


-4.9045518663	0.3025141031	0.1699731491


-4.9117125196	0.1856897205	0.0765874554


-4.9151222855	0.0687417109	-0.0168588579


-4.9147777573	-0.0482535788	-0.1102918223


-4.9106835511	-0.1652198113	-0.2036376081


-4.9028522968	-0.2820806822	-0.2968230471


-4.8913045008	-0.3987599234	-0.3897761400


-4.8760682774	-0.5151812814	-0.4824265269


-4.8571789463	-0.6312684671	-0.5747058954


-4.8346785016	-0.7469450768	-0.6665483061


-4.8086149597	-0.8621344835	-0.7578904103


-4.7790415994	-0.9767597030	-0.8486715422


-4.7460161101	-1.0907432435	-0.9388336690


-4.7095996724	-1.2040069521	-1.0283211870


-4.6698559950	-1.3164718796	-1.1170805590


-4.6268503408	-1.4280581965	-1.2050597992


-4.5806485784	-1.5386852013	-1.2922078233


-4.5313162997	-1.6482714776	-1.3784736980


-4.4789180540	-1.7567352641	-1.4638058517


-4.4235167507	-1.8639951060	-1.5481513327


-4.3651732905	-1.9699708421	-1.6314552372


-4.3039464857	-2.0745849428	-1.7136604559


-4.2398933187	-2.1777641471	-1.7947078954


-4.1730695653	-2.2794412424	-1.8745372987


-4.1035307581	-2.3795567290	-1.9530886998


-4.0313334005	-2.4780600433	-2.0303043986


-3.9565362682	-2.5749100384	-2.1061311777


-3.8792015907	-2.6700745579	-2.1805223605


-3.7993959074	-2.7635291582	-2.2534393079


-3.7171904658	-2.8552552485	-2.3248520803


-3.6326611305	-2.9452380359	-2.3947392113


-3.5458878785	-3.0334646441	-2.4630867447


-3.4569540186	-3.1199226588	-2.5298868165


-3.3659452902	-3.2045991932	-2.5951360786


-3.2729489670	-3.2874804423	-2.6588342028


-3.1780530504	-3.3685516239	-2.7209826120


-3.0813455928	-3.4477971781	-2.7815834959


-2.9829141572	-3.5252011134	-2.8406391115


-2.8828454016	-3.6007474121	-2.8981513305


-2.7812247650	-3.6744204350	-2.9541213852


-2.6781362346	-3.7462052935	-3.0085497621


-2.5736621696	-3.8160881670	-3.0614362017


-2.4678831671	-3.8840565646	-3.1127797693


-2.3608779570	-3.9500995266	-3.1625789723


-2.2527233150	-4.0142077745	-3.2108319048


-2.1434939901	-4.0763738125	-3.2575364089


-2.0332626422	-4.1365919892	-3.3026902441


-1.9220997873	-4.1948585234	-3.3462912606


-1.8100737531	-4.2511715036	-3.3883375739


-1.6972506422	-4.3055308624	-3.4288277407


-1.5836943085	-4.3579383344	-3.4677609339


-1.4694663456	-4.4083973987	-3.5051371181


-1.3546260939	-4.4569132121	-3.5409572251


-1.2392306654	-4.5034925349	-3.5752233271


-1.1233349929	-4.5481436521	-3.6079388054


-1.0069919047	-4.5908762924	-3.6391085116


-0.8902522274	-4.6317015474	-3.6687389144


-0.7731649193	-4.6706317903	-3.6968382252


-0.6557772327	-4.7076805974	-3.7234164916


-0.5381349045	-4.7428626692	-3.7484856502


-0.4202823683	-4.7761937529	-3.7720595248


-0.3022629823	-4.8076905639	-3.7941537618


-0.1841192591	-4.8373707044	-3.8147856944


-0.0658930865	-4.8652525789	-3.8339741329


0.0523740765	-4.8913553027	-3.8517390844


0.1706410430	-4.9156986052	-3.8681014123


0.2888667918	-4.9383027251	-3.8830824541


0.4070104198	-4.9591883016	-3.8967036176


0.5250311567	-4.9783762596	-3.9089859827


0.6428884393	-4.9958876932	-3.9199499329


0.7605420397	-5.0117437498	-3.9296148381


0.8779522379	-5.0259655156	-3.9379988064


0.9950800275	-5.0385739060	-3.9451185166


1.1118873422	-5.0495895623	-3.9509891387


1.2283372900	-5.0590327579	-3.9556243441


1.3443943843	-5.0669233161	-3.9590364042


1.4600247570	-5.0732805441	-3.9612363724


1.5751963433	-5.0781231874	-3.9622343411


1.6898790248	-5.0814694091	-3.9620397618


1.8040447201	-5.0833368003	-3.9606618101


1.9176674133	-5.0837424244	-3.9581097780


2.0307231143	-5.0827028984	-3.9543934656


2.1431897495	-5.0802345100	-3.9495235468


2.2550469857	-5.0763533649	-3.9435118800


2.3662759998	-5.0710755567	-3.9363717397


2.4768592073	-5.0644173461	-3.9281179491


2.5867799708	-5.0563953329	-3.9187669033


2.6960223093	-5.0470266084	-3.9083364830


2.8045706291	-5.0363288699	-3.8968458695


2.9124094919	-5.0243204903	-3.8843152796


3.0195234312	-5.0110205347	-3.8707656468


3.1258968245	-4.9964487245	-3.8562182749


3.2315138175	-4.9806253527	-3.8406944930


3.3363582980	-4.9635711599	-3.8242153320


3.4404139113	-4.9453071795	-3.8068012418


3.5436641069	-4.9258545653	-3.7884718611


3.6460922093	-4.9052344120	-3.7692458435


3.7476815042	-4.8834675785	-3.7491407442


3.8484153350	-4.8605745230	-3.7281729634


3.9482772041	-4.8365751571	-3.7063577438


4.0472508777	-4.8114887237	-3.6837092157


4.1453204910	-4.7853337035	-3.6602404863


4.2424706545	-4.7581277549	-3.6359637654


4.3386865583	-4.7298876877	-3.6108905225


4.4339540745	-4.7006294748	-3.5850316690


4.5282598542	-4.6703683023	-3.5583977576


4.6215914145	-4.6391186573	-3.5309991895


4.7139372115	-4.6068944507	-3.5028464198


4.8052866918	-4.5737091706	-3.4739501483


4.8956303160	-4.5395760574	-3.4443214834


4.9849595504	-4.5045082887	-3.4139720663


5.0732668210	-4.4685191620	-3.3829141460


5.1605454314	-4.4316222594	-3.3511605995


5.2467894478	-4.3938315833	-3.3187248960


5.3319935565	-4.3551616508	-3.2856210091


5.4161529044	-4.3156275441	-3.2518632889


5.4992629308	-4.2752449129	-3.2174663045


5.5813192018	-4.2340299347	-3.1824446710


5.6623172548	-4.1919992377	-3.1468128767


5.7422524595	-4.1491697943	-3.1105851176


5.8211199002	-4.1055587942	-3.0737751519


5.8989142825	-4.0611835047	-3.0363961781


5.9756298668	-4.0160611234	-2.9984607404


6.0512604276	-3.9702086301	-2.9599806649


6.1257992433	-3.9236426419	-2.9209670259


6.1992391142	-3.8763792749	-2.8814301434


6.2715724121	-3.8284340165	-2.8413796124


6.3427911617	-3.7798216127	-2.8008243627


6.4128871551	-3.7305559766	-2.7597727504


6.4818520979	-3.6806501233	-2.7182326780


6.5496777850	-3.6301161396	-2.6762117420


6.6163562995	-3.5789651962	-2.6337174013


6.6818802263	-3.5272076094	-2.5907571596


6.7462428652	-3.4748529571	-2.5473387498


6.8094384276	-3.4219102487	-2.5034703073


6.8714621968	-3.3683881430	-2.4591605152


6.9323106327	-3.3142952000	-2.4144187071


6.9919814057	-3.2596401478	-2.3692549154


7.0504733504	-3.2044321367	-2.3236798562


7.1077863398	-3.1486809577	-2.2777048541


7.1639210886	-3.0923972000	-2.2313417128


7.2188789039	-3.0355923342	-2.1846025478


7.2726614063	-2.9782787143	-2.1374995987


7.3252702454	-2.9204695028	-2.0900450416


7.3767068328	-2.8621785333	-2.0422508180


7.4269721117	-2.8034201254	-1.9941284943


7.4760663747	-2.7442088742	-1.9456891579


7.5239891384	-2.6845594323	-1.8969433555


7.5707390781	-2.6244862993	-1.8479010705


7.6163140215	-2.5640036332	-1.7985717365


7.6607109985	-2.5031250913	-1.7489642822


7.7039263438	-2.4418637083	-1.6990871997


7.7459558443	-2.3802318144	-1.6489486313


7.7867949228	-2.3182409960	-1.5985564660


7.8264388491	-2.2559020996	-1.5479184405


7.8648829624	-2.1932252774	-1.4970422362


7.9021228920	-2.1302200706	-1.4459355669


7.9381547590	-2.0668955241	-1.3946062505


7.9729753438	-2.0032603244	-1.3430622613


8.0065822075	-1.9393229503	-1.2913117599


8.0389737580	-1.8750918246	-1.2393631010


8.0701492592	-1.8105754573	-1.1872248199


8.1001087861	-1.7457825710	-1.1349056038


8.1288531320	-1.6807222017	-1.0824142502


8.1563836792	-1.6154037733	-1.0297596191


8.1827022442	-1.5498371428	-0.9769505837


8.2078109083	-1.4840326207	-0.9239959831


8.2317118434	-1.4180009660	-0.8709045813


8.2544071419	-1.3517533617	-0.8176850337


8.2758986565	-1.2853013732	-0.7643458622


8.2961878548	-1.2186568922	-0.7108954402


8.3152756916	-1.1518320685	-0.6573419873


8.3331625039	-1.0848392328	-0.6036935722


8.3498479290	-1.0176908084	-0.5499581243


8.3653308508	-0.9503992168	-0.4961434526


8.3796093764	-0.8829767740	-0.4422572705


8.3926808481	-0.8154355823	-0.3883072261


8.4045418950	-0.7477874176	-0.3343009355


8.4151885282	-0.6800436175	-0.2802460170


8.4246162831	-0.6122149766	-0.2261501250


8.4328204101	-0.5443116554	-0.1720209798


8.4397961095	-0.4763431163	-0.1178663898


8.4455388029	-0.4083180952	-0.0636942645


8.4500444243	-0.3402446225	-0.0095126140


8.4533097075	-0.2721301006	0.0446704650


8.4553324429	-0.2039814411	0.0988468174


8.4561116698	-0.1358052552	0.1530082687


8.4556477792	-0.0676080854	0.2071466711


8.4539425060	0.0006033477	0.2612539485


8.4509988058	0.0688219071	0.3153221347


8.4468206270	0.1370398395	0.3693433984


8.4414126018	0.2052486330	0.4233100492


8.4347796901	0.2734389475	0.4772145257


8.4269268141	0.3416006167	0.5310493643


8.4178585179	0.4097227187	0.5848071550


8.4075786812	0.4777936984	0.6384804883


8.3960903047	0.5458015274	0.6920618996


8.3833953803	0.6137338839	0.7455438170


8.3694948465	0.6815783374	0.7989185180


8.3543886265	0.7493225253	0.8521780987


8.3380757399	0.8169543110	0.9053144583


8.3205544753	0.8844619148	0.9583193010


8.3018226071	0.9518340127	1.0111841539


8.2818776386	1.0190597968	1.0639004007


8.2607170514	1.0861289984	1.1164593264


8.2383385422	1.1530318728	1.1688521701


8.2147402308	1.2197591497	1.2210701801


8.1899208265	1.2863019560	1.2731046670


8.1638797458	1.3526517163	1.3249470498


8.1366171777	1.4188000419	1.3765888924


8.1081341008	1.4847386127	1.4280219272


8.0784322547	1.5504590619	1.4792380656


8.0475140761	1.6159528668	1.5302293947


8.0153826064	1.6812112509	1.5809881618


7.9820413791	1.7462250989	1.6315067464


7.9474942954	1.8109848865	1.6817776232


7.9117454938	1.8754806256	1.7317933166


7.8747992185	1.9397018240	1.7815463481


7.8366596916	2.0036374603	1.8310291795


7.7973309912	2.0672759743	1.8802341517


7.7568169377	2.1306052717	1.9291534225


7.7151209914	2.1936127450	1.9777789037


7.6722461618	2.2562853111	2.0261022003


7.6281949324	2.3186094677	2.0741145539


7.5829692028	2.3805713682	2.1218067946


7.5365702522	2.4421569195	2.1691693029


7.4889987289	2.5033519000	2.2161919897


7.4402546701	2.5641420996	2.2628642966


7.3903375595	2.6245134771	2.3091752250


7.3392464264	2.6844523281	2.3551133978


7.2869799907	2.7439454542	2.4006671585


7.2335368542	2.8029803155	2.4458247076


7.1789157333	2.8615451492	2.4905742728


7.1231157208	2.9196290318	2.5349043021


7.0661365569	2.9772218662	2.5788036607


7.0079788828	3.0343142801	2.6222618100


6.9486444445	3.0908974363	2.6652689398


6.8881362195	3.1469627655	2.7078160309


6.8264584428	3.2025016512	2.7498948307


6.7636165255	3.2575051023	2.7914977389


6.6996168721	3.3119634550	2.8326176137


6.6344666207	3.3658661357	2.8732475210


6.5681733378	3.4192015114	2.9133804571


6.5007447040	3.4719568350	2.9530090778


6.4321882246	3.5241182813	2.9921254611


6.3625109917	3.5756710616	3.0307209254


6.2917195144	3.6265995958	3.0687859152


6.2198196255	3.6768877213	3.1063099580


6.1468164627	3.7265189171	3.1432816897


6.0727145164	3.7754765245	3.1796889386


5.9975177324	3.8237439489	3.2155188564


5.9212296541	3.8713048303	3.2507580807


5.8438535878	3.9181431744	3.2853929144


5.7653927782	3.9642434413	3.3194095063


5.6858505797	4.0095905897	3.3527940229


5.6052306150	4.0541700808	3.3855327979


5.5235369138	4.0979678464	3.4176124573


5.4407740285	4.1409702272	3.4490200117


5.3569471249	4.1831638898	3.4797429184


5.2720620497	4.2245357271	3.5097691112


5.1861253752	4.2650727508	3.5390870019


5.0991444258	4.3047619800	3.5676854557


5.0111272882	4.3435903307	3.5955537448


4.9220828086	4.3815445099	3.6226814823


4.8320205801	4.4186109169	3.6490585411


4.7409509215	4.4547755525	3.6746749609


4.6488848512	4.4900239397	3.6995208439


4.5558340554	4.5243410544	3.7235862441


4.4618108530	4.5577112682	3.7468610506


4.3668281562	4.5901183042	3.7693348666


4.2708994270	4.6215452061	3.7909968867


4.1740386292	4.6519743226	3.8118357750


4.0762601741	4.6813873072	3.8318395450


3.9775788583	4.7097651376	3.8509954471


3.8780097938	4.7370881548	3.8692898669


3.7775683273	4.7633361259	3.8867082417


3.6762699495	4.7884883317	3.9032350042


3.5741301961	4.8125236815	3.9188535622


3.4711645418	4.8354208560	3.9335463289


3.3673882968	4.8571584739	3.9472948160


3.2628165139	4.8777152793	3.9600798014


3.1574639230	4.8970703362	3.9718815825


3.0513449136	4.9152032164	3.9826803122


2.9444735843	4.9320941585	3.9924564079


2.8368638819	4.9477241734	4.0011910019


2.7285298397	4.9620750745	4.0088663865


2.6194859112	4.9751294162	4.0154663893


2.5097473761	4.9868703384	4.0209766156


2.3993307738	4.9972813309	4.0253845004


2.2882543070	5.0063459471	4.0286791447


2.1765381582	5.0140475080	4.0308509486


2.0642046750	5.0203688372	4.0318910910


1.9512784045	5.0252920594	4.0317909325


1.8377859871	5.0287984810	4.0305414253


1.7237559382	5.0308685551	4.0281326051


1.6092183624	5.0314819212	4.0245532104


1.4942046441	5.0306175014	4.0197904556


1.3787471491	5.0282536336	4.0138299519


1.2628789657	5.0243682214	4.0066557585


1.1466336979	5.0189388868	3.9982505350


1.0300453153	5.0119431136	3.9885957662


0.9131480595	5.0033583751	3.9776720294


0.7959764003	4.9931622431	3.9654592821


0.6785650347	4.9813324773	3.9519371521


0.5609489215	4.9678470963	3.9370852163


0.4431633439	4.9526844339	3.9208832618


0.3252439931	4.9358231833	3.9033115217


0.2072270699	4.9172424323	3.8843508861


0.0891493968	4.8969216944	3.8639830852


-0.0289514607	4.8748409384	3.8421908471


-0.1470370673	4.8509806193	3.8189580300


-0.2650679888	4.8253217132	3.7942697316


-0.3830036607	4.7978457591	3.7681123761


-0.5008022582	4.7685349078	3.7404737807


-0.6184205681	4.7373719800	3.7113432029


-0.7358138633	4.7043405344	3.6807113689


-0.8529357820	4.6694249447	3.6485704832


-0.9697382109	4.6326104859	3.6149142194


-1.0861711754	4.5938834294	3.5797376919


-1.2021827353	4.5532311436	3.5430374060


-1.3177188878	4.5106421981	3.5048111855


-1.4327234784	4.4661064697	3.4650580757


-1.5471381198	4.4196152431	3.4237782187


-1.6609021203	4.3711613035	3.3809726984


-1.7739524217	4.3207390128	3.3366433531


-1.8862235502	4.2683443629	3.2907925535


-1.9976475815	4.2139749951	3.2434229444


-2.1081541256	4.1576301763	3.1945371532


-2.2176703379	4.0993107190	3.1441374708


-2.3261209673	4.0390188333	3.0922255146


-2.4334284572	3.9767578987	3.0388018987


-2.5395131193	3.9125321487	2.9838659419


-2.6442934061	3.8463462692	2.9274154693


-2.7476863117	3.7782049265	2.8694467761


-2.8496079253	3.7081122702	2.8099548458


-2.9499741493	3.6360714872	2.7489339190


-3.0487015591	3.5620845310	2.6863784915


-3.1457083387	3.4861521792	2.6222847599


-3.2409151628	3.4082745752	2.5566524206


-3.3342458582	3.3284523436	2.4894865847


-3.4256276767	3.2466882354	2.4207994435


-3.5149910808	3.1629890767	2.3506112940


-3.6022690652	3.0773676535	2.2789506479


-3.6873961630	2.9898441421	2.2058533948


-3.7703073552	2.9004468161	2.1313612449


-3.8509370938	2.8092119739	2.0555198411


-3.9292185746	2.7161832243	1.9783769320


-4.0050833062	2.6214103799	1.8999808887


-4.0784609526	2.5249482132	1.8203796944


-4.1492793920	2.4268552701	1.7396204034


-4.2174649290	2.3271928566	1.6577489954


-4.2829426055	2.2260242420	1.5748105170


-4.3456365758	2.1234140753	1.4908494102


-4.4054705206	2.0194279853	1.4059099449


-4.4623680888	1.9141323280	1.3200366930


-4.5162533619	1.8075940419	1.2332750021


-4.5670513395	1.6998805794	1.1456714404


-4.6146884455	1.5910598879	1.0572741960


-4.6590930565	1.4812004199	0.9681334164


-4.7001960514	1.3703711591	0.8783014840


-4.7379313805	1.2586416490	0.7878332188


-4.7722366500	1.1460820203	0.6967860076


-4.8030537172	1.0327630104	0.6052198533


-4.8303292874	0.9187559735	0.5131973455


-4.8540155027	0.8041328812	0.4207835485


-4.8740705098	0.6889663129	0.3280458092


-4.8904589928	0.5733294391	0.2350534864


-4.9031526532	0.4572959993	0.1418776066


-4.9121306220	0.3409402785	0.0485904536


-4.9173797830	0.2243370864	-0.0447348951


-4.9188949920	0.1075617434	-0.1380250730


-4.9166791738	-0.0093099221	-0.2312069501


-4.9107432844	-0.1262015602	-0.3242081591


-4.9011061266	-0.2430362662	-0.4169575961


-4.8877940132	-0.3597365253	-0.5093858724


-4.8708402782	-0.4762241329	-0.6014256867


-4.8502846398	-0.5924200929	-0.6930120948


-4.8261724294	-0.7082444970	-0.7840826485


-4.7985537048	-0.8236163956	-0.8745773862


-4.7674822760	-0.9384536734	-0.9644386590


-4.7330146771	-1.0526729529	-1.0536107860


-4.6952091261	-1.1661895580	-1.1420395455


-4.6541245196	-1.2789175788	-1.2296715192


-4.6098195166	-1.3907700941	-1.3164533314


-4.5623517693	-1.5016596104	-1.4023308438


-4.5117773616	-1.6114987823	-1.4872483992


-4.4581505154	-1.7202014617	-1.5711482354


-4.4015236222	-1.8276840819	-1.6539702184


-4.3419476350	-1.9338673207	-1.7356520459


-4.2794728276	-2.0386778854	-1.8161300440


-4.2141498756	-2.1420501724	-1.8953405923


-4.1460311445	-2.2439274911	-1.9732220747


-4.0751720147	-2.3442625683	-2.0497170984


-4.0016320332	-2.4430171754	-2.1247746039


-3.9254757070	-2.5401609210	-2.1983514740


-3.8467728206	-2.6356694562	-2.2704133625


-3.7655982694	-2.7295224528	-2.3409346540


-3.6820314898	-2.8217017134	-2.4098976699


-3.5961556303	-2.9121896692	-2.4772913667


-3.5080566131	-3.0009683771	-2.5431098113


-3.4178222108	-3.0880190048	-2.6073506736


-3.3255412184	-3.1733217140	-2.6700138986


-3.2313027587	-3.2568558236	-2.7311006372


-3.1351957276	-3.3386001407	-2.7906124500


-3.0373083649	-3.4185333690	-2.8485507612


-2.9377279294	-3.4966345316	-2.9049165196


-2.8365404537	-3.5728833687	-2.9597100217


-2.7338305560	-3.6472606881	-3.0129308535


-2.6296812941	-3.7197486593	-3.0645779172


-2.5241740445	-3.7903310503	-3.1146495144


-2.4173884002	-3.8589934091	-3.1631434678


-2.3094020801	-3.9257231959	-3.2100572669


-2.2002908455	-3.9905098711	-3.2553882285


-2.0901284248	-4.0533449459	-3.2991336679


-1.9789864442	-4.1142220015	-3.3412910758


-1.8669343671	-4.1731366811	-3.3818583016


-1.7540394450	-4.2300866609	-3.4208337414


-1.6403666812	-4.2850716035	-3.4582165300


-1.5259788137	-4.3380930974	-3.4940067370


-1.4109363189	-4.3891545862	-3.5282055656


-1.2952974420	-4.4382612900	-3.5608155499


-1.1791182577	-4.4854201213	-3.5918407461


-1.0624527639	-4.5306395969	-3.6212869112


-0.9453530120	-4.5739297479	-3.6491616583


-0.8278692715	-4.6153020276	-3.6754745775


-0.7100502282	-4.6547692174	-3.7002373089


-0.5919432080	-4.6923453322	-3.7234635537


-0.4735944174	-4.7280455224	-3.7451690136


-0.3550491866	-4.7618859734	-3.7653712493


-0.2363521992	-4.7938838023	-3.7840894573


-0.1175476942	-4.8240569501	-3.8013441725


0.0013203774	-4.8524240709	-3.8171569082


0.1202082493	-4.8790044187	-3.8315497568


0.2390722983	-4.9038177320	-3.8445449737


0.3578690643	-4.9268841191	-3.8561645718


0.4765553270	-4.9482239436	-3.8664299484


0.5950882320	-4.9678577128	-3.8753615661


0.7134254574	-4.9858059684	-3.8829786988


0.8315254067	-5.0020891817	-3.8892992548


0.9493474211	-5.0167276531	-3.8943396782


1.0668519989	-5.0297414173	-3.8981149319


1.1840010122	-5.0411501571	-3.9006385595


1.3007579129	-5.0509731273	-3.9019228232


1.4170879175	-5.0592290944	-3.9019789117


1.5329581616	-5.0659362955	-3.9008172113


1.6483378140	-5.0711124224	-3.8984476295


1.7631981411	-5.0747746376	-3.8948799563


1.8775125131	-5.0769396238	-3.8901242449


1.9912563474	-5.0776236728	-3.8841911892


2.1044069851	-5.0768428097	-3.8770924734


2.2169435074	-5.0746129497	-3.8688410653


2.3288464976	-5.0709500766	-3.8594514305


2.4400977654	-5.0658704306	-3.8489396475


2.5506800516	-5.0593906883	-3.8373234121


2.6605767332	-5.0515281184	-3.8246219309


2.7697715503	-5.0423006975	-3.8108557139


2.8782483704	-5.0317271737	-3.7960462852


2.9859910029	-5.0198270724	-3.7802158378


3.0929830698	-5.0066206433	-3.7633868626


3.1992079313	-4.9921287534	-3.7455817788


3.3046486641	-4.9763727359	-3.7268225916


3.4092880823	-4.9593742077	-3.7071305955


3.5131087935	-4.9411548678	-3.6865261366


3.6160932804	-4.9217362913	-3.6650284400


3.7182239999	-4.9011397298	-3.6426555045


3.8194834940	-4.8793859298	-3.6194240630


3.9198545081	-4.8564949761	-3.5953496030


4.0193201123	-4.8324861687	-3.5704464422


4.1178638256	-4.8073779376	-3.5447278524


4.2154697393	-4.7811877992	-3.5182062236


4.3121226377	-4.7539323581	-3.4908932605


4.4078081126	-4.7256273545	-3.4628002015


4.5025126665	-4.6962877564	-3.4339380488


4.5962237978	-4.6659278929	-3.4043177965


4.6889300625	-4.6345616212	-3.3739506437


4.7806211031	-4.6022025163	-3.3428481758


4.8712876425	-4.5688640714	-3.3110225031


4.9609214379	-4.5345598924	-3.2784863462


5.0495151966	-4.4993038715	-3.2452530625


5.1370624592	-4.4631103290	-3.2113366155


5.2235574551	-4.4259941116	-3.1767514926


5.3089949430	-4.3879706449	-3.1415125819


5.3933700429	-4.3490559395	-3.1056350214


5.4766780710	-4.3092665550	-3.0691340338


5.5589143839	-4.2686195284	-3.0320247593


5.6400742375	-4.2271322747	-2.9943220971


5.7201526646	-4.1848224683	-2.9560405621


5.7991443744	-4.1417079103	-2.9171941640


5.8770436736	-4.0978063894	-2.8777963094


5.9538444120	-4.0531355403	-2.8378597305


6.0295399526	-4.0077127024	-2.7973964403


6.1041231681	-3.9615547830	-2.7564177150


6.1775864649	-3.9146781274	-2.7149341037


6.2499218384	-3.8670983984	-2.6729554659


6.3211209592	-3.8188304716	-2.6304910376


6.3911752945	-3.7698883499	-2.5875495256


6.4600762625	-3.7202851055	-2.5441392289


6.5278154187	-3.6700328581	-2.5002681854


6.5943846690	-3.6191427967	-2.4559443393


6.6597764974	-3.5676252550	-2.4111757196


6.7239841946	-3.5154898434	-2.3659706204


6.7870020676	-3.4627456395	-2.3203377671


6.8488256068	-3.4094014286	-2.2742864527


6.9094515899	-3.3554659790	-2.2278266275


6.9688781037	-3.3009483278	-2.1809689318


7.0271044733	-3.2458580498	-2.1337246629


7.0841311018	-3.1902054777	-2.0861056794


7.1399592304	-3.1340018507	-2.0381242541


7.1945906437	-3.0772593743	-1.9897928914


7.2480273480	-3.0199911888	-1.9411241302


7.3002712507	-2.9622112538	-1.8921303550


7.3513238712	-2.9039341665	-1.8428236305


7.4011860996	-2.8451749356	-1.7932155741


7.4498580217	-2.7859487361	-1.7433172721


7.4973388128	-2.7262706653	-1.6931392402


7.5436267061	-2.6661555191	-1.6426914259


7.5887190293	-2.6056176010	-1.5919832474


7.6326123055	-2.5446705741	-1.5410236601


7.6753024086	-2.4833273603	-1.4898212437


7.7167847621	-2.4216000904	-1.4383843014


7.7570545674	-2.3595001031	-1.3867209623


7.7961070455	-2.2970379918	-1.3348392801


7.8339376746	-2.2342236918	-1.2827473204


7.8705424062	-2.1710666007	-1.2304532315


7.9059178439	-2.1075757211	-1.1779652949


7.9400613735	-2.0437598156	-1.1252919536


7.9729712383	-1.9796275604	-1.0724418197


8.0046465557	-1.9151876899	-1.0194236618


8.0350872826	-1.8504491224	-0.9662463792


8.0642941331	-1.7854210623	-0.9129189642


8.0922684618	-1.7201130769	-0.8594504602


8.1190121207	-1.6545351460	-0.8058499176


8.1445273007	-1.5886976870	-0.7521263532


8.1688163675	-1.5226115585	-0.6982887137


8.1918816973	-1.4562880437	-0.6443458469


8.2137255196	-1.3897388183	-0.5903064805


8.2343497712	-1.3229759049	-0.5361792095


8.2537559633	-1.2560116160	-0.4819724921


8.2719450670	-1.1888584864	-0.4276946527


8.2889174176	-1.1215291967	-0.3733538937


8.3046726407	-1.0540364881	-0.3189583128


8.3192096061	-0.9863930683	-0.2645159262


8.3325264094	-0.9186115092	-0.2100346961


8.3446203905	-0.8507041385	-0.1555225617


8.3554881908	-0.7826829263	-0.1009874704


8.3651258576	-0.7145593717	-0.0464374084


8.3735289964	-0.6463443963	0.0081195729


8.3806929750	-0.5780482543	0.0626753376


8.3866131751	-0.5096804701	0.1172216558


8.3912852803	-0.4412498171	0.1717502084


8.3947055831	-0.3727643514	0.2262526050


8.3968712838	-0.3042315075	0.2807204179


8.3977807476	-0.2356582597	0.3351452283


8.3974336856	-0.1670513404	0.3895186784


8.3958312285	-0.0984174969	0.4438325250


8.3929758758	-0.0297637595	0.4980786821


8.3888713176	0.0389023127	0.5522492481


8.3835221471	0.1075724362	0.6063365094


8.3769334976	0.1762374818	0.6603329205


8.3691106450	0.2448874368	0.7142310607


8.3600586202	0.3135114486	0.7680235746


8.3497818701	0.3820979373	0.8217031019


8.3382839938	0.4506347585	0.8752622071


8.3255675724	0.5191093955	0.9286933144


8.3116340953	0.5875091614	0.9819886558


8.2964839821	0.6558213937	1.0351402369


8.2801166871	0.7240336281	1.0881398219


8.2625308709	0.7921337431	1.1409789398


8.2437246197	0.8601100663	1.1936489098


8.2236956913	0.9279514419	1.2461408829


8.2024417671	0.9956472572	1.2984458959


8.1799606895	1.0631874318	1.3505549325


8.1562506715	1.1305623720	1.4024589856


8.1313104653	1.1977628997	1.4541491171


8.1051394843	1.2647801596	1.5056165093


8.0777378778	1.3316055156	1.5568525061


8.0491065590	1.3982304403	1.6078486408


8.0192471922	1.4646464059	1.6585966508


7.9881621457	1.5308447803	1.7090884783


7.9558544180	1.5968167308	1.7593162579


7.9223275428	1.6625531405	1.8092722930


7.8875854823	1.7280445350	1.8589490212


7.8516325105	1.7932810231	1.9083389709


7.8144730946	1.8582522500	1.9574347110


7.7761117761	1.9229473633	2.0062287942


7.7365530543	1.9873549926	2.0547136959


7.6958012756	2.0514632415	2.1028817499


7.6538605295	2.1152596943	2.1507250818


7.6107345529	2.1787314377	2.1982355438


7.5664266459	2.2418650988	2.2454046501


7.5209395994	2.3046469026	2.2922235183


7.4742756400	2.3670627486	2.3386828194


7.4264363943	2.4290983114	2.3847727402


7.3774228792	2.4907391636	2.4304829655


7.3272355226	2.5519709209	2.4758026850


7.2758742232	2.6127794068	2.5207206322


7.2233384533	2.6731508271	2.5652251622


7.1696274103	2.7330719432	2.6093043715


7.1147402169	2.7925302251	2.6529462607


7.0586761643	2.8515139618	2.6961389326


7.0014349832	2.9100123058	2.7388708110


6.9430171201	2.9680152306	2.7811308578


6.8834239880	3.0255133895	2.8229087565


6.8226581553	3.0824978804	2.8641950314


6.7607234436	3.1389599369	2.9049810768


6.6976249144	3.1948905824	2.9452590808


6.6333687406	3.2502802924	2.9850218492


6.5679619803	3.3051187098	3.0242625497


6.5014122830	3.3593944454	3.0629744106


6.4337275688	3.4130949829	3.1011504129


6.3649157192	3.4662066871	3.1387830137


6.2949843137	3.5187149032	3.1758639271


6.2239404339	3.5706041234	3.2123839810


6.1517905452	3.6218581966	3.2483330538


6.0785404569	3.6724605559	3.2837000869


6.0041953504	3.7223944426	3.3184731632


5.9287598637	3.7716431098	3.3526396340


5.8522382162	3.8201899955	3.3861862802


5.7746343571	3.8680188552	3.4190994910


5.6959521243	3.9151138549	3.4513654443


5.6161954011	3.9614596214	3.4829702791


5.5353682643	4.0070412565	3.5139002492


5.4534751144	4.0518443166	3.5441418533


5.3705207886	4.0958547664	3.5736819372


5.2865106527	4.1390589103	3.6025077677


5.2014506733	4.1814433097	3.6306070778


5.1153474719	4.2229946889	3.6579680847


5.0282083630	4.2636998375	3.6845794843


4.9400413773	4.3035455095	3.7104304229


4.8508552748	4.3425183256	3.7355104499


4.7606595465	4.3806046786	3.7598094542


4.6694644100	4.4177906448	3.7833175863


4.5772807979	4.4540619032	3.8060251689


4.4841203414	4.4894036622	3.8279225966


4.3899953494	4.5238005960	3.8490002282


4.2949187826	4.5572367911	3.8692482709


4.1989042233	4.5896957039	3.8886566602


4.1019658395	4.6211601299	3.9072149353


4.0041183419	4.6516121880	3.9249121131


3.9053769332	4.6810333199	3.9417365634


3.8057572463	4.7094043075	3.9576758899


3.7052752718	4.7367053122	3.9727168212


3.6039472707	4.7629159372	3.9868451215


3.5017896748	4.7880153180	4.0000455297


3.3988189730	4.8119822404	4.0123017398


3.2950515907	4.8347952893	4.0235964382


3.1905037688	4.8564330230	4.0339114135


3.0851914560	4.8768741676	4.0432277534


2.9791302366	4.8960978176	4.0515261369


2.8723353147	4.9140836235	4.0587872199


2.7648215845	4.9308119415	4.0649920940


2.6566038063	4.9462639192	4.0701227761


2.5476968963	4.9604214929	4.0741626667


2.4381163184	4.9732672863	4.0770969014


2.3278785380	4.9847844147	4.0789125230


2.2170014793	4.9949562206	4.0795984282


2.1055049168	5.0037659788	4.0791450825


1.9934107438	5.0111966169	4.0775440434


1.8807430840	5.0172304888	4.0747873697


1.7675282454	5.0218492265	4.0708670082


1.6537945434	5.0250336755	4.0657742424


1.5395720376	5.0267639076	4.0594992623


1.4248922293	5.0270192925	4.0520308834


1.3097877607	5.0257786085	4.0433564177


1.1942921453	5.0230201734	4.0334616766


1.0784395454	5.0187219791	4.0223310797


0.9622646033	5.0128618208	4.0099478389


0.8458023259	5.0054174130	3.9962941899


0.7290880166	4.9963664898	3.9813516499


0.6121572497	4.9856868891	3.9651012829


0.4950458775	4.9733566212	3.9475239613


0.3777900673	4.9593539257	3.9286006163


0.2604263585	4.9436573174	3.9083124711


0.1429917388	4.9262456261	3.8866412550


0.0255237331	4.9070980329	3.8635693978


-0.0919394971	4.8861941049	3.8390802036


-0.2093590461	4.8635138330	3.8131580043


-0.3266951506	4.8390376734	3.7857882949


-0.4439070726	4.8127465954	3.7569578496


-0.5609529793	4.7846221375	3.7266548196


-0.6777898218	4.7546464728	3.6948688140


-0.7943732140	4.7228024835	3.6615909613


-0.9106573118	4.6890738468	3.6268139539


-1.0265946945	4.6534451298	3.5905320712


-1.1421362492	4.6159018934	3.5527411826


-1.2572310579	4.5764308040	3.5134387271


-1.3718262898	4.5350197491	3.4726236662


-1.4858670974	4.4916579553	3.4302964089


-1.5992965187	4.4463361021	3.3864587040


-1.7120553859	4.3990464278	3.3411134967


-1.8240822402	4.3497828187	3.2942647456


-1.9353132558	4.2985408741	3.2459171990


-2.0456821754	4.2453179367	3.1960761253


-2.1551202597	4.1901130764	3.1447470027


-2.2635562595	4.1329270149	3.0919351683


-2.3709164189	4.0737619763	3.0376454409


-2.4771245271	4.0126214534	2.9818817355


-2.5821020377	3.9495098773	2.9246467030


-2.6857682871	3.8844321925	2.8659414472


-2.7880408428	3.8173933490	2.8057653878


-2.8888360153	3.7483977543	2.7441163630


-2.9880695564	3.6774487581	2.6809910713


-3.0856575353	3.6045482912	2.6163859439


-3.1815173383	3.5296968125	2.5502984821


-3.2755686754	3.4528937289	2.4827289972


-3.3677344234	3.3741383981	2.4136825442


-3.4579411160	3.2934317004	2.3431707100


-3.5461189485	3.2107779885	2.2712128619


-3.6322012708	3.1261870680	2.1978365499


-3.7161236817	3.0396758126	2.1230769668


-3.7978229307	2.9512691090	2.0469756288


-3.8772358510	2.8610000229	1.9695786200


-3.9542984911	2.7689092789	1.8909347863


-4.0289455269	2.6750442757	1.8110941808


-4.1011099586	2.5794578904	1.7301069265


-4.1707230468	2.4822072799	1.6480225281


-4.2377144305	2.3833528156	1.5648895824


-4.3020123683	2.2829572140	1.4807557950


-4.3635440610	2.1810848741	1.3956682080


-4.4222360269	2.0778014026	1.3096735536


-4.4780145115	1.9731732942	1.2228186724


-4.5308059254	1.8672677287	1.1351509472


-4.5805373039	1.7601524555	1.0467187236


-4.6271367910	1.6518957348	0.9575716953


-4.6705341455	1.5425663167	0.8677612412


-4.7106612721	1.4322334401	0.7773407046


-4.7474527744	1.3209668408	0.6863656088


-4.7808465295	1.2088367612	0.5948938026


-4.8107842796	1.0959139553	0.5029855332


-4.8372122335	0.9822696876	0.4107034414


-4.8600816705	0.8679757241	0.3181124785


-4.8793495333	0.7531043166	0.2252797413


-4.8949789980	0.6377281823	0.1322742286


-4.9069400020	0.5219204815	0.0391665200


-4.9152097142	0.4057547977	-0.0539716161


-4.9197729239	0.2893051236	-0.1470676753


-4.9206223310	0.1726458593	-0.2400489171


-4.9177587151	0.0558518265	-0.3328428946


-4.9111909654	-0.0610016967	-0.4253779905


-4.9009359576	-0.1778389166	-0.5175839342


-4.8870182657	-0.2945834391	-0.6093922700


-4.8694697076	-0.4111581592	-0.7007367476


-4.8483287259	-0.5274851267	-0.7915536029


-4.8236396203	-0.6434853978	-0.8817817026


-4.7954516525	-0.7590788808	-0.9713625311


-4.7638180571	-0.8741841948	-1.0602400028


-4.7287949998	-0.9887185647	-1.1483600983


-4.6904405316	-1.1025977837	-1.2356703314


-4.6488135912	-1.2157362825	-1.3221190744


-4.6039731130	-1.3280473534	-1.4076547824


-4.5559772926	-1.4394435791	-1.4922251843


-4.5048830620	-1.5498375178	-1.5757765266


-4.4507458162	-1.6591426793	-1.6582529824


-4.3936194247	-1.7672747951	-1.7395963543


-4.3335565416	-1.8741533332	-1.8197462012


-4.2706092076	-1.9797031340	-1.8986404944


-4.2048296996	-2.0838559722	-1.9762168416


-4.1362715458	-2.1865517934	-2.0524142125


-4.0649905858	-2.2877393843	-2.1271749740


-3.9910459330	-2.3873763124	-2.2004469343


-3.9145007026	-2.4854281183	-2.2721850620


-3.8354224100	-2.5818669066	-2.3423525952


-3.7538830054	-2.6766696005	-2.4109213971


-3.6699585784	-2.7698161656	-2.4778715773


-3.5837288144	-2.8612880597	-2.5431905362


-3.4952763056	-2.9510670631	-2.6068716620


-3.4046858148	-3.0391345409	-2.6689129082


-3.3120435656	-3.1254710972	-2.7293154332


-3.2174366054	-3.2100565431	-2.7880824166


-3.1209522623	-3.2928700784	-2.8452181055


-3.0226776958	-3.3738906016	-2.9007270955


-2.9226995341	-3.4530970775	-2.9546138268


-2.8211035819	-3.5304689123	-3.0068822596


-2.7179745835	-3.6059863070	-3.0575356904


-2.6133960275	-3.6796305683	-3.1065766779


-2.5074499807	-3.7513843731	-3.1540070450


-2.4002169436	-3.8212319803	-3.1998279398


-2.2917757191	-3.8891593960	-3.2440399342


-2.1822032938	-3.9551544939	-3.2866431520


-2.0715747260	-4.0192070962	-3.3276374179


-1.9599630442	-4.0813090205	-3.3670224216


-1.8474391537	-4.1414540982	-3.4047978977


-1.7340717559	-4.1996381682	-3.4409638160


-1.6199272825	-4.2558590504	-3.4755205860


-1.5050698492	-4.3101165041	-3.5084692712


-1.3895612328	-4.3624121733	-3.5398118133


-1.2734608789	-4.4127495222	-3.5695512624


-1.1568259424	-4.4611337637	-3.5976920066


-1.0397113676	-4.5075717830	-3.6242399944


-0.9221700098	-4.5520720563	-3.6492029354


-0.8042527982	-4.5946445672	-3.6725904684


-0.6860089381	-4.6353007197	-3.6944142782


-0.5674861441	-4.6740532480	-3.7146881469


-0.4487308939	-4.7109161233	-3.7334279271


-0.3297886864	-4.7459044560	-3.7506514265


-0.2107042881	-4.7790343936	-3.7663782054


-0.0915219488	-4.8103230148	-3.7806292946


0.0277144256	-4.8397882191	-3.7934268479


0.1469611561	-4.8674486140	-3.8047937533


0.2661747324	-4.8933233998	-3.8147532267


0.3853118135	-4.9174322540	-3.8233284133


0.5043292814	-4.9397952162	-3.8305420185


0.6231843406	-4.9604325732	-3.8364159855


0.7418346524	-4.9793647469	-3.8409712299


0.8602384956	-4.9966121830	-3.8442274403


0.9783549444	-5.0121952428	-3.8462029451


1.0961440560	-5.0261340990	-3.8469146493


1.2135670609	-5.0384486351	-3.8463780372


1.3305865503	-5.0491583533	-3.8446072424


1.4471666550	-5.0582822927	-3.8416151808


1.5632732079	-5.0658389629	-3.8374137445


1.6788738850	-5.0718462983	-3.8320140531


1.7939383145	-5.0763216398	-3.8254267528


1.9084381474	-5.0792817495	-3.8176623567


2.0223470787	-5.0807428643	-3.8087316074


2.1356408137	-5.0807207914	-3.7986458458


2.2482969740	-5.0792310456	-3.7874173595


2.3602949414	-5.0762890247	-3.7750596864


2.4716156466	-5.0719102112	-3.7615878454


2.5822413115	-5.0661103875	-3.7470184719


2.6921551622	-5.0589058449	-3.7313698416


2.8013411313	-5.0503135657	-3.7146617782


2.9097835724	-5.0403513596	-3.6969154496


3.0174670035	-5.0290379391	-3.6781530715


3.1243758970	-5.0163929247	-3.6583975446


3.2304945248	-5.0024367787	-3.6376720575


3.3358068616	-4.9871906735	-3.6159996874


3.4402965447	-4.9706763062	-3.5934030293


3.5439468841	-4.9529156760	-3.5699038748


3.6467409131	-4.9339308411	-3.5455229594


3.7486614717	-4.9137436732	-3.5202797845


3.8496913144	-4.8923756253	-3.4941925181


3.9498132334	-4.8698475259	-3.4672779713


4.0490101948	-4.8461794103	-3.4395516450


4.1472654812	-4.8213903980	-3.4110278392


4.2445628382	-4.7954986205	-3.3817198143


4.3408866200	-4.7685212048	-3.3516399946


4.4362219304	-4.7404743114	-3.3208002012


4.5305547511	-4.7113732270	-3.2892119001


4.6238720517	-4.6812325036	-3.2568864495


4.7161618728	-4.6500661374	-3.2238353318


4.8074133743	-4.6178877720	-3.1900703520


4.8976168446	-4.5847109128	-3.1556037916


4.9867636683	-4.5505491339	-3.1204485074


5.0748462529	-4.5154162646	-3.0846179709


5.1618579207	-4.4793265401	-3.0481262507


5.2477927732	-4.4422947112	-3.0109879449


5.3326455360	-4.4043361066	-2.9732180736


5.4164113963	-4.3654666504	-2.9348319433


5.4990858381	-4.3257028393	-2.8958449976


5.5806644850	-4.2850616838	-2.8562726636


5.6611429538	-4.2435606233	-2.8161302038


5.7405167233	-4.2012174206	-2.7754325813


5.8187810209	-4.1580500421	-2.7341943408


5.8959307273	-4.1140765299	-2.6924295106


5.9719603015	-4.0693148692	-2.6501515256


6.0468637272	-4.0237828538	-2.6073731722


6.1206344811	-3.9774979527	-2.5641065564


6.1932655268	-3.9304771794	-2.5203630944


6.2647493354	-3.8827369666	-2.4761535267


6.3350779376	-3.8342930490	-2.4314879572


6.4042430093	-3.7851603587	-2.3863759168


6.4722359943	-3.7353529397	-2.3408264529


6.5390482659	-3.6848838881	-2.2948482446


6.6046713251	-3.6337653293	-2.2484497413


6.6690970310	-3.5820084400	-2.2016393208


6.7323178522	-3.5296235276	-2.1544254586


6.7943271222	-3.4766201712	-2.1068168984


6.8551192755	-3.4230074267	-2.0588228071


6.9146900378	-3.3687940879	-2.0104529005


6.9730365421	-3.3139889856	-1.9617175207


7.0301573487	-3.2586012981	-1.9126276540


7.0860523561	-3.2026408379	-1.8631948844


7.1407226038	-3.1461182807	-1.8134312842


7.1941699850	-3.0890453090	-1.7633492558


7.2463968967	-3.0314346507	-1.7129613441


7.2974058646	-2.9733000147	-1.6622800414


7.3471991797	-2.9146559329	-1.6113176080


7.3957785809	-2.8555175344	-1.5600859255


7.4431450049	-2.7959002789	-1.5085963929


7.4892984211	-2.7358196796	-1.4568598706


7.5342377544	-2.6752910404	-1.4048866701


7.5779608962	-2.6143292259	-1.3526865838


7.6204647938	-2.5529484802	-1.3002689457


7.6617456082	-2.4911622996	-1.2476427148


7.7017989235	-2.4289833637	-1.1948165703


7.7406199926	-2.3664235226	-1.1417990098


7.7782039964	-2.3034938376	-1.0885984428


7.8145463003	-2.2402046642	-1.0352232714


7.8496426874	-2.1765657714	-0.9816819552


7.8834895528	-2.1125864833	-0.9279830557


7.9160840495	-2.0482758321	-0.8741352605


7.9474241784	-1.9836427114	-0.8201473890


7.9775088227	-1.9186960198	-0.7660283811


8.0063377294	-1.8534447882	-0.7117872739


8.0339114474	-1.7878982856	-0.6574331702


8.0602312272	-1.7220661010	-0.6029752028


8.0852988963	-1.6559582017	-0.5484224984


8.1091167151	-1.5895849685	-0.4937841440


8.1316872245	-1.5229572107	-0.4390691580


8.1530130898	-1.4560861630	-0.3842864673


8.1730969479	-1.3889834665	-0.3294448921


8.1919412600	-1.3216611371	-0.2745531374


8.2095481749	-1.2541315224	-0.2196197923


8.2259194041	-1.1864072476	-0.1646533364


8.2410561123	-1.1185011527	-0.1096621525


8.2549588243	-1.0504262195	-0.0546545461


8.2676273534	-0.9821954896	0.0003612316


8.2790607539	-0.9138219716	0.0553769554


8.2892573025	-0.8453185396	0.1103843959


8.2982145154	-0.7766978219	0.1653752891


8.3059292071	-0.7079720837	0.2203413074


8.3123975963	-0.6391531081	0.2752740354


8.3176154667	-0.5702520827	0.3301649534


8.3215783817	-0.5012795017	0.3850054337


8.3242819522	-0.4322450993	0.4397867503


8.3257221440	-0.3631578280	0.4945001074


8.3258956055	-0.2940258978	0.5491366849


8.3247999817	-0.2248568871	0.6036876986


8.3224341785	-0.1556579264	0.6581444705


8.3187985344	-0.0864359452	0.7124984975


8.3138948677	-0.0171979580	0.7667415092


8.3077263805	0.0520486446	0.8208655017


8.3002974240	0.1212958382	0.8748627417


8.2916131518	0.1905347739	0.9287257349


8.2816791048	0.2597556783	0.9824471643


8.2705007801	0.3289478491	1.0360198040


8.2580832343	0.3980997396	1.0894364222


8.2444307600	0.4671991127	1.1426896831


8.2295466623	0.5362332384	1.1957720606


8.2134331435	0.6051891106	1.2486757716


8.1960912957	0.6740536618	1.3013927340


8.1775211867	0.7428139561	1.3539145513


8.1577220206	0.8114573514	1.4062325245


8.1366923511	0.8799716215	1.4583376866


8.1144303240	0.9483450367	1.5102208557


8.0909339253	1.0165664023	1.5618727020


8.0662012190	1.0846250584	1.6132838200


8.0402305567	1.1525108468	1.6644448030


8.0130207511	1.2202140511	1.7153463123


7.9845712071	1.2877253156	1.7659791381


7.9548820088	1.3550355519	1.8163342486


7.9239539653	1.4221358384	1.8664028254


7.8917886184	1.4890173171	1.9161762853


7.8583882173	1.5556710943	1.9656462867


7.8237556678	1.6220881457	2.0148047229


7.7878944604	1.6882592301	2.0636437031


7.7508085830	1.7541748128	2.1121555214


7.7125024241	1.8198249981	2.1603326166


7.6729806689	1.8851994738	2.2081675226


7.6322481926	1.9502874657	2.2556528123


7.5903099532	2.0150777037	2.3027810350


7.5471708862	2.0795583989	2.3495446492


7.5028358018	2.1437172341	2.3959359518


7.4573092874	2.2075413667	2.4419470051


7.4105956164	2.2710174472	2.4875695638


7.3626986646	2.3341316547	2.5327950042


7.3136218384	2.3968697523	2.5776142585


7.2633680155	2.4592171645	2.6220177592


7.2119395055	2.5211590793	2.6659953984


7.1593380333	2.5826805768	2.7095365089


7.1055647542	2.6437667821	2.7526298757


7.0506203072	2.7044030406	2.7952637856


6.9945049140	2.7645751052	2.8374261229


6.9372185291	2.8242693204	2.8791045158


6.8787610433	2.8834727835	2.9202865329


6.8191325322	2.9421734543	2.9609599196


6.7583335361	3.0003601868	3.0011128536


6.6963653432	3.0580226610	3.0407341896


6.6332302413	3.1151512027	3.0798136520


6.5689317001	3.1717365038	3.1183419401


6.5034744506	3.2277692710	3.1563107152


6.4368644438	3.2832398526	3.1937124632


6.3691086932	3.3381378954	3.2305402466


6.3002150223	3.3924520796	3.2667873808


6.2301917575	3.4461699620	3.3024470835


6.1590474112	3.4992779355	3.3375121427


6.0867903929	3.5517612948	3.3719746449


6.0134287810	3.6036043855	3.4058257841


5.9389701677	3.6547908060	3.4390557632


5.8634215822	3.7053036341	3.4716537812


5.7867894839	3.7551256544	3.5036080956


5.7090798131	3.8042395675	3.5349061401


5.6302980849	3.8526281692	3.5655346808


5.5504495097	3.9002744925	3.5954799935


5.4695391269	3.9471619111	3.6247280457


5.3875719430	3.9932742045	3.6532646733


5.3045530633	4.0385955873	3.6810757424


5.2204878150	4.0831107079	3.7081472905


5.1353818559	4.1268046212	3.7344656435


5.0492412685	4.1696627400	3.7600175077


4.9620726404	4.2116707711	3.7847900351


4.8738831292	4.2528146385	3.8087708644


4.7846805158	4.2930804006	3.8319481384


4.6944732453	4.3324541621	3.8543104991


4.6032704593	4.3709219851	3.8758470641


4.5110820186	4.4084698008	3.8965473845


4.4179185197	4.4450833243	3.9164013872


4.3237913050	4.4807479730	3.9353993026


4.2287124679	4.5154487913	3.9535315804


4.1326948526	4.5491703808	3.9707887930


4.0357520497	4.5818968386	3.9871615287


3.9378983860	4.6136117032	4.0026402763


3.8391489085	4.6442979107	4.0172153007


3.7395193609	4.6739377613	4.0308765121


3.6390261508	4.7025128982	4.0436133309


3.5376863058	4.7300043027	4.0554145505


3.4355174148	4.7563923054	4.0662682027


3.3325375531	4.7816566195	4.0761614327


3.2287651882	4.8057763976	4.0850803915


3.1242190643	4.8287303176	4.0930101586


3.0189180680	4.8504966981	4.0999347104


2.9128810779	4.8710536462	4.1058369526


2.8061268096	4.8903792334	4.1106988373


2.6986736723	4.9084516936	4.1145015813


2.5905396633	4.9252496278	4.1172259987


2.4817423323	4.9407521945	4.1188529401


2.3722988491	4.9549392586	4.1193638136


2.2622262016	4.9677914718	4.1187411321


2.1515415310	4.9792902601	4.1169690062


2.0402625832	4.9894177132	4.1140334962


1.9284082231	4.9981563857	4.1099227439


1.8159989345	5.0054890408	4.1046268475


1.7030572296	5.0113983797	4.0981374925


1.5896079066	5.0158667985	4.0904474053


1.4756781318	5.0188762035	4.0815497239


1.3612973593	5.0204079016	4.0714373843


1.2464971258	5.0204425622	4.0601026022


1.1313107735	5.0189602416	4.0475364925


1.0157731456	5.0159404484	4.0337288421


0.8999202952	5.0113622361	4.0186680243


0.7837892287	5.0052043063	4.0023410302


0.6674176971	4.9974451112	3.9847335891


0.5508440362	4.9880629511	3.9658303490


0.4341070558	4.9770360614	3.9456150954


0.3172459699	4.9643426885	3.9240709899


0.2003003630	4.9499611558	3.9011808146


0.0833101866	4.9338699210	3.8769272162


-0.0336842208	4.9160476267	3.8512929414


-0.1506420932	4.8964731471	3.8242610622


-0.2675221817	4.8751256341	3.7958151886


-0.3842826853	4.8519845633	3.7659396680


-0.5008811725	4.8270297853	3.7346197713


-0.6172744936	4.8002415821	3.7018418648


-0.7334186868	4.7716007316	3.6675935693


-0.8492688790	4.7410885825	3.6318639039


-0.9647791830	4.7086871400	3.5946434159


-1.0799025910	4.6743791632	3.5559242946


-1.1945908670	4.6381482761	3.5157004672


-1.3087944378	4.5999790902	3.4739676758


-1.4224622838	4.5598573391	3.4307235319


-1.5355418303	4.5177700228	3.3859675448


-1.6479788393	4.4737055592	3.3397011212


-1.7597173031	4.4276539390	3.2919275310


-1.8706993384	4.3796068784	3.2426518344


-1.9808650820	4.3295579633	3.1918807651


-2.0901525868	4.2775027767	3.1396225659


-2.1984977197	4.2234389987	3.0858867714


-2.3058340598	4.1673664672	3.0306839344


-2.4120928004	4.1092871862	2.9740252971


-2.5172026574	4.0492052651	2.9159224073


-2.6210897929	3.9871267744	2.8563866909


-2.7236777652	3.9230595006	2.7954289968


-2.8248875271	3.8570125888	2.7330591429


-2.9246375025	3.7889960659	2.6692855110


-3.0228437810	3.7190202530	2.6041147546


-3.1194204787	3.6470950959	2.5375517067


-3.2142803151	3.5732294797	2.4695995917


-3.3073354392	3.4974306364	2.4002606458


-3.3984985007	3.4197038028	2.3295372157


-3.4876839005	3.3400523166	2.2574333336


-3.5748090736	3.2584783182	2.1839566328


-3.6597955909	3.1749841326	2.1091203266


-3.7425698527	3.0895742357	2.0329448643


-3.8230632087	3.0022575094	1.9554588866


-3.9012114756	2.9130493620	1.8766992507


-3.9769539751	2.8219732974	1.7967101438


-4.0502323208	2.7290616744	1.7155415386


-4.1209891994	2.6343556249	1.6332473687


-4.1891673369	2.5379042967	1.5498837853


-4.2547087479	2.4397636836	1.4655077434


-4.3175542884	2.3399953056	1.3801760267


-4.3776434744	2.2386649385	1.2939447035


-4.4349145141	2.1358415106	1.2068689444


-4.4893044927	2.0315962132	1.1190031040


-4.5407496665	1.9260018263	1.0304009765


-4.5891858282	1.8191322292	0.9411161481


-4.6345487251	1.7110620630	0.8512023896


-4.6767745119	1.6018665037	0.7607140501


-4.7158002347	1.4916211147	0.6697064240


-4.7515643390	1.3804017504	0.5782360740


-4.7840072014	1.2682844902	0.4863610997


-4.8130716824	1.1553455869	0.3941413416


-4.8387036988	1.0416614192	0.3016385168


-4.8608528112	0.9273084419	0.2089162806


-4.8794728228	0.8123631288	0.1160402119


-4.8945223808	0.6969019094	0.0230777173


-4.9059655711	0.5810010984	-0.0699021447


-4.9137724938	0.4647368235	-0.1628289209


-4.9179198027	0.3481849546	-0.2556310989


-4.9183911930	0.2314210416	-0.3482365140


-4.9151778159	0.1145202667	-0.4405728198


-4.9082785981	-0.0024425797	-0.5325680053


-4.8977004474	-0.1193930939	-0.6241509415


-4.8834583203	-0.2362572181	-0.7152519324


-4.8655751388	-0.3529611580	-0.8058032416


-4.8440815408	-0.4694312587	-0.8957395625


-4.8190154614	-0.5855938397	-0.9849983996


-4.7904215496	-0.7013749961	-1.0735203266


-4.7583504332	-0.8167003754	-1.1612490954


-4.7228578615	-0.9314949484	-1.2481315734


-4.6840037586	-1.0456827955	-1.3341174993


-4.6418512353	-1.1591869347	-1.4191590614


-4.5964656088	-1.2719292247	-1.5032103149


-4.5479134810	-1.3838303761	-1.5862264731


-4.4962619243	-1.4948101105	-1.6681631221


-4.4415778119	-1.6047875020	-1.7489754214


-4.3839273223	-1.7136815321	-1.8286173704


-4.3233756331	-1.8214118786	-1.9070412268


-4.2599868054	-1.9278999333	-1.9841971726


-4.1938238525	-2.0330700134	-2.0600333183


-4.1249489735	-2.1368506872	-2.1344961186


-4.0534239240	-2.2391760907	-2.2075312339


-3.9793104888	-2.3399870729	-2.2790848091


-3.9026710111	-2.4392320025	-2.3491050663


-3.8235689286	-2.5368670928	-2.4175440299


-3.7420692631	-2.6328561780	-2.4843591578


-3.6582390155	-2.7271699643	-2.5495146489


-3.5721474293	-2.8197848794	-2.6129822548


-3.4838661043	-2.9106817041	-2.6747415122


-3.3934689614	-2.9998441868	-2.7347794242


-3.3010320775	-3.0872578099	-2.7930896958


-3.2066334189	-3.1729088172	-2.8496716825


-3.1103525108	-3.2567835468	-2.9045292103


-3.0122700713	-3.3388680572	-2.9576694041


-2.9124676392	-3.4191480000	-3.0091016206


-2.8110272119	-3.4976086781	-3.0588365377


-2.7080309057	-3.5742352256	-3.1068854239


-2.6035606430	-3.6490128579	-3.1532595795


-2.4976978677	-3.7219271476	-3.1979699358


-2.3905232863	-3.7929642986	-3.2410267859


-2.2821166324	-3.8621113986	-3.2824396223


-2.1725564510	-3.9293566379	-3.3222170605


-2.0619199003	-3.9946894922	-3.3603668277


-1.9502825673	-4.0581008651	-3.3968958042


-1.8377182973	-4.1195831957	-3.4318101048


-1.7242990364	-4.1791305302	-3.4651151940


-1.6100946869	-4.2367385660	-3.4968160304


-1.4951729791	-4.2924046690	-3.5269172376


-1.3795993607	-4.3461278712	-3.5554232986


-1.2634369082	-4.3979088509	-3.5823387754


-1.1467462662	-4.4477499016	-3.6076685477


-1.0295856187	-4.4956548916	-3.6314180709


-0.9120106988	-4.5416292178	-3.6535936443


-0.7940748427	-4.5856797574	-3.6742026816


-0.6758290905	-4.6278148165	-3.6932539702


-0.5573223362	-4.6680440791	-3.7107579031


-0.4386015236	-4.7063785538	-3.7267266644


-0.3197118806	-4.7428305195	-3.7411743519


-0.2006971805	-4.7774134657	-3.7541170184


-0.0816000148	-4.8101420285	-3.7655726241


0.0375379417	-4.8410319181	-3.7755608963


0.1566756902	-4.8700998386	-3.7841031050


0.2757727065	-4.8973633980	-3.7912217680


0.3947887898	-4.9228410104	-3.7969403075


0.5136839654	-4.9465517904	-3.8012826819


0.6324184416	-4.9685154417	-3.8042730156


0.7509526157	-4.9887521407	-3.8059352475


0.8692471215	-5.0072824181	-3.8062928123


0.9872629103	-5.0241270378	-3.8053683674


1.1049613574	-5.0393068760	-3.8031835687


1.2223043866	-5.0528428006	-3.7997589006


1.3392546083	-5.0647555513	-3.7951135599


1.4557754644	-5.0750656235	-3.7892653940


1.5718313796	-5.0837931561	-3.7822308927


1.6873879143	-5.0909578267	-3.7740252330


1.8024119161	-5.0965787579	-3.7646623791


1.9168716679	-5.1006744390	-3.7541552345


2.0307370264	-5.1032626698	-3.7425158484


2.1439795445	-5.1043605328	-3.7297556723


2.2565725714	-5.1039844014	-3.7158858613


2.3684913191	-5.1021499911	-3.7009176110


2.4797128862	-5.0988724598	-3.6848625135


2.5902162298	-5.0941665566	-3.6677329127


2.6999820785	-5.0880468205	-3.6495422309


2.8089927828	-5.0805278145	-3.6303052398


2.9172321080	-5.0716243835	-3.6100382459


3.0246849783	-5.0613519107	-3.5887591661


3.1313371876	-5.0497265489	-3.5664874818


3.2371751008	-5.0367653996	-3.5432440676


3.3421853648	-5.0224866178	-3.5190509099


3.4463546533	-5.0069094304	-3.4939307412


3.5496694592	-4.9900540622	-3.4679066236


3.6521159472	-4.9719415782	-3.4410015221


3.7536798683	-4.9525936561	-3.4132379025


3.8543465338	-4.9320323129	-3.3846373844


3.9541008431	-4.9102796083	-3.3552204708


4.0529273549	-4.8873573497	-3.3250063652


4.1508103957	-4.8632868208	-3.2940128797


4.2477341933	-4.8380885497	-3.2622564309


4.3436830314	-4.8117821319	-3.2297521148


4.4386414173	-4.7843861140	-3.1965138495


4.5325942547	-4.7559179462	-3.1625545707


4.6255270171	-4.7263940007	-3.1278864660


4.7174259112	-4.6958296549	-3.0925212285


4.8082780222	-4.6642394299	-3.0564703142


4.8980714320	-4.6316371739	-3.0197451832


4.9867953014	-4.5980362734	-2.9823575103


5.0744399106	-4.5634498774	-2.9443193503


5.1609966563	-4.5278911154	-2.9056432509


5.2464580047	-4.4913732952	-2.8663423091


5.3308174070	-4.4539100677	-2.8264301735


5.4140691835	-4.4155155502	-2.7859209989


5.4962083851	-4.3762044073	-2.7448293638


5.5772306408	-4.3359918872	-2.7031701600


5.6571320006	-4.2948938193	-2.6609584673


5.7359087783	-4.2529265775	-2.6182094208


5.8135574020	-4.2101070164	-2.5749380818


5.8900742739	-4.1664523859	-2.5311593150


5.9654556430	-4.1219802310	-2.4868876798


6.0396974928	-4.0767082795	-2.4421373350


6.1127954441	-4.0306543245	-2.3969219614


6.1847446755	-3.9838361009	-2.3512547013


6.2555398623	-3.9362711602	-2.3051481163


6.3251751358	-3.8879767447	-2.2586141625


6.3936440668	-3.8389696616	-2.2116641861


6.4609396763	-3.7892661607	-2.1643089369


6.5270544774	-3.7388818165	-2.1165586032


6.5919805546	-3.6878314207	-2.0684228686


6.6557096834	-3.6361288901	-2.0199109906


6.7182334949	-3.5837871989	-1.9710319025


6.7795436845	-3.5308183465	-1.9217943365


6.8396322612	-3.4772333713	-1.8722069641


6.8984918274	-3.4230424249	-1.8222785477


6.9561158678	-3.3682549129	-1.7720180918


7.0124990230	-3.3128797087	-1.7214349807


7.0676373136	-3.2569254292	-1.6705390859


7.1215282789	-3.2004007571	-1.6193408272


7.1741710032	-3.1433147755	-1.5678511774


7.2255660102	-3.0856772750	-1.5160816038


7.2757150291	-3.0274989947	-1.4640439541


7.3246206536	-2.9687917600	-1.4117502995


7.3722859309	-2.9095685031	-1.3592127571


7.4187139296	-2.8498431642	-1.3064433149


7.4639073333	-2.7896304934	-1.2534536803


7.5078680993	-2.7289457840	-1.2002551669


7.5505972099	-2.6678045733	-1.1468586281


7.5920945297	-2.6062223433	-1.0932744358


7.6323587699	-2.5442142520	-1.0395125010


7.6713875524	-2.4817949124	-0.9855823256


7.7091775567	-2.4189782326	-0.9314930760


7.7457247319	-2.3557773196	-0.8772536686


7.7810245510	-2.2922044468	-0.8228728554


7.8150722833	-2.2282710773	-0.7683593051


7.8478632665	-2.1639879352	-0.7137216701


7.8793931548	-2.0993651137	-0.6589686387


7.9096581309	-2.0344122066	-0.6041089693


7.9386550701	-1.9691384535	-0.5491515064


7.9663816507	-1.9035528861	-0.4941051825


7.9928364117	-1.8376644684	-0.4389790053


8.0180187592	-1.7714822236	-0.3837820377


8.0419289292	-1.7050153423	-0.3285233704


8.0645679136	-1.6382732722	-0.2732120930


8.0859373583	-1.5712657854	-0.2178572659


8.1060394400	-1.5040030268	-0.1624678939


8.1248767310	-1.4364955436	-0.1070529060


8.1424520556	-1.3687542980	-0.0516211392


8.1587683454	-1.3007906650	0.0038186698


8.1738284956	-1.2326164177	0.0592578875


8.1876352270	-1.1642437010	0.1146879781


8.2001909546	-1.0956849944	0.1701004937


8.2114976670	-1.0269530655	0.2254870560


8.2215568173	-0.9580609132	0.2808393346


8.2303692296	-0.8890217003	0.3361490193


8.2379350232	-0.8198486754	0.3914077888


8.2442535606	-0.7505550824	0.4466072786


8.2493234229	-0.6811540583	0.5017390462


8.2531424215	-0.6116585188	0.5567945411


8.2557076527	-0.5420810348	0.6117650779


8.2570156026	-0.4724337033	0.6666418205


8.2570623111	-0.4027280224	0.7214157785


8.2558435958	-0.3329747815	0.7760778225


8.2533553339	-0.2631839835	0.8306187210


8.2495937901	-0.1933648169	0.8850291997


8.2445559639	-0.1235256972	0.9393000230


8.2382399212	-0.0536743906	0.9934220891


8.2306450643	0.0161817796	1.0473865288


8.2217722923	0.0860356556	1.1011847904


8.2116240181	0.1558799277	1.1548086962


8.2002040240	0.2257068191	1.2082504559


8.1875171705	0.2955078186	1.2615026307


8.1735689948	0.3652734987	1.3145580505


8.1583652562	0.4349934406	1.3674096964


8.1419114910	0.5046562665	1.4200505636


8.1242126276	0.5742497650	1.4724735252


8.1052727022	0.6437610802	1.5246712121


8.0850946900	0.7131769349	1.5766359219


8.0636804552	0.7824838611	1.6283595622


8.0410308038	0.8516684125	1.6798336314


8.0171456209	0.9207173477	1.7310492331


7.9920240654	0.9896177717	1.7819971196


7.9656647973	1.0583572356	1.8326677572


7.9380662165	1.1269237936	1.8830514056


7.9092266925	1.1953060208	1.9331382050


7.8791447726	1.2634929981	1.9829182630


7.8478193579	1.3314742693	2.0323817370


7.8152498441	1.3992397768	2.0815189067


7.7814362222	1.4667797833	2.1303202351


7.7463791442	1.5340847827	2.1787764147


7.7100799533	1.6011454072	2.2268783994


7.6725406846	1.6679523327	2.2746174207


7.6337640405	1.7344961875	2.3219849901


7.5937533445	1.8007674642	2.3689728873


7.5525124795	1.8667564387	2.4155731359


7.5100458134	1.9324530962	2.4617779681


7.4663581150	1.9978470650	2.5075797792


7.4214544650	2.0629275593	2.5529710724


7.3753401622	2.1276833308	2.5979443969


7.3280206285	2.1921026305	2.6424922781


7.2795013129	2.2561731800	2.6866071429


