0	0.30001	1.50000	8.50000	1.80001	8.80001	7.00000
1	0.29760	1.48795	8.49921	1.78555	8.79507	7.02217
2	0.29484	1.47415	8.49807	1.76899	8.78590	7.06764
3	0.29177	1.45879	8.49659	1.75055	8.77250	7.13604
4	0.28842	1.44205	8.49477	1.73047	8.75489	7.22653
5	0.28485	1.42419	8.49261	1.70903	8.73314	7.33778
6	0.28110	1.40546	8.49012	1.68656	8.70738	7.46805
7	0.27724	1.38618	8.48730	1.66342	8.67782	7.61512
8	0.27334	1.36669	8.48416	1.64003	8.64472	7.77643
9	0.26948	1.34737	8.48071	1.61685	8.60845	7.94904
10	0.26573	1.32864	8.47694	1.59437	8.56945	8.12973
11	0.26218	1.31091	8.47286	1.57309	8.52830	8.31503
12	0.25893	1.29464	8.46847	1.55356	8.48564	8.50128
13	0.25605	1.28025	8.46377	1.53630	8.44222	8.68473
14	0.25363	1.26817	8.45876	1.52180	8.39889	8.86161
15	0.25175	1.25875	8.45344	1.51050	8.35651	9.02826
16	0.25046	1.25230	8.44780	1.50276	8.31601	9.18125
17	0.24980	1.24904	8.44185	1.49884	8.27825	9.31747
18	0.24980	1.24906	8.43558	1.49886	8.24404	9.43431
19	0.25047	1.25237	8.42898	1.50283	8.21406	9.52969
20	0.25176	1.25886	8.42206	1.51062	8.18887	9.60213
21	0.25365	1.26831	8.41481	1.52196	8.16880	9.65080
22	0.25608	1.28043	8.40722	1.53650	8.15404	9.67546
23	0.25896	1.29484	8.39931	1.55380	8.14457	9.67643
24	0.26222	1.31113	8.39106	1.57335	8.14020	9.65448
25	0.26577	1.32888	8.38249	1.59464	8.14063	9.61078
26	0.26952	1.34762	8.37358	1.61714	8.14544	9.54675
27	0.27338	1.36695	8.36436	1.64033	8.15413	9.46406
28	0.27728	1.38643	8.35480	1.66371	8.16615	9.36448
29	0.28114	1.40571	8.34493	1.68685	8.18095	9.24986
30	0.28488	1.42443	8.33474	1.70931	8.19794	9.12208
31	0.28845	1.44228	8.32424	1.73073	8.21657	8.98304
32	0.29180	1.45900	8.31343	1.75080	8.23631	8.83462
33	0.29487	1.47434	8.30232	1.76921	8.25664	8.67870
34	0.29762	1.48812	8.29090	1.78574	8.27709	8.51713
35	0.30003	1.50015	8.27919	1.80018	8.29722	8.35177
36	0.30206	1.51030	8.26717	1.81236	8.31660	8.18448
37	0.30369	1.51845	8.25486	1.82214	8.33486	8.01713
38	0.30491	1.52452	8.24225	1.82943	8.35165	7.85161
39	0.30570	1.52845	8.22934	1.83415	8.36663	7.68986
40	0.30605	1.53020	8.21613	1.83625	8.37950	7.53385
41	0.30596	1.52975	8.20261	1.83571	8.38998	7.38559
42	0.30543	1.52710	8.18879	1.83253	8.39781	7.24712
43	0.30446	1.52229	8.17466	1.82675	8.40274	7.12051
44	0.30308	1.51535	8.16021	1.81843	8.40454	7.00780
45	0.30128	1.50636	8.14544	1.80764	8.40299	6.91099
46	0.29909	1.49543	8.13035	1.79452	8.39790	6.83197
47	0.29654	1.48266	8.11493	1.77920	8.38910	6.77244
48	0.29365	1.46822	8.09918	1.76187	8.37643	6.73388
49	0.29047	1.45229	8.08309	1.74275	8.35974	6.71742
50	0.28702	1.43507	8.06668	1.72209	8.33895	6.72379
51	0.28337	1.41683	8.04994	1.70020	8.31399	6.75327
52	0.27958	1.39784	8.03287	1.67742	8.28482	6.80556
53	0.27569	1.37843	8.01547	1.65413	8.25149	6.87985
54	0.27180	1.35896	7.99777	1.63077	8.21408	6.97473
55	0.26797	1.33983	7.97975	1.60780	8.17276	7.08822
56	0.26429	1.32144	7.96142	1.58573	8.12778	7.21785
57	0.26085	1.30424	7.94280	1.56509	8.07950	7.36064
58	0.25774	1.28866	7.92389	1.54640	8.02835	7.51325
59	0.25503	1.27515	7.90468	1.53018	7.97491	7.67205
60	0.25282	1.26408	7.88520	1.51690	7.91981	7.83323
61	0.25116	1.25582	7.86543	1.50698	7.86380	7.99291
62	0.25012	1.25061	7.84538	1.50073	7.80767	8.14735
63	0.24973	1.24864	7.82505	1.49837	7.75224	8.29301
64	0.24999	1.24998	7.80444	1.49997	7.69833	8.42674
65	0.25091	1.25457	7.78354	1.50548	7.64669	8.54584
66	0.25245	1.26227	7.76236	1.51472	7.59798	8.64820
67	0.25456	1.27282	7.74088	1.52738	7.55276	8.73223
68	0.25717	1.28590	7.71912	1.54307	7.51142	8.79695
69	0.26021	1.30111	7.69706	1.56133	7.47424	8.84191
70	0.26360	1.31804	7.67471	1.58164	7.44133	8.86712
71	0.26724	1.33623	7.65207	1.60347	7.41267	8.87297
72	0.27104	1.35526	7.62913	1.62630	7.38815	8.86016
73	0.27493	1.37470	7.60589	1.64963	7.36755	8.82962
74	0.27882	1.39414	7.58237	1.67297	7.35059	8.78245
75	0.28264	1.41324	7.55856	1.69588	7.33694	8.71981
76	0.28632	1.43165	7.53447	1.71797	7.32624	8.64296
77	0.28981	1.44908	7.51010	1.73889	7.31811	8.55316
78	0.29305	1.46528	7.48546	1.75833	7.31218	8.45167
79	0.29600	1.48002	7.46056	1.77602	7.30805	8.33973
80	0.29862	1.49312	7.43540	1.79174	7.30537	8.21857
81	0.30088	1.50442	7.40999	1.80530	7.30378	8.08941
82	0.30275	1.51379	7.38434	1.81654	7.30293	7.95341
83	0.30422	1.52112	7.35845	1.82534	7.30252	7.81177
84	0.30527	1.52635	7.33232	1.83162	7.30222	7.66564
85	0.30588	1.52942	7.30598	1.83530	7.30175	7.51622
86	0.30606	1.53029	7.27942	1.83635	7.30084	7.36470
87	0.30579	1.52896	7.25264	1.83476	7.29922	7.21231
88	0.30509	1.52545	7.22565	1.83054	7.29664	7.06035
89	0.30396	1.51978	7.19846	1.82374	7.29285	6.91017
90	0.30241	1.51202	7.17106	1.81443	7.28763	6.76319
91	0.30045	1.50225	7.14346	1.80270	7.28074	6.62091
92	0.29812	1.49057	7.11565	1.78868	7.27197	6.48493
93	0.29543	1.47711	7.08765	1.77254	7.26108	6.35693
94	0.29242	1.46206	7.05943	1.75447	7.24787	6.23866
95	0.28912	1.44558	7.03101	1.73471	7.23213	6.13193
96	0.28559	1.42793	7.00239	1.71352	7.21365	6.03855
97	0.28188	1.40935	6.97355	1.69123	7.19224	5.96027
98	0.27804	1.39016	6.94450	1.66819	7.16772	5.89876
99	0.27414	1.37068	6.91525	1.64482	7.13993	5.85543
100	0.27027	1.35129	6.88579	1.62156	7.10874	5.83139
101	0.26649	1.33240	6.85612	1.59889	7.07406	5.82734
102	0.26289	1.31443	6.82627	1.57732	7.03584	5.84344
103	0.25957	1.29782	6.79622	1.55740	6.99410	5.87929
104	0.25661	1.28302	6.76600	1.53963	6.94893	5.93384
105	0.25409	1.27043	6.73562	1.52452	6.90049	6.00540
106	0.25209	1.26044	6.70509	1.51253	6.84905	6.09174
107	0.25068	1.25336	6.67442	1.50404	6.79493	6.19014
108	0.24989	1.24943	6.64363	1.49932	6.73857	6.29755
109	0.24976	1.24878	6.61274	1.49853	6.68047	6.41077
110	0.25028	1.25142	6.58174	1.50170	6.62117	6.52657
111	0.25145	1.25727	6.55065	1.50873	6.56123	6.64189
112	0.25323	1.26614	6.51948	1.51937	6.50124	6.75396
113	0.25555	1.27774	6.48824	1.53328	6.44172	6.86038
114	0.25834	1.29171	6.45694	1.55005	6.38318	6.95917
115	0.26153	1.30766	6.42557	1.56919	6.32605	7.04878
116	0.26502	1.32514	6.39413	1.59017	6.27069	7.12809
117	0.26874	1.34372	6.36265	1.61246	6.21739	7.19634
118	0.27259	1.36296	6.33111	1.63555	6.16636	7.25308
119	0.27648	1.38245	6.29952	1.65893	6.11775	7.29815
120	0.28035	1.40180	6.26788	1.68215	6.07166	7.33155
121	0.28413	1.42066	6.23621	1.70478	6.02812	7.35345
122	0.28774	1.43871	6.20450	1.72645	5.98714	7.36412
123	0.29113	1.45568	6.17276	1.74681	5.94868	7.36390
124	0.29426	1.47133	6.14100	1.76559	5.91272	7.35315
125	0.29708	1.48544	6.10924	1.78252	5.87917	7.33226
126	0.29956	1.49784	6.07747	1.79740	5.84796	7.30162
127	0.30167	1.50838	6.04573	1.81005	5.81902	7.26159
128	0.30339	1.51695	6.01401	1.82034	5.79226	7.21251
129	0.30469	1.52346	5.98233	1.82815	5.76759	7.15470
130	0.30556	1.52783	5.95073	1.83340	5.74495	7.08845
131	0.30600	1.53003	5.91920	1.83603	5.72425	7.01401
132	0.30600	1.53003	5.88778	1.83603	5.70540	6.93163
133	0.30556	1.52783	5.85649	1.83339	5.68834	6.84152
134	0.30469	1.52346	5.82535	1.82814	5.67299	6.74387
135	0.30339	1.51695	5.79439	1.82033	5.65927	6.63888
136	0.30167	1.50837	5.76363	1.81005	5.64710	6.52675
137	0.29956	1.49783	5.73310	1.79739	5.63639	6.40770
138	0.29708	1.48543	5.70282	1.78251	5.62704	6.28198
139	0.29426	1.47131	5.67283	1.76558	5.61894	6.14992
140	0.29113	1.45567	5.64314	1.74680	5.61196	6.01191
141	0.28774	1.43870	5.61380	1.72644	5.60595	5.86849
142	0.28413	1.42064	5.58481	1.70477	5.60072	5.72032
143	0.28036	1.40178	5.55620	1.68214	5.59608	5.56830
144	0.27649	1.38243	5.52800	1.65892	5.59178	5.41355
145	0.27259	1.36294	5.50022	1.63553	5.58754	5.25749
146	0.26874	1.34370	5.47288	1.61245	5.58304	5.10191
147	0.26503	1.32512	5.44599	1.59015	5.57795	4.94898
148	0.26153	1.30764	5.41955	1.56918	5.57188	4.80127
149	0.25834	1.29170	5.39358	1.55004	5.56444	4.66177
150	0.25555	1.27773	5.36808	1.53327	5.55522	4.53376
151	0.25323	1.26613	5.34304	1.51936	5.54382	4.42075
152	0.25146	1.25726	5.31847	1.50872	5.52988	4.32617
153	0.25029	1.25141	5.29436	1.50170	5.51311	4.25318
154	0.24976	1.24877	5.27073	1.49853	5.49326	4.20430
155	0.24989	1.24943	5.24759	1.49932	5.47019	4.18111
156	0.25068	1.25337	5.22496	1.50404	5.44389	4.18409
157	0.25209	1.26045	5.20286	1.51254	5.41443	4.21252
158	0.25409	1.27044	5.18135	1.52453	5.38198	4.26460
159	0.25661	1.28303	5.16046	1.53964	5.34682	4.33768
160	0.25957	1.29784	5.14024	1.55741	5.30927	4.42855
161	0.26289	1.31444	5.12074	1.57734	5.26974	4.53376
162	0.26649	1.33242	5.10202	1.59890	5.22863	4.64987
163	0.27026	1.35131	5.08410	1.62157	5.18637	4.77366
164	0.27414	1.37070	5.06704	1.64484	5.14339	4.90222
165	0.27804	1.39017	5.05085	1.66821	5.10010	5.03301
166	0.28187	1.40937	5.03558	1.69124	5.05689	5.16388
167	0.28559	1.42794	5.02123	1.71353	5.01413	5.29301
168	0.28912	1.44560	5.00781	1.73472	4.97217	5.41891
169	0.29241	1.46207	4.99534	1.75448	4.93134	5.54035
170	0.29542	1.47713	4.98382	1.77255	4.89194	5.65632
171	0.29811	1.49058	4.97324	1.78869	4.85424	5.76599
172	0.30045	1.50226	4.96359	1.80271	4.81852	5.86867
173	0.30240	1.51203	4.95487	1.81443	4.78501	5.96378
174	0.30395	1.51979	4.94707	1.82375	4.75395	6.05081
175	0.30509	1.52546	4.94016	1.83054	4.72557	6.12934
176	0.30579	1.52897	4.93414	1.83476	4.70006	6.19895
177	0.30605	1.53030	4.92899	1.83635	4.67763	6.25930
178	0.30588	1.52942	4.92470	1.83530	4.65847	6.31002
179	0.30526	1.52635	4.92124	1.83162	4.64274	6.35080
180	0.30422	1.52112	4.91862	1.82534	4.63061	6.38130
181	0.30275	1.51378	4.91681	1.81653	4.62223	6.40119
182	0.30088	1.50441	4.91582	1.80529	4.61774	6.41017
183	0.29862	1.49311	4.91563	1.79173	4.61725	6.40791
184	0.29600	1.48001	4.91625	1.77601	4.62085	6.39411
185	0.29305	1.46527	4.91768	1.75832	4.62862	6.36847
186	0.28981	1.44907	4.91992	1.73888	4.64060	6.33072
187	0.28632	1.43164	4.92299	1.71796	4.65678	6.28064
188	0.28264	1.41323	4.92688	1.69587	4.67714	6.21804
189	0.27882	1.39413	4.93163	1.67295	4.70157	6.14283
190	0.27493	1.37468	4.93724	1.64961	4.72995	6.05506
191	0.27105	1.35525	4.94373	1.62629	4.76206	5.95489
192	0.26724	1.33622	4.95112	1.60346	4.79764	5.84273
193	0.26360	1.31802	4.95942	1.58163	4.83633	5.71921
194	0.26022	1.30110	4.96864	1.56132	4.87771	5.58531
195	0.25718	1.28589	4.97881	1.54306	4.92131	5.44237
196	0.25456	1.27281	4.98992	1.52737	4.96655	5.29216
197	0.25245	1.26226	5.00197	1.51472	5.01283	5.13693
198	0.25091	1.25457	5.01496	1.50548	5.05952	4.97938
199	0.25000	1.24997	5.02887	1.49997	5.10597	4.82266
200	0.24973	1.24864	5.04368	1.49837	5.15155	4.67030
201	0.25013	1.25061	5.05936	1.50074	5.19568	4.52603
202	0.25117	1.25582	5.07587	1.50698	5.23785	4.39366
203	0.25282	1.26409	5.09316	1.51691	5.27766	4.27686
204	0.25504	1.27515	5.11119	1.53019	5.31478	4.17886
205	0.25774	1.28867	5.12989	1.54641	5.34900	4.10230
206	0.26085	1.30425	5.14923	1.56510	5.38023	4.04900
207	0.26430	1.32145	5.16915	1.58575	5.40846	4.01987
208	0.26797	1.33984	5.18962	1.60781	5.43376	4.01485
209	0.27180	1.35898	5.21061	1.63078	5.45626	4.03306
210	0.27569	1.37845	5.23211	1.65414	5.47616	4.07288
211	0.27958	1.39785	5.25409	1.67743	5.49368	4.13219
212	0.28337	1.41684	5.27655	1.70021	5.50907	4.20860
213	0.28702	1.43508	5.29951	1.72211	5.52257	4.29959
214	0.29046	1.45230	5.32295	1.74276	5.53444	4.40269
215	0.29365	1.46823	5.34688	1.76188	5.54493	4.51560
216	0.29654	1.48267	5.37130	1.77921	5.55426	4.63622
217	0.29909	1.49544	5.39622	1.79453	5.56266	4.76269
218	0.30128	1.50637	5.42163	1.80765	5.57032	4.89340
219	0.30307	1.51536	5.44752	1.81843	5.57743	5.02696
220	0.30446	1.52229	5.47388	1.82675	5.58415	5.16218
221	0.30542	1.52711	5.50071	1.83253	5.59064	5.29805
222	0.30595	1.52975	5.52799	1.83571	5.59706	5.43372
223	0.30604	1.53021	5.55569	1.83625	5.60352	5.56842
224	0.30569	1.52846	5.58381	1.83415	5.61017	5.70151
225	0.30490	1.52452	5.61231	1.82943	5.61713	5.83240
226	0.30369	1.51845	5.64118	1.82214	5.62453	5.96054
227	0.30206	1.51029	5.67039	1.81235	5.63250	6.08540
228	0.30003	1.50014	5.69991	1.80017	5.64118	6.20646
229	0.29762	1.48811	5.72972	1.78573	5.65071	6.32320
230	0.29486	1.47434	5.75978	1.76920	5.66126	6.43507
231	0.29179	1.45899	5.79008	1.75078	5.67300	6.54147
232	0.28845	1.44227	5.82059	1.73072	5.68611	6.64177
233	0.28488	1.42442	5.85128	1.70930	5.70081	6.73528
234	0.28114	1.40570	5.88212	1.68683	5.71731	6.82126
235	0.27728	1.38642	5.91310	1.66370	5.73586	6.89892
236	0.27338	1.36693	5.94418	1.64031	5.75669	6.96742
237	0.26952	1.34761	5.97535	1.61713	5.78007	7.02588
238	0.26577	1.32886	6.00660	1.59463	5.80622	7.07344
239	0.26222	1.31112	6.03789	1.57334	5.83538	7.10925
240	0.25896	1.29483	6.06922	1.55378	5.86774	7.13254
241	0.25608	1.28041	6.10058	1.53649	5.90344	7.14265
242	0.25365	1.26830	6.13195	1.52195	5.94254	7.13912
243	0.25176	1.25885	6.16333	1.51061	5.98503	7.12171
244	0.25047	1.25236	6.19471	1.50283	6.03082	7.09050
245	0.24981	1.24905	6.22607	1.49886	6.07968	7.04586
246	0.24980	1.24904	6.25743	1.49884	6.13132	6.98853
247	0.25046	1.25231	6.28877	1.50276	6.18536	6.91960
248	0.25175	1.25876	6.32009	1.51050	6.24133	6.84044
249	0.25363	1.26817	6.35138	1.52181	6.29876	6.75271
250	0.25605	1.28026	6.38265	1.53631	6.35711	6.65825
251	0.25893	1.29465	6.41388	1.55357	6.41589	6.55901
252	0.26218	1.31092	6.44507	1.57311	6.47462	6.45702
253	0.26573	1.32865	6.47622	1.59438	6.53284	6.35430
254	0.26948	1.34739	6.50730	1.61687	6.59016	6.25281
255	0.27334	1.36670	6.53832	1.64005	6.64624	6.15445
256	0.27724	1.38619	6.56925	1.66344	6.70077	6.06098
257	0.28110	1.40547	6.60009	1.68657	6.75350	5.97408
258	0.28484	1.42420	6.63083	1.70905	6.80423	5.89527
259	0.28842	1.44207	6.66144	1.73049	6.85278	5.82595
260	0.29177	1.45880	6.69192	1.75057	6.89902	5.76735
261	0.29484	1.47416	6.72224	1.76900	6.94283	5.72059
262	0.29760	1.48796	6.75240	1.78555	6.98412	5.68660
263	0.30001	1.50001	6.78239	1.80002	7.02282	5.66615
264	0.30204	1.51018	6.81219	1.81223	7.05888	5.65985
265	0.30368	1.51836	6.84179	1.82204	7.09225	5.66813
266	0.30490	1.52446	6.87119	1.82936	7.12290	5.69124
267	0.30569	1.52842	6.90038	1.83411	7.15083	5.72923
268	0.30605	1.53019	6.92937	1.83624	7.17601	5.78200
269	0.30596	1.52977	6.95813	1.83573	7.19846	5.84924
270	0.30544	1.52715	6.98669	1.83258	7.21819	5.93050
271	0.30448	1.52236	7.01503	1.82683	7.23524	6.02515
272	0.30309	1.51545	7.04316	1.81854	7.24964	6.13244
273	0.30130	1.50648	7.07109	1.80779	7.26147	6.25146
274	0.29912	1.49557	7.09880	1.79469	7.27080	6.38118
275	0.29657	1.48283	7.12631	1.77940	7.27775	6.52045
276	0.29368	1.46841	7.15361	1.76209	7.28245	6.66799
277	0.29050	1.45249	7.18071	1.74299	7.28508	6.82241
278	0.28706	1.43529	7.20760	1.72235	7.28585	6.98219
279	0.28341	1.41706	7.23428	1.70047	7.28502	7.14571
280	0.27962	1.39808	7.26075	1.67769	7.28290	7.31119
281	0.27573	1.37867	7.28700	1.65441	7.27986	7.47676
282	0.27184	1.35920	7.31303	1.63104	7.27633	7.64038
283	0.26801	1.34006	7.33884	1.60807	7.27280	7.79994
284	0.26433	1.32166	7.36441	1.58599	7.26981	7.95320
285	0.26088	1.30444	7.38974	1.56533	7.26797	8.09786
286	0.25776	1.28885	7.41483	1.54661	7.26791	8.23163
287	0.25505	1.27530	7.43966	1.53036	7.27026	8.35224
288	0.25283	1.26421	7.46422	1.51704	7.27565	8.45757
289	0.25117	1.25590	7.48852	1.50708	7.28467	8.54571
290	0.25012	1.25066	7.51254	1.50078	7.29778	8.61507
291	0.24972	1.24865	7.53629	1.49838	7.31536	8.66445
292	0.24998	1.24995	7.55975	1.49993	7.33763	8.69311
293	0.25089	1.25450	7.58293	1.50540	7.36464	8.70081
294	0.25243	1.26216	7.60582	1.51459	7.39629	8.68781
295	0.25453	1.27268	7.62843	1.52721	7.43230	8.65484
296	0.25714	1.28573	7.65075	1.54287	7.47229	8.60305
297	0.26018	1.30092	7.67279	1.56110	7.51577	8.53391
298	0.26356	1.31782	7.69455	1.58139	7.56217	8.44920
299	0.26720	1.33601	7.71603	1.60320	7.61090	8.35084
300	0.27100	1.35503	7.73724	1.62603	7.66134	8.24089
301	0.27489	1.37446	7.75817	1.64935	7.71290	8.12149
302	0.27878	1.39391	7.77882	1.67269	7.76500	7.99478
303	0.28260	1.41301	7.79921	1.69561	7.81712	7.86292
304	0.28629	1.43143	7.81932	1.71771	7.86877	7.72805
305	0.28978	1.44887	7.83916	1.73865	7.91949	7.59229
306	0.29302	1.46509	7.85872	1.75811	7.96889	7.45774
307	0.29597	1.47985	7.87801	1.77582	8.01660	7.32648
308	0.29860	1.49297	7.89700	1.79157	8.06230	7.20056
309	0.30086	1.50429	7.91571	1.80515	8.10571	7.08200
310	0.30274	1.51368	7.93413	1.81642	8.14656	6.97280
311	0.30422	1.52104	7.95224	1.82525	8.18464	6.87491
312	0.30527	1.52629	7.97005	1.83156	8.21972	6.79019
313	0.30589	1.52939	7.98754	1.83527	8.25164	6.72042
314	0.30607	1.53029	8.00471	1.83635	8.28023	6.66723
315	0.30581	1.52899	8.02155	1.83479	8.30534	6.63206
316	0.30511	1.52550	8.03807	1.83061	8.32686	6.61614
317	0.30398	1.51986	8.05425	1.82384	8.34468	6.62041
318	0.30243	1.51212	8.07009	1.81455	8.35872	6.64549
319	0.30048	1.50237	8.08561	1.80285	8.36891	6.69165
320	0.29815	1.49071	8.10079	1.78886	8.37523	6.75879
321	0.29546	1.47728	8.11564	1.77275	8.37768	6.84644
322	0.29246	1.46224	8.13016	1.75470	8.37627	6.95370
323	0.28916	1.44579	8.14436	1.73495	8.37109	7.07935
324	0.28564	1.42814	8.15825	1.71378	8.36225	7.22177
325	0.28192	1.40958	8.17182	1.69150	8.34993	7.37905
326	0.27808	1.39039	8.18509	1.66847	8.33437	7.54892
327	0.27419	1.37091	8.19805	1.64510	8.31587	7.72887
328	0.27031	1.35153	8.21070	1.62183	8.29484	7.91611
329	0.26653	1.33263	8.22306	1.59915	8.27177	8.10762
330	0.26293	1.31464	8.23512	1.57757	8.24723	8.30023
331	0.25960	1.29802	8.24688	1.55762	8.22191	8.49058
332	0.25664	1.28319	8.25833	1.53982	8.19655	8.67527
333	0.25411	1.27057	8.26948	1.52468	8.17198	8.85089
334	0.25211	1.26055	8.28033	1.51266	8.14906	9.01415
335	0.25068	1.25344	8.29086	1.50412	8.12864	9.16196
336	0.24989	1.24947	8.30107	1.49935	8.11156	9.29159
337	0.24975	1.24877	8.31096	1.49852	8.09853	9.40073
338	0.25027	1.25138	8.32053	1.50164	8.09015	9.48761
339	0.25143	1.25719	8.32978	1.50862	8.08686	9.55104
340	0.25319	1.26602	8.33869	1.51922	8.08889	9.59043
341	0.25551	1.27759	8.34728	1.53310	8.09631	9.60579
342	0.25830	1.29154	8.35554	1.54984	8.10898	9.59763
343	0.26148	1.30746	8.36346	1.56895	8.12664	9.56694
344	0.26498	1.32493	8.37106	1.58991	8.14886	9.51503
345	0.26869	1.34350	8.37834	1.61219	8.17515	9.44353
346	0.27254	1.36273	8.38529	1.63527	8.20495	9.35424
347	0.27644	1.38222	8.39192	1.65865	8.23764	9.24908
348	0.28031	1.40157	8.39823	1.68188	8.27263	9.13006
349	0.28408	1.42043	8.40423	1.70452	8.30931	8.99920
350	0.28770	1.43850	8.40992	1.72620	8.34710	8.85857
351	0.29110	1.45548	8.41530	1.74658	8.38545	8.71021
352	0.29423	1.47114	8.42037	1.76537	8.42384	8.55618
353	0.29706	1.48527	8.42514	1.78233	8.46180	8.39851
354	0.29954	1.49769	8.42960	1.79723	8.49889	8.23928
355	0.30166	1.50826	8.43375	1.80992	8.53469	8.08054
356	0.30338	1.51686	8.43760	1.82023	8.56883	7.92441
357	0.30468	1.52339	8.44114	1.82807	8.60096	7.77302
358	0.30556	1.52779	8.44436	1.83335	8.63077	7.62853
359	0.30601	1.53001	8.44727	1.83602	8.65796	7.49314
360	0.30601	1.53003	8.44986	1.83605	8.68226	7.36905
361	0.30558	1.52786	8.45212	1.83344	8.70341	7.25847
362	0.30471	1.52351	8.45405	1.82822	8.72119	7.16354
363	0.30341	1.51703	8.45564	1.82044	8.73538	7.08632
364	0.30171	1.50848	8.45690	1.81018	8.74578	7.02869
365	0.29960	1.49795	8.45781	1.79756	8.75223	6.99231
366	0.29713	1.48557	8.45837	1.78270	8.75458	6.97855
367	0.29431	1.47148	8.45859	1.76579	8.75269	6.98838
368	0.29118	1.45585	8.45845	1.74703	8.74648	7.02232
369	0.28779	1.43890	8.45798	1.72669	8.73588	7.08039
370	0.28418	1.42085	8.45716	1.70503	8.72089	7.16209
371	0.28041	1.40200	8.45600	1.68241	8.70154	7.26634
372	0.27654	1.38266	8.45451	1.65920	8.67794	7.39152
373	0.27264	1.36317	8.45269	1.63581	8.65026	7.53548
374	0.26879	1.34393	8.45055	1.61272	8.61878	7.69559
375	0.26507	1.32534	8.44809	1.59041	8.58385	7.86877
376	0.26157	1.30784	8.44531	1.56942	8.54594	8.05157
377	0.25838	1.29188	8.44223	1.55026	8.50563	8.24025
378	0.25558	1.27788	8.43883	1.53346	8.46362	8.43085
379	0.25325	1.26626	8.43512	1.51951	8.42068	8.61933
380	0.25147	1.25736	8.43110	1.50883	8.37770	8.80169
381	0.25029	1.25147	8.42677	1.50176	8.33558	8.97407
382	0.24975	1.24879	8.42213	1.49855	8.29524	9.13295
383	0.24988	1.24941	8.41717	1.49929	8.25757	9.27519
384	0.25065	1.25331	8.41189	1.50397	8.22336	9.39824
385	0.25206	1.26035	8.40628	1.51242	8.19327	9.50012
386	0.25405	1.27031	8.40035	1.52437	8.16782	9.57949
387	0.25657	1.28287	8.39409	1.53944	8.14733	9.63564
388	0.25952	1.29766	8.38750	1.55718	8.13196	9.66842
389	0.26284	1.31425	8.38058	1.57709	8.12171	9.67819
390	0.26643	1.33221	8.37332	1.59864	8.11640	9.66572
391	0.27021	1.35109	8.36574	1.62130	8.11576	9.63208
392	0.27409	1.37047	8.35782	1.64456	8.11941	9.57859
393	0.27798	1.38995	8.34957	1.66793	8.12691	9.50674
394	0.28182	1.40915	8.34100	1.69097	8.13778	9.41811
395	0.28554	1.42773	8.33211	1.71327	8.15150	9.31435
396	0.28907	1.44540	8.32290	1.73447	8.16756	9.19712
397	0.29237	1.46188	8.31338	1.75426	8.18545	9.06812
398	0.29539	1.47696	8.30354	1.77235	8.20468	8.92901
399	0.29808	1.49043	8.29340	1.78851	8.22478	8.78148
400	0.30042	1.50213	8.28295	1.80255	8.24528	8.62721
401	0.30238	1.51192	8.27220	1.81431	8.26577	8.46788
402	0.30394	1.51971	8.26115	1.82365	8.28584	8.30521
403	0.30508	1.52540	8.24980	1.83048	8.30510	8.14094
404	0.30579	1.52893	8.23816	1.83472	8.32321	7.97687
405	0.30606	1.53029	8.22621	1.83635	8.33982	7.81485
406	0.30589	1.52943	8.21397	1.83533	8.35460	7.65681
407	0.30528	1.52639	8.20143	1.83168	8.36726	7.50476
408	0.30424	1.52119	8.18858	1.82543	8.37751	7.36078
409	0.30278	1.51387	8.17542	1.81665	8.38506	7.22700
410	0.30091	1.50453	8.16195	1.80544	8.38965	7.10563
411	0.29866	1.49325	8.14816	1.79191	8.39104	6.99884
412	0.29604	1.48017	8.13405	1.77621	8.38898	6.90880
413	0.29310	1.46544	8.11962	1.75854	8.38326	6.83754
414	0.28986	1.44926	8.10486	1.73912	8.37367	6.78689
415	0.28638	1.43184	8.08977	1.71822	8.36004	6.75839
416	0.28270	1.41344	8.07435	1.69613	8.34222	6.75319
417	0.27888	1.39435	8.05860	1.67323	8.32010	6.77195
418	0.27499	1.37490	8.04252	1.64989	8.29363	6.81473
419	0.27110	1.35547	8.02611	1.62657	8.26279	6.88098
420	0.26729	1.33643	8.00939	1.60373	8.22767	6.96946
421	0.26365	1.31823	7.99235	1.58188	8.18841	7.07827
422	0.26026	1.30129	7.97501	1.56155	8.14527	7.20487
423	0.25722	1.28605	7.95736	1.54327	8.09861	7.34616
424	0.25459	1.27295	7.93942	1.52754	8.04889	7.49859
425	0.25248	1.26237	7.92119	1.51485	7.99670	7.65826
426	0.25093	1.25464	7.90267	1.50557	7.94271	7.82113
427	0.25000	1.25001	7.88387	1.50001	7.88769	7.98312
428	0.24973	1.24864	7.86478	1.49837	7.83244	8.14032
429	0.25011	1.25057	7.84541	1.50068	7.77780	8.28912
430	0.25114	1.25574	7.82576	1.50689	7.72456	8.42636
431	0.25279	1.26398	7.80582	1.51677	7.67347	8.54941
432	0.25500	1.27501	7.78559	1.53001	7.62514	8.65621
433	0.25769	1.28851	7.76507	1.54620	7.58011	8.74530
434	0.26080	1.30406	7.74425	1.56487	7.53876	8.81578
435	0.26424	1.32125	7.72314	1.58549	7.50133	8.86723
436	0.26792	1.33963	7.70174	1.60754	7.46794	8.89968
437	0.27174	1.35876	7.68003	1.63050	7.43859	8.91348
438	0.27564	1.37823	7.65803	1.65386	7.41320	8.90926
439	0.27952	1.39764	7.63573	1.67715	7.39158	8.88783
440	0.28332	1.41663	7.61313	1.69995	7.37351	8.85013
441	0.28697	1.43488	7.59025	1.72185	7.35870	8.79719
442	0.29042	1.45211	7.56708	1.74253	7.34684	8.73010
443	0.29361	1.46806	7.54362	1.76167	7.33761	8.64994
444	0.29650	1.48252	7.51988	1.77902	7.33067	8.55782
445	0.29906	1.49530	7.49588	1.79436	7.32569	8.45483
446	0.30125	1.50626	7.47160	1.80751	7.32233	8.34205
447	0.30305	1.51527	7.44707	1.81832	7.32027	8.22055
448	0.30444	1.52223	7.42229	1.82667	7.31919	8.09139
449	0.30541	1.52707	7.39726	1.83248	7.31880	7.95562
450	0.30595	1.52974	7.37199	1.83568	7.31878	7.81432
451	0.30604	1.53021	7.34649	1.83626	7.31886	7.66859
452	0.30570	1.52849	7.32076	1.83419	7.31877	7.51954
453	0.30492	1.52458	7.29481	1.82950	7.31824	7.36836
454	0.30371	1.51853	7.26864	1.82224	7.31699	7.21629
455	0.30208	1.51040	7.24226	1.81248	7.31479	7.06466
456	0.30006	1.50027	7.21567	1.80033	7.31138	6.91490
457	0.29766	1.48826	7.18887	1.78592	7.30650	6.76854
458	0.29490	1.47450	7.16186	1.76941	7.29990	6.62723
459	0.29184	1.45917	7.13464	1.75101	7.29134	6.49276
460	0.28850	1.44247	7.10721	1.73097	7.28057	6.36701
461	0.28493	1.42463	7.07957	1.70956	7.26733	6.25197
462	0.28119	1.40592	7.05172	1.68710	7.25140	6.14968
463	0.27733	1.38664	7.02365	1.66398	7.23254	6.06214
464	0.27344	1.36715	6.99537	1.64059	7.21053	5.99131
465	0.26957	1.34783	6.96687	1.61740	7.18518	5.93890
466	0.26582	1.32907	6.93816	1.59489	7.15632	5.90630
467	0.26227	1.31131	6.90924	1.57358	7.12383	5.89447
468	0.25901	1.29500	6.88011	1.55401	7.08766	5.90377
469	0.25612	1.28056	6.85079	1.53668	7.04780	5.93387
470	0.25369	1.26842	6.82128	1.52211	7.00436	5.98376
471	0.25179	1.25894	6.79159	1.51073	6.95750	6.05169
472	0.25049	1.25241	6.76174	1.50290	6.90751	6.13528
473	0.24982	1.24907	6.73174	1.49888	6.85474	6.23167
474	0.24981	1.24901	6.70161	1.49882	6.79965	6.33763
475	0.25045	1.25224	6.67134	1.50269	6.74274	6.44984
476	0.25173	1.25866	6.64097	1.51039	6.68457	6.56498
477	0.25361	1.26804	6.61048	1.52165	6.62569	6.67997
478	0.25602	1.28010	6.57990	1.53612	6.56667	6.79205
479	0.25889	1.29446	6.54923	1.55335	6.50802	6.89886
480	0.26214	1.31072	6.51848	1.57286	6.45021	6.99850
481	0.26568	1.32843	6.48764	1.59412	6.39366	7.08947
482	0.26943	1.34716	6.45673	1.61659	6.33870	7.17069
483	0.27329	1.36648	6.42574	1.63977	6.28560	7.24141
484	0.27719	1.38597	6.39468	1.66316	6.23457	7.30120
485	0.28105	1.40525	6.36355	1.68630	6.18577	7.34983
486	0.28479	1.42399	6.33236	1.70878	6.13930	7.38727
487	0.28837	1.44187	6.30111	1.73024	6.09520	7.41362
488	0.29172	1.45862	6.26980	1.75033	6.05351	7.42906
489	0.29479	1.47400	6.23844	1.76879	6.01423	7.43384
490	0.29756	1.48781	6.20704	1.78537	5.97732	7.42825
491	0.29997	1.49989	6.17560	1.79986	5.94277	7.41257
492	0.30201	1.51008	6.14414	1.81209	5.91051	7.38710
493	0.30365	1.51829	6.11267	1.82194	5.88049	7.35213
494	0.30488	1.52441	6.08119	1.82929	5.85267	7.30791
495	0.30567	1.52839	6.04973	1.83407	5.82698	7.25469
496	0.30603	1.53019	6.01830	1.83623	5.80336	7.19269
497	0.30595	1.52980	5.98691	1.83575	5.78175	7.12209
498	0.30544	1.52720	5.95559	1.83264	5.76210	7.04307
499	0.30448	1.52244	5.92436	1.82692	5.74434	6.95579
500	0.30311	1.51555	5.89324	1.81865	5.72841	6.86040
501	0.30132	1.50661	5.86225	1.80793	5.71424	6.75704
502	0.29914	1.49572	5.83142	1.79486	5.70175	6.64587
503	0.29660	1.48300	5.80077	1.77959	5.69087	6.52709
504	0.29372	1.46859	5.77032	1.76231	5.68149	6.40093
505	0.29054	1.45269	5.74011	1.74323	5.67348	6.26769
506	0.28710	1.43550	5.71016	1.72260	5.66673	6.12779
507	0.28346	1.41728	5.68049	1.70074	5.66105	5.98176
508	0.27966	1.39831	5.65113	1.67797	5.65625	5.83033
509	0.27578	1.37890	5.62210	1.65469	5.65210	5.67443
510	0.27189	1.35943	5.59342	1.63132	5.64832	5.51531
511	0.26806	1.34028	5.56511	1.60834	5.64462	5.35449
512	0.26438	1.32187	5.53719	1.58624	5.64063	5.19391
513	0.26093	1.30463	5.50967	1.56556	5.63597	5.03591
514	0.25781	1.28901	5.48255	1.54682	5.63024	4.88325
515	0.25509	1.27544	5.45584	1.53053	5.62301	4.73905
516	0.25287	1.26431	5.42955	1.51718	5.61385	4.60674
517	0.25120	1.25597	5.40367	1.50717	5.60236	4.48987
518	0.25014	1.25069	5.37821	1.50084	5.58819	4.39187
519	0.24973	1.24865	5.35316	1.49838	5.57106	4.31577
520	0.24999	1.24990	5.32854	1.49989	5.55075	4.26389
521	0.25089	1.25442	5.30435	1.50531	5.52718	4.23758
522	0.25241	1.26205	5.28063	1.51446	5.50035	4.23707
523	0.25451	1.27253	5.25739	1.52704	5.47036	4.26146
524	0.25712	1.28555	5.23468	1.54267	5.43743	4.30886
525	0.26015	1.30072	5.21253	1.56087	5.40183	4.37663
526	0.26353	1.31761	5.19101	1.58113	5.36389	4.46166
527	0.26716	1.33578	5.17014	1.60294	5.32399	4.56066
528	0.27096	1.35479	5.14999	1.62575	5.28251	4.67040
529	0.27485	1.37422	5.13059	1.64907	5.23986	4.78785
530	0.27874	1.39368	5.11199	1.67241	5.19643	4.91030
531	0.28256	1.41278	5.09421	1.69534	5.15260	5.03535
532	0.28624	1.43121	5.07728	1.71746	5.10873	5.16099
533	0.28973	1.44867	5.06123	1.73841	5.06515	5.28547
534	0.29298	1.46490	5.04607	1.75788	5.02221	5.40737
535	0.29594	1.47969	5.03181	1.77562	4.98019	5.52549
536	0.29856	1.49283	5.01846	1.79139	4.93939	5.63881
537	0.30083	1.50417	5.00601	1.80500	4.90008	5.74650
538	0.30271	1.51359	4.99446	1.81630	4.86251	5.84784
539	0.30419	1.52097	4.98381	1.82516	4.82694	5.94220
540	0.30525	1.52625	4.97405	1.83150	4.79361	6.02903
541	0.30587	1.52937	4.96516	1.83524	4.76274	6.10784
542	0.30606	1.53030	4.95714	1.83635	4.73456	6.17817
543	0.30580	1.52903	4.94997	1.83483	4.70928	6.23958
544	0.30511	1.52556	4.94364	1.83067	4.68712	6.29165
545	0.30398	1.51995	4.93813	1.82393	4.66828	6.33396
546	0.30244	1.51224	4.93344	1.81468	4.65296	6.36612
547	0.30050	1.50251	4.92956	1.80301	4.64133	6.38771
548	0.29817	1.49087	4.92647	1.78904	4.63357	6.39832
549	0.29549	1.47746	4.92419	1.77295	4.62984	6.39754
550	0.29248	1.46244	4.92270	1.75492	4.63026	6.38499
551	0.28919	1.44600	4.92201	1.73519	4.63494	6.36027
552	0.28567	1.42837	4.92212	1.71404	4.64395	6.32303
553	0.28196	1.40981	4.92305	1.69177	4.65734	6.27297
554	0.27812	1.39063	4.92481	1.66875	4.67507	6.20985
555	0.27423	1.37115	4.92741	1.64538	4.69707	6.13354
556	0.27035	1.35176	4.93088	1.62211	4.72322	6.04405
557	0.26657	1.33285	4.93523	1.59942	4.75329	5.94158
558	0.26297	1.31486	4.94048	1.57782	4.78699	5.82655
559	0.25964	1.29821	4.94665	1.55785	4.82394	5.69972
560	0.25667	1.28335	4.95376	1.54002	4.86369	5.56215
561	0.25414	1.27071	4.96182	1.52485	4.90570	5.41537
562	0.25213	1.26065	4.97084	1.51278	4.94937	5.26131
563	0.25070	1.25350	4.98082	1.50420	4.99406	5.10239
564	0.24990	1.24949	4.99177	1.49939	5.03908	4.94148
565	0.24975	1.24875	5.00366	1.49851	5.08380	4.78183
566	0.25027	1.25132	5.01647	1.50158	5.12758	4.62698
567	0.25142	1.25709	5.03018	1.50851	5.16985	4.48062
568	0.25318	1.26589	5.04475	1.51907	5.21016	4.34642
569	0.25549	1.27743	5.06012	1.53292	5.24811	4.22781
570	0.25827	1.29135	5.07626	1.54962	5.28343	4.12779
571	0.26146	1.30725	5.09311	1.56871	5.31596	4.04876
572	0.26495	1.32470	5.11062	1.58965	5.34561	3.99233
573	0.26866	1.34326	5.12874	1.61192	5.37240	3.95929
574	0.27250	1.36249	5.14743	1.63499	5.39639	3.94958
575	0.27640	1.38197	5.16667	1.65837	5.41773	3.96234
576	0.28027	1.40133	5.18644	1.68160	5.43660	3.99610
577	0.28405	1.42021	5.20673	1.70425	5.45320	4.04894
578	0.28766	1.43828	5.22752	1.72594	5.46775	4.11864
579	0.29106	1.45528	5.24882	1.74634	5.48048	4.20289
580	0.29420	1.47096	5.27064	1.76516	5.49163	4.29941
581	0.29703	1.48511	5.29298	1.78214	5.50141	4.40605
582	0.29951	1.49755	5.31584	1.79707	5.51004	4.52082
583	0.30163	1.50815	5.33923	1.80978	5.51772	4.64197
584	0.30336	1.51677	5.36314	1.82012	5.52462	4.76794
585	0.30467	1.52332	5.38756	1.82799	5.53092	4.89740
586	0.30555	1.52775	5.41251	1.83330	5.53678	5.02919
587	0.30600	1.53000	5.43795	1.83600	5.54235	5.16231
588	0.30601	1.53005	5.46389	1.83606	5.54775	5.29592
589	0.30558	1.52790	5.49030	1.83349	5.55311	5.42925
590	0.30472	1.52358	5.51716	1.82830	5.55858	5.56163
591	0.30343	1.51712	5.54446	1.82055	5.56426	5.69246
592	0.30172	1.50860	5.57217	1.81032	5.57028	5.82117
593	0.29962	1.49810	5.60027	1.79772	5.57678	5.94719
594	0.29715	1.48574	5.62872	1.78289	5.58390	6.06998
595	0.29433	1.47167	5.65751	1.76600	5.59180	6.18895
596	0.29121	1.45606	5.68661	1.74727	5.60063	6.30351
597	0.28782	1.43912	5.71598	1.72694	5.61059	6.41299
598	0.28421	1.42108	5.74560	1.70530	5.62188	6.51671
599	0.28044	1.40224	5.77544	1.68268	5.63473	6.61390
600	0.27658	1.38290	5.80548	1.65947	5.64937	6.70373
601	0.27268	1.36341	5.83570	1.63609	5.66608	6.78534
602	0.26883	1.34416	5.86606	1.61299	5.68512	6.85781
603	0.26511	1.32556	5.89654	1.59067	5.70675	6.92020
604	0.26160	1.30805	5.92713	1.56966	5.73125	6.97156
605	0.25841	1.29207	5.95781	1.55047	5.75886	7.01104
606	0.25560	1.27804	5.98856	1.53364	5.78975	7.03783
607	0.25327	1.26638	6.01936	1.51965	5.82409	7.05131
608	0.25148	1.25745	6.05021	1.50893	5.86191	7.05107
609	0.25030	1.25152	6.08109	1.50182	5.90320	7.03697
610	0.24976	1.24881	6.11200	1.49856	5.94782	7.00915
611	0.24987	1.24939	6.14293	1.49926	5.99554	6.96811
612	0.25064	1.25324	6.17387	1.50389	6.04604	6.91467
613	0.25205	1.26025	6.20483	1.51230	6.09892	6.84994
614	0.25403	1.27017	6.23579	1.52421	6.15374	6.77530
615	0.25654	1.28270	6.26676	1.53924	6.21001	6.69232
616	0.25949	1.29746	6.29772	1.55696	6.26725	6.60273
617	0.26281	1.31403	6.32868	1.57684	6.32499	6.50829
618	0.26640	1.33198	6.35962	1.59837	6.38278	6.41082
619	0.27017	1.35085	6.39054	1.62102	6.44021	6.31211
620	0.27405	1.37023	6.42142	1.64428	6.49691	6.21390
621	0.27794	1.38971	6.45227	1.66765	6.55257	6.11785
622	0.28179	1.40891	6.48306	1.69070	6.60690	6.02556
623	0.28551	1.42751	6.51378	1.71301	6.65966	5.93854
624	0.28904	1.44519	6.54442	1.73423	6.71066	5.85820
625	0.29234	1.46169	6.57496	1.75403	6.75971	5.78588
626	0.29536	1.47678	6.60538	1.77214	6.80666	5.72283
627	0.29806	1.49027	6.63568	1.78833	6.85140	5.67019
628	0.30040	1.50199	6.66584	1.80240	6.89380	5.62900
629	0.30237	1.51181	6.69584	1.81418	6.93378	5.60021
630	0.30393	1.51962	6.72568	1.82355	6.97126	5.58461
631	0.30507	1.52534	6.75533	1.83041	7.00615	5.58288
632	0.30579	1.52890	6.78479	1.83469	7.03841	5.59554
633	0.30606	1.53028	6.81406	1.83634	7.06799	5.62292
634	0.30590	1.52946	6.84313	1.83535	7.09484	5.66522
635	0.30529	1.52644	6.87200	1.83173	7.11894	5.72242
636	0.30426	1.52126	6.90066	1.82552	7.14028	5.79433
637	0.30280	1.51397	6.92911	1.81677	7.15884	5.88058
638	0.30094	1.50465	6.95736	1.80559	7.17466	5.98062
639	0.29868	1.49340	6.98540	1.79208	7.18775	6.09370
640	0.29607	1.48034	7.01325	1.77641	7.19818	6.21892
641	0.29313	1.46563	7.04089	1.75876	7.20604	6.35521
642	0.28990	1.44946	7.06834	1.73936	7.21142	6.50133
643	0.28641	1.43206	7.09559	1.71847	7.21451	6.65587
644	0.28274	1.41367	7.12264	1.69640	7.21548	6.81726
645	0.27892	1.39459	7.14950	1.67351	7.21461	6.98378
646	0.27503	1.37514	7.17615	1.65017	7.21220	7.15353
647	0.27114	1.35570	7.20259	1.62684	7.20864	7.32446
648	0.26733	1.33666	7.22883	1.60399	7.20437	7.49435
649	0.26369	1.31844	7.25485	1.58213	7.19992	7.66087
650	0.26029	1.30149	7.28064	1.56178	7.19587	7.82158
651	0.25724	1.28623	7.30620	1.54347	7.19284	7.97399
652	0.25462	1.27310	7.33153	1.52772	7.19152	8.11563
653	0.25249	1.26249	7.35661	1.51498	7.19258	8.24409
654	0.25094	1.25472	7.38143	1.50566	7.19667	8.35718
655	0.25000	1.25005	7.40600	1.50006	7.20438	8.45297
656	0.24972	1.24864	7.43029	1.49836	7.21620	8.52990
657	0.25010	1.25053	7.45432	1.50063	7.23248	8.58686
658	0.25113	1.25567	7.47806	1.50679	7.25344	8.62320
659	0.25277	1.26387	7.50153	1.51663	7.27910	8.63879
660	0.25497	1.27487	7.52472	1.52983	7.30937	8.63397
661	0.25766	1.28833	7.54763	1.54599	7.34397	8.60948
662	0.26077	1.30386	7.57026	1.56463	7.38254	8.56646
663	0.26420	1.32103	7.59261	1.58523	7.42461	8.50630
664	0.26787	1.33940	7.61468	1.60727	7.46965	8.43062
665	0.27170	1.35852	7.63648	1.63022	7.51712	8.34117
666	0.27559	1.37799	7.65801	1.65358	7.56644	8.23980
667	0.27948	1.39740	7.67926	1.67688	7.61708	8.12841
668	0.28328	1.41640	7.70025	1.69968	7.66849	8.00892
669	0.28693	1.43466	7.72097	1.72160	7.72017	7.88324
670	0.29038	1.45191	7.74142	1.74229	7.77167	7.75330
671	0.29358	1.46787	7.76161	1.76145	7.82255	7.62103
672	0.29647	1.48235	7.78152	1.77882	7.87241	7.48835
673	0.29903	1.49515	7.80116	1.79419	7.92091	7.35721
674	0.30123	1.50613	7.82053	1.80736	7.96769	7.22954
675	0.30304	1.51516	7.83961	1.81820	8.01248	7.10732
676	0.30444	1.52215	7.85841	1.82658	8.05498	6.99253
677	0.30541	1.52701	7.87691	1.83242	8.09494	6.88716
678	0.30595	1.52971	7.89512	1.83566	8.13214	6.79320
679	0.30605	1.53021	7.91301	1.83627	8.16635	6.71260
680	0.30571	1.52852	7.93060	1.83423	8.19738	6.64721
681	0.30494	1.52464	7.94786	1.82957	8.22504	6.59880
682	0.30373	1.51861	7.96480	1.82234	8.24918	6.56894
683	0.30211	1.51050	7.98140	1.81261	8.26964	6.55900
684	0.30009	1.50040	7.99768	1.80049	8.28631	6.57002
685	0.29769	1.48841	8.01362	1.78610	8.29906	6.60272
686	0.29494	1.47467	8.02923	1.76962	8.30783	6.65742
687	0.29188	1.45936	8.04451	1.75124	8.31257	6.73402
688	0.28854	1.44267	8.05946	1.73122	8.31327	6.83195
689	0.28498	1.42484	8.07409	1.70982	8.30996	6.95020
690	0.28124	1.40614	8.08840	1.68738	8.30273	7.08731
691	0.27738	1.38687	8.10240	1.66426	8.29173	7.24141
692	0.27348	1.36739	8.11608	1.64087	8.27718	7.41020
693	0.26962	1.34806	8.12946	1.61767	8.25938	7.59103
694	0.26586	1.32929	8.14255	1.59515	8.23875	7.78091
695	0.26231	1.31152	8.15533	1.57383	8.21578	7.97658
696	0.25904	1.29519	8.16781	1.55423	8.19108	8.17456
697	0.25615	1.28073	8.17999	1.53687	8.16537	8.37119
698	0.25371	1.26856	8.19188	1.52227	8.13943	8.56281
699	0.25180	1.25904	8.20346	1.51084	8.11413	8.74575
700	0.25049	1.25248	8.21473	1.50297	8.09036	8.91656
701	0.24981	1.24910	8.22570	1.49891	8.06900	9.07205
702	0.24979	1.24900	8.23635	1.49879	8.05088	9.20945
703	0.25043	1.25219	8.24668	1.50262	8.03673	9.32652
704	0.25171	1.25857	8.25669	1.51028	8.02712	9.42157
705	0.25358	1.26792	8.26638	1.52150	8.02248	9.49353
706	0.25598	1.27995	8.27574	1.53593	8.02303	9.54192
707	0.25885	1.29429	8.28476	1.55313	8.02884	9.56682
708	0.26209	1.31052	8.29346	1.57262	8.03978	9.56875
709	0.26563	1.32822	8.30183	1.59386	8.05560	9.54866
710	0.26938	1.34694	8.30987	1.61632	8.07594	9.50777
711	0.27324	1.36625	8.31759	1.63949	8.10034	9.44756
712	0.27714	1.38574	8.32498	1.66288	8.12830	9.36963
713	0.28100	1.40503	8.33205	1.68603	8.15928	9.27569
714	0.28475	1.42377	8.33880	1.70852	8.19272	9.16752
715	0.28833	1.44166	8.34523	1.72999	8.22807	9.04691
716	0.29168	1.45842	8.35135	1.75010	8.26480	8.91569
717	0.29476	1.47382	8.35717	1.76858	8.30239	8.77568
718	0.29753	1.48765	8.36268	1.78518	8.34036	8.62872
719	0.29995	1.49975	8.36788	1.79970	8.37824	8.47665
720	0.30199	1.50997	8.37278	1.81196	8.41560	8.32137
721	0.30364	1.51819	8.37737	1.82184	8.45204	8.16479
722	0.30487	1.52434	8.38166	1.82922	8.48717	8.00889
723	0.30567	1.52835	8.38564	1.83403	8.52063	7.85571
724	0.30604	1.53018	8.38931	1.83622	8.55208	7.70737
725	0.30597	1.52980	8.39267	1.83577	8.58121	7.56604
726	0.30545	1.52723	8.39572	1.83269	8.60772	7.43399
727	0.30451	1.52249	8.39844	1.82700	8.63131	7.31352
728	0.30313	1.51563	8.40084	1.81877	8.65173	7.20695
729	0.30135	1.50672	8.40290	1.80807	8.66870	7.11660
730	0.29918	1.49585	8.40463	1.79503	8.68200	7.04467
731	0.29664	1.48315	8.40602	1.77979	8.69141	6.99322
732	0.29376	1.46876	8.40707	1.76253	8.69671	6.96407
733	0.29059	1.45288	8.40777	1.74346	8.69775	6.95867
734	0.28715	1.43571	8.40812	1.72286	8.69437	6.97803
735	0.28351	1.41749	8.40813	1.70100	8.68648	7.02266
736	0.27972	1.39853	8.40779	1.67824	8.67400	7.09243
737	0.27584	1.37913	8.40712	1.65496	8.65695	7.18661
738	0.27194	1.35966	8.40611	1.63160	8.63539	7.30379
739	0.26811	1.34050	8.40477	1.60861	8.60948	7.44190
740	0.26442	1.32208	8.40310	1.58650	8.57948	7.59828
741	0.26097	1.30483	8.40111	1.56580	8.54573	7.76971
742	0.25784	1.28919	8.39881	1.54703	8.50873	7.95254
743	0.25512	1.27559	8.39620	1.53071	8.46908	8.14273
744	0.25289	1.26443	8.39327	1.51732	8.42748	8.33604
745	0.25121	1.25606	8.39004	1.50727	8.38476	8.52815
746	0.25015	1.25074	8.38649	1.50089	8.34181	8.71484
747	0.24973	1.24866	8.38264	1.49839	8.29957	8.89210
748	0.24997	1.24988	8.37847	1.49985	8.25894	9.05632
749	0.25087	1.25436	8.37398	1.50522	8.22082	9.20440
750	0.25238	1.26195	8.36918	1.51433	8.18597	9.33383
751	0.25447	1.27240	8.36405	1.52688	8.15503	9.44273
752	0.25707	1.28540	8.35860	1.54247	8.12849	9.52987
753	0.26010	1.30054	8.35281	1.56064	8.10668	9.59460
754	0.26347	1.31741	8.34670	1.58088	8.08974	9.63682
755	0.26710	1.33557	8.34025	1.60267	8.07769	9.65685
756	0.27090	1.35457	8.33348	1.62548	8.07041	9.65538
757	0.27479	1.37400	8.32636	1.64879	8.06764	9.63337
758	0.27868	1.39345	8.31892	1.67214	8.06909	9.59198
759	0.28250	1.41257	8.31115	1.69507	8.07438	9.53251
760	0.28619	1.43101	8.30305	1.71720	8.08307	9.45632
761	0.28969	1.44848	8.29463	1.73817	8.09473	9.36485
762	0.29294	1.46472	8.28588	1.75766	8.10890	9.25954
763	0.29590	1.47952	8.27682	1.77542	8.12513	9.14187
764	0.29853	1.49268	8.26744	1.79121	8.14296	9.01330
765	0.30081	1.50405	8.25776	1.80485	8.16196	8.87532
766	0.30269	1.51349	8.24777	1.81618	8.18170	8.72941
767	0.30418	1.52090	8.23747	1.82507	8.20178	8.57710
768	0.30524	1.52620	8.22688	1.83144	8.22180	8.41993
769	0.30587	1.52934	8.21598	1.83521	8.24139	8.25951
770	0.30606	1.53030	8.20479	1.83636	8.26018	8.09751
771	0.30581	1.52905	8.19330	1.83486	8.27783	7.93568
772	0.30513	1.52561	8.18152	1.83074	8.29401	7.77588
773	0.30401	1.52002	8.16943	1.82403	8.30838	7.62006
774	0.30247	1.51233	8.15705	1.81480	8.32063	7.47030
775	0.30053	1.50263	8.14436	1.80316	8.33045	7.32879
776	0.29821	1.49101	8.13136	1.78922	8.33755	7.19781
777	0.29553	1.47762	8.11805	1.77315	8.34164	7.07973
778	0.29253	1.46262	8.10443	1.75515	8.34243	6.97694
779	0.28925	1.44619	8.09048	1.73544	8.33966	6.89176
780	0.28572	1.42857	8.07621	1.71430	8.33308	6.82641
781	0.28201	1.41003	8.06162	1.69204	8.32247	6.78287
782	0.27818	1.39085	8.04669	1.66903	8.30763	6.76274
783	0.27428	1.37137	8.03144	1.64566	8.28840	6.76712
784	0.27040	1.35198	8.01586	1.62238	8.26469	6.79653
785	0.26662	1.33306	7.99996	1.59968	8.23646	6.85076
786	0.26302	1.31505	7.98374	1.57807	8.20375	6.92884
787	0.25969	1.29839	7.96720	1.55807	8.16669	7.02900
788	0.25671	1.28351	7.95035	1.54022	8.12554	7.14873
789	0.25417	1.27084	7.93320	1.52501	8.08064	7.28485
790	0.25215	1.26075	7.91576	1.51290	8.03249	7.43365
791	0.25072	1.25356	7.89802	1.50428	7.98166	7.59106
792	0.24991	1.24952	7.87999	1.49942	7.92886	7.75282
793	0.24975	1.24874	7.86168	1.49849	7.87484	7.91471
794	0.25025	1.25127	7.84309	1.50152	7.82042	8.07271
795	0.25140	1.25701	7.82421	1.50841	7.76641	8.22319
796	0.25315	1.26578	7.80505	1.51893	7.71358	8.36300
797	0.25545	1.27728	7.78561	1.53273	7.66264	8.48956
798	0.25823	1.29118	7.76587	1.54941	7.61418	8.60089
799	0.26141	1.30706	7.74585	1.56847	7.56871	8.69558
800	0.26489	1.32450	7.72554	1.58939	7.52660	8.77275
801	0.26860	1.34304	7.70493	1.61165	7.48808	8.83197
802	0.27245	1.36227	7.68402	1.63471	7.45330	8.87322
803	0.27634	1.38175	7.66282	1.65809	7.42230	8.89674
804	0.28021	1.40111	7.64132	1.68133	7.39501	8.90304
805	0.28399	1.42000	7.61952	1.70399	7.37131	8.89278
806	0.28761	1.43808	7.59742	1.72569	7.35104	8.86672
807	0.29101	1.45510	7.57504	1.74611	7.33396	8.82573
808	0.29415	1.47079	7.55236	1.76495	7.31984	8.77069
809	0.29699	1.48496	7.52940	1.78195	7.30840	8.70252
810	0.29948	1.49743	7.50615	1.79690	7.29937	8.62214
811	0.30160	1.50804	7.48263	1.80964	7.29245	8.53047
812	0.30333	1.51668	7.45884	1.82001	7.28736	8.42842
813	0.30465	1.52326	7.43478	1.82791	7.28382	8.31692
814	0.30554	1.52771	7.41047	1.83325	7.28153	8.19687
815	0.30599	1.52999	7.38591	1.83598	7.28022	8.06919
816	0.30601	1.53007	7.36110	1.83608	7.27961	7.93483
817	0.30559	1.52795	7.33606	1.83353	7.27943	7.79475
818	0.30473	1.52365	7.31078	1.82838	7.27942	7.64998
819	0.30344	1.51721	7.28529	1.82066	7.27931	7.50159
820	0.30174	1.50871	7.25957	1.81046	7.27883	7.35074
821	0.29965	1.49824	7.23364	1.79788	7.27772	7.19869
822	0.29718	1.48590	7.20749	1.78308	7.27572	7.04680
823	0.29437	1.47184	7.18114	1.76621	7.27255	6.89659
824	0.29125	1.45625	7.15458	1.74750	7.26794	6.74971
825	0.28787	1.43932	7.12781	1.72719	7.26162	6.60797
826	0.28426	1.42130	7.10084	1.70556	7.25330	6.47337
827	0.28050	1.40246	7.07366	1.68296	7.24271	6.34800
828	0.27663	1.38312	7.04628	1.65975	7.22955	6.23411
829	0.27273	1.36363	7.01868	1.63637	7.21357	6.13396
830	0.26888	1.34438	6.99087	1.61326	7.19449	6.04979
831	0.26516	1.32577	6.96285	1.59093	7.17208	5.98366
832	0.26166	1.30824	6.93462	1.56990	7.14613	5.93734
833	0.25845	1.29224	6.90618	1.55069	7.11651	5.91212
834	0.25564	1.27818	6.87754	1.53383	7.08310	5.90868
835	0.25331	1.26650	6.84869	1.51980	7.04591	5.92696
836	0.25151	1.25753	6.81966	1.50904	7.00501	5.96611
837	0.25032	1.25157	6.79045	1.50189	6.96057	6.02447
838	0.24977	1.24881	6.76108	1.49858	6.91286	6.09972
839	0.24987	1.24935	6.73154	1.49923	6.86225	6.18894
840	0.25064	1.25317	6.70187	1.50381	6.80919	6.28892
841	0.25203	1.26014	6.67207	1.51217	6.75416	6.39626
842	0.25401	1.27004	6.64215	1.52404	6.69769	6.50767
843	0.25651	1.28254	6.61212	1.53905	6.64034	6.62006
844	0.25945	1.29728	6.58200	1.55673	6.58261	6.73071
845	0.26276	1.31383	6.55178	1.57659	6.52501	6.83728
846	0.26635	1.33176	6.52148	1.59811	6.46797	6.93787
847	0.27012	1.35063	6.49110	1.62075	6.41188	7.03099
848	0.27400	1.37000	6.46065	1.64400	6.35707	7.11552
849	0.27789	1.38948	6.43012	1.66737	6.30381	7.19067
850	0.28173	1.40869	6.39952	1.69043	6.25230	7.25591
851	0.28545	1.42730	6.36885	1.71275	6.20272	7.31094
852	0.28899	1.44499	6.33812	1.73398	6.15519	7.35561
853	0.29230	1.46151	6.30734	1.75380	6.10980	7.38988
854	0.29532	1.47662	6.27649	1.77194	6.06660	7.41384
855	0.29802	1.49013	6.24559	1.78815	6.02562	7.42759
856	0.30037	1.50187	6.21465	1.80224	5.98689	7.43129
857	0.30234	1.51172	6.18367	1.81405	5.95041	7.42512
858	0.30390	1.51955	6.15266	1.82346	5.91618	7.40923
859	0.30505	1.52529	6.12163	1.83034	5.88417	7.38381
860	0.30577	1.52888	6.09059	1.83465	5.85439	7.34899
861	0.30605	1.53029	6.05955	1.83634	5.82679	7.30492
862	0.30589	1.52949	6.02853	1.83538	5.80137	7.25170
863	0.30529	1.52650	5.99754	1.83179	5.77809	7.18943
864	0.30426	1.52134	5.96660	1.82561	5.75693	7.11818
865	0.30281	1.51408	5.93574	1.81689	5.73787	7.03802
866	0.30095	1.50478	5.90496	1.80573	5.72085	6.94900
867	0.29871	1.49355	5.87430	1.79226	5.70584	6.85118
868	0.29610	1.48051	5.84378	1.77661	5.69278	6.74464
869	0.29316	1.46582	5.81341	1.75898	5.68161	6.62948
870	0.28993	1.44967	5.78323	1.73960	5.67223	6.50586
871	0.28645	1.43228	5.75327	1.71873	5.66453	6.37402
872	0.28278	1.41389	5.72354	1.69667	5.65837	6.23432
873	0.27896	1.39482	5.69407	1.67378	5.65358	6.08725
874	0.27507	1.37538	5.66489	1.65045	5.64996	5.93351
875	0.27119	1.35593	5.63603	1.62712	5.64723	5.77405
876	0.26738	1.33688	5.60750	1.60426	5.64511	5.61011
877	0.26373	1.31865	5.57933	1.58238	5.64324	5.44329
878	0.26034	1.30167	5.55153	1.56201	5.64124	5.27561
879	0.25728	1.28639	5.52411	1.54368	5.63868	5.10952
880	0.25465	1.27324	5.49709	1.52789	5.63510	4.94789
881	0.25252	1.26259	5.47047	1.51511	5.63004	4.79401
882	0.25096	1.25479	5.44425	1.50575	5.62305	4.65143
883	0.25002	1.25008	5.41844	1.50010	5.61369	4.52382
884	0.24973	1.24863	5.39304	1.49836	5.60161	4.41474
885	0.25010	1.25048	5.36803	1.50058	5.58652	4.32729
886	0.25112	1.25557	5.34344	1.50670	5.56822	4.26390
887	0.25275	1.26374	5.31926	1.51649	5.54661	4.22601
888	0.25495	1.27471	5.29551	1.52966	5.52173	4.21398
889	0.25764	1.28815	5.27223	1.54578	5.49367	4.22708
890	0.26074	1.30366	5.24944	1.56440	5.46263	4.26358
891	0.26417	1.32081	5.22719	1.58498	5.42888	4.32103
892	0.26784	1.33917	5.20553	1.60700	5.39274	4.39652
893	0.27166	1.35829	5.18449	1.62995	5.35455	4.48690
894	0.27555	1.37775	5.16414	1.65330	5.31467	4.58907
895	0.27944	1.39717	5.14451	1.67660	5.27348	4.70010
896	0.28324	1.41618	5.12565	1.69941	5.23133	4.81731
897	0.28689	1.43445	5.10759	1.72134	5.18858	4.93835
898	0.29034	1.45171	5.09037	1.74205	5.14558	5.06118
899	0.29354	1.46769	5.07401	1.76123	5.10263	5.18404
900	0.29644	1.48219	5.05852	1.77863	5.06006	5.30545
901	0.29900	1.49502	5.04394	1.79402	5.01814	5.42415
902	0.30120	1.50602	5.03025	1.80722	4.97717	5.53908
903	0.30301	1.51507	5.01748	1.81809	4.93742	5.64933
904	0.30441	1.52209	5.00561	1.82650	4.89913	5.75408
905	0.30539	1.52698	4.99464	1.83237	4.86257	5.85266
906	0.30594	1.52970	4.98456	1.83564	4.82799	5.94442
907	0.30604	1.53023	4.97538	1.83627	4.79562	6.02879
908	0.30571	1.52856	4.96706	1.83427	4.76572	6.10522
909	0.30494	1.52471	4.95960	1.82964	4.73851	6.17321
910	0.30374	1.51871	4.95299	1.82244	4.71424	6.23224
911	0.30212	1.51062	4.94722	1.81274	4.69313	6.28181
912	0.30010	1.50054	4.94226	1.80064	4.67542	6.32142
913	0.29771	1.48857	4.93812	1.78628	4.66132	6.35057
914	0.29497	1.47486	4.93477	1.76983	4.65105	6.36876
915	0.29191	1.45957	4.93222	1.75147	4.64480	6.37548
916	0.28857	1.44289	4.93047	1.73146	4.64275	6.37024
917	0.28501	1.42507	4.92950	1.71008	4.64504	6.35255
918	0.28127	1.40638	4.92933	1.68765	4.65179	6.32199
919	0.27742	1.38712	4.92996	1.66453	4.66306	6.27815
920	0.27352	1.36763	4.93140	1.64115	4.67887	6.22074
921	0.26965	1.34829	4.93367	1.61795	4.69917	6.14957
922	0.26590	1.32952	4.93678	1.59542	4.72383	6.06462
923	0.26234	1.31173	4.94076	1.57407	4.75263	5.96609
924	0.25907	1.29538	4.94562	1.55445	4.78527	5.85443
925	0.25618	1.28089	4.95137	1.53707	4.82136	5.73044
926	0.25373	1.26869	4.95805	1.52242	4.86041	5.59530
927	0.25183	1.25913	4.96566	1.51096	4.90185	5.45060
928	0.25051	1.25254	4.97422	1.50304	4.94504	5.29837
929	0.24982	1.24911	4.98372	1.49894	4.98932	5.14109
930	0.24980	1.24898	4.99417	1.49877	5.03401	4.98162
931	0.25043	1.25213	5.00556	1.50256	5.07845	4.82312
932	0.25170	1.25847	5.01787	1.51017	5.12202	4.66899
933	0.25356	1.26779	5.03107	1.52135	5.16420	4.52267
934	0.25596	1.27978	5.04513	1.53574	5.20453	4.38752
935	0.25882	1.29409	5.06000	1.55292	5.24266	4.26664
936	0.26207	1.31031	5.07564	1.57237	5.27835	4.16276
937	0.26560	1.32799	5.09200	1.59359	5.31144	4.07805
938	0.26935	1.34670	5.10903	1.61605	5.34185	4.01404
939	0.27321	1.36601	5.12667	1.63921	5.36959	3.97158
940	0.27710	1.38550	5.14490	1.66260	5.39472	3.95079
941	0.28096	1.40479	5.16367	1.68575	5.41734	3.95117
942	0.28471	1.42354	5.18296	1.70826	5.43759	3.97164
943	0.28829	1.44145	5.20276	1.72974	5.45565	4.01070
944	0.29165	1.45822	5.22306	1.74987	5.47169	4.06657
945	0.29473	1.47364	5.24384	1.76837	5.48592	4.13731
946	0.29750	1.48749	5.26512	1.78500	5.49851	4.22095
947	0.29993	1.49961	5.28690	1.79954	5.50967	4.31559
948	0.30198	1.50985	5.30918	1.81183	5.51958	4.41945
949	0.30363	1.51811	5.33196	1.82173	5.52839	4.53088
950	0.30486	1.52428	5.35524	1.82914	5.53628	4.64843
951	0.30567	1.52832	5.37903	1.83398	5.54340	4.77079
952	0.30604	1.53017	5.40331	1.83621	5.54988	4.89685
953	0.30597	1.52982	5.42809	1.83579	5.55585	5.02559
954	0.30546	1.52728	5.45335	1.83274	5.56144	5.15614
955	0.30452	1.52257	5.47908	1.82708	5.56676	5.28773
956	0.30315	1.51573	5.50527	1.81888	5.57194	5.41964
957	0.30137	1.50684	5.53189	1.80821	5.57709	5.55123
958	0.29920	1.49600	5.55892	1.79520	5.58233	5.68187
959	0.29666	1.48332	5.58635	1.77998	5.58779	5.81095
960	0.29379	1.46895	5.61414	1.76274	5.59363	5.93784
961	0.29062	1.45308	5.64228	1.74370	5.60000	6.06190
962	0.28718	1.43593	5.67074	1.72311	5.60707	6.18244
963	0.28354	1.41773	5.69949	1.70127	5.61505	6.29871
964	0.27975	1.39877	5.72850	1.67852	5.62416	6.40992
965	0.27587	1.37937	5.75775	1.65524	5.63465	6.51518
966	0.27198	1.35990	5.78721	1.63187	5.64679	6.61356
967	0.26814	1.34074	5.81685	1.60888	5.66088	6.70405
968	0.26446	1.32230	5.84665	1.58676	5.67722	6.78562
969	0.26100	1.30503	5.87659	1.56603	5.69612	6.85721
970	0.25787	1.28937	5.90664	1.54724	5.71787	6.91777
971	0.25514	1.27575	5.93679	1.53089	5.74276	6.96636
972	0.25291	1.26456	5.96702	1.51746	5.77099	7.00211
973	0.25122	1.25615	5.99731	1.50737	5.80273	7.02439
974	0.25015	1.25079	6.02765	1.50094	5.83803	7.03278
975	0.24973	1.24867	6.05803	1.49839	5.87689	7.02716
976	0.24996	1.24984	6.08845	1.49981	5.91916	7.00771
977	0.25085	1.25428	6.11888	1.50514	5.96461	6.97494
978	0.25236	1.26184	6.14934	1.51420	6.01294	6.92967
979	0.25445	1.27226	6.17981	1.52671	6.06376	6.87297
980	0.25704	1.28522	6.21030	1.54226	6.11663	6.80613
981	0.26007	1.30034	6.24079	1.56041	6.17111	6.73060
982	0.26344	1.31719	6.27128	1.58063	6.22674	6.64790
983	0.26707	1.33534	6.30177	1.60240	6.28308	6.55964
984	0.27087	1.35433	6.33225	1.62520	6.33970	6.46742
985	0.27475	1.37376	6.36272	1.64851	6.39622	6.37280
986	0.27864	1.39321	6.39316	1.67186	6.45229	6.27732
987	0.28247	1.41233	6.42357	1.69480	6.50761	6.18248
988	0.28616	1.43078	6.45394	1.71694	6.56189	6.08973
989	0.28966	1.44827	6.48425	1.73792	6.61491	6.00045
990	0.29291	1.46453	6.51449	1.75744	6.66643	5.91601
991	0.29587	1.47935	6.54464	1.77522	6.71627	5.83772
992	0.29851	1.49253	6.57469	1.79104	6.76427	5.76685
993	0.30079	1.50391	6.60463	1.80470	6.81027	5.70464
994	0.30268	1.51338	6.63444	1.81606	6.85413	5.65228
995	0.30417	1.52081	6.66410	1.82498	6.89573	5.61090
996	0.30523	1.52614	6.69361	1.83138	6.93496	5.58155
997	0.30587	1.52931	6.72294	1.83518	6.97171	5.56519
998	0.30607	1.53029	6.75209	1.83636	7.00588	5.56268
999	0.30582	1.52907	6.78105	1.83489	7.03740	5.57472
1000	0.30514	1.52566	6.80982	1.83080	7.06618	5.60187
1001	0.30403	1.52010	6.83837	1.82412	7.09215	5.64448
1002	0.30249	1.51243	6.86672	1.81493	7.11527	5.70274
1003	0.30056	1.50275	6.89487	1.80331	7.13550	5.77658
1004	0.29824	1.49116	6.92280	1.78940	7.15280	5.86575
1005	0.29556	1.47779	6.95052	1.77336	7.16718	5.96973
1006	0.29257	1.46281	6.97805	1.75537	7.17866	6.08780
1007	0.28928	1.44640	7.00536	1.73568	7.18729	6.21900
1008	0.28576	1.42879	7.03248	1.71456	7.19317	6.36212
1009	0.28206	1.41026	7.05940	1.69231	7.19643	6.51577
1010	0.27822	1.39108	7.08612	1.66930	7.19725	6.67828
1011	0.27433	1.37161	7.11264	1.64594	7.19589	6.84781
1012	0.27044	1.35221	7.13897	1.62266	7.19266	7.02228
1013	0.26666	1.33329	7.16509	1.59995	7.18795	7.19941
1014	0.26305	1.31527	7.19100	1.57832	7.18224	7.37674
1015	0.25972	1.29859	7.21670	1.55830	7.17608	7.55169
1016	0.25673	1.28368	7.24218	1.54042	7.17009	7.72153
1017	0.25419	1.27098	7.26743	1.52517	7.16495	7.88354
1018	0.25217	1.26086	7.29245	1.51303	7.16137	8.03503
1019	0.25072	1.25364	7.31723	1.50436	7.16006	8.17346
1020	0.24990	1.24955	7.34176	1.49946	7.16171	8.29652
1021	0.24974	1.24874	7.36603	1.49848	7.16693	8.40225
1022	0.25024	1.25123	7.39004	1.50146	7.17621	8.48912
1023	0.25138	1.25693	7.41378	1.50831	7.18992	8.55607
1024	0.25312	1.26566	7.43724	1.51878	7.20826	8.60251
1025	0.25542	1.27713	7.46042	1.53255	7.23128	8.62837
1026	0.25819	1.29100	7.48333	1.54920	7.25887	8.63399
1027	0.26137	1.30686	7.50595	1.56823	7.29081	8.62012
1028	0.26485	1.32428	7.52830	1.58913	7.32676	8.58779
1029	0.26856	1.34282	7.55037	1.61137	7.36628	8.53829
1030	0.27240	1.36203	7.57216	1.63443	7.40891	8.47306
1031	0.27630	1.38152	7.59367	1.65782	7.45413	8.39367
1032	0.28017	1.40088	7.61492	1.68105	7.50144	8.30175
1033	0.28395	1.41977	7.63589	1.70372	7.55033	8.19898
1034	0.28757	1.43787	7.65659	1.72544	7.60029	8.08705
1035	0.29098	1.45490	7.67703	1.74588	7.65085	7.96768
1036	0.29412	1.47061	7.69720	1.76473	7.70158	7.84259
1037	0.29696	1.48480	7.71711	1.78176	7.75204	7.71351
1038	0.29946	1.49728	7.73675	1.79674	7.80185	7.58222
1039	0.30159	1.50792	7.75612	1.80950	7.85065	7.45051
1040	0.30332	1.51658	7.77522	1.81990	7.89809	7.32022
1041	0.30464	1.52319	7.79405	1.82783	7.94386	7.19326
1042	0.30554	1.52767	7.81259	1.83320	7.98766	7.07159
1043	0.30600	1.52997	7.83085	1.83597	8.02920	6.95721
1044	0.30602	1.53007	7.84881	1.83609	8.06821	6.85221
1045	0.30560	1.52798	7.86648	1.83358	8.10446	6.75867
1046	0.30475	1.52370	7.88384	1.82845	8.13770	6.67869
1047	0.30347	1.51730	7.90088	1.82076	8.16771	6.61432
1048	0.30177	1.50882	7.91760	1.81059	8.19428	6.56753
1049	0.29968	1.49836	7.93400	1.79805	8.21721	6.54010
1050	0.29722	1.48605	7.95007	1.78327	8.23632	6.53357
1051	0.29441	1.47201	7.96581	1.76643	8.25147	6.54917
1052	0.29130	1.45644	7.98121	1.74773	8.26252	6.58773
1053	0.28791	1.43952	7.99628	1.72744	8.26938	6.64962
1054	0.28431	1.42152	8.01102	1.70583	8.27199	6.73468
1055	0.28055	1.40269	8.02544	1.68323	8.27033	6.84224
1056	0.27668	1.38335	8.03953	1.66003	8.26446	6.97104
1057	0.27278	1.36387	8.05331	1.63665	8.25450	7.11929
1058	0.26893	1.34461	8.06678	1.61353	8.24064	7.28470
1059	0.26520	1.32599	8.07994	1.59119	8.22320	7.46447
1060	0.26169	1.30845	8.09279	1.57014	8.20256	7.65540
1061	0.25849	1.29242	8.10535	1.55091	8.17926	7.85394
1062	0.25567	1.27834	8.11761	1.53401	8.15392	8.05628
1063	0.25333	1.26663	8.12957	1.51995	8.12728	8.25847
1064	0.25152	1.25762	8.14124	1.50915	8.10018	8.45650
1065	0.25032	1.25163	8.15260	1.50195	8.07351	8.64651
1066	0.24976	1.24883	8.16365	1.49859	8.04818	8.82484
1067	0.24986	1.24933	8.17440	1.49920	8.02510	8.98822
1068	0.25062	1.25312	8.18484	1.50373	8.00508	9.13389
1069	0.25200	1.26005	8.19496	1.51205	7.98886	9.25962
1070	0.25397	1.26991	8.20476	1.52388	7.97700	9.36383
1071	0.25647	1.28238	8.21423	1.53885	7.96992	9.44551
1072	0.25941	1.29710	8.22338	1.55651	7.96785	9.50424
1073	0.26272	1.31363	8.23219	1.57635	7.97085	9.54009
1074	0.26630	1.33154	8.24068	1.59784	7.97885	9.55358
1075	0.27007	1.35040	8.24884	1.62047	7.99164	9.54553
1076	0.27395	1.36977	8.25667	1.64372	8.00891	9.51705
1077	0.27784	1.38925	8.26416	1.66710	8.03026	9.46942
1078	0.28169	1.40847	8.27134	1.69016	8.05525	9.40405
1079	0.28541	1.42708	8.27819	1.71249	8.08341	9.32242
1080	0.28895	1.44479	8.28472	1.73374	8.11424	9.22609
1081	0.29226	1.46132	8.29093	1.75358	8.14724	9.11661
1082	0.29529	1.47645	8.29683	1.77173	8.18193	8.99558
1083	0.29799	1.48998	8.30241	1.78797	8.21783	8.86461
1084	0.30035	1.50174	8.30769	1.80209	8.25448	8.72532
1085	0.30232	1.51161	8.31267	1.81393	8.29144	8.57937
1086	0.30389	1.51946	8.31734	1.82336	8.32827	8.42847
1087	0.30505	1.52523	8.32170	1.83028	8.36459	8.27437
1088	0.30577	1.52885	8.32577	1.83462	8.39999	8.11891
1089	0.30606	1.53027	8.32952	1.83633	8.43411	7.96402
1090	0.30590	1.52950	8.33298	1.83541	8.46660	7.81173
1091	0.30531	1.52654	8.33612	1.83185	8.49710	7.66417
1092	0.30429	1.52141	8.33896	1.82570	8.52529	7.52362
1093	0.30284	1.51417	8.34148	1.81701	8.55085	7.39244
1094	0.30099	1.50489	8.34368	1.80588	8.57347	7.27308
1095	0.29875	1.49368	8.34555	1.79243	8.59286	7.16808
1096	0.29614	1.48067	8.34709	1.77681	8.60871	7.07995
1097	0.29321	1.46600	8.34830	1.75920	8.62077	7.01112
1098	0.28998	1.44986	8.34916	1.73984	8.62878	6.96386
1099	0.28651	1.43248	8.34969	1.71899	8.63251	6.94016
1100	0.28283	1.41411	8.34987	1.69694	8.63176	6.94158
1101	0.27902	1.39504	8.34970	1.67406	8.62638	6.96915
1102	0.27513	1.37560	8.34919	1.65073	8.61626	7.02328
1103	0.27124	1.35616	8.34834	1.62740	8.60134	7.10363
1104	0.26743	1.33710	8.34716	1.60453	8.58167	7.20909
1105	0.26378	1.31886	8.34564	1.58264	8.55738	7.33776
1106	0.26038	1.30186	8.34379	1.56224	8.52869	7.48701
1107	0.25732	1.28656	8.34163	1.54388	8.49597	7.65351
1108	0.25468	1.27338	8.33914	1.52806	8.45969	7.83341
1109	0.25254	1.26270	8.33635	1.51524	8.42048	8.02242
1110	0.25097	1.25486	8.33324	1.50584	8.37907	8.21604
1111	0.25002	1.25012	8.32982	1.50015	8.33629	8.40968
1112	0.24973	1.24863	8.32610	1.49836	8.29305	8.59893
1113	0.25009	1.25045	8.32206	1.50053	8.25027	8.77967
1114	0.25110	1.25550	8.31771	1.50660	8.20887	8.94824
1115	0.25272	1.26363	8.31305	1.51636	8.16970	9.10156
1116	0.25491	1.27458	8.30807	1.52948	8.13350	9.23718
1117	0.25759	1.28799	8.30277	1.54558	8.10091	9.35328
1118	0.26069	1.30348	8.29715	1.56416	8.07240	9.44870
1119	0.26411	1.32061	8.29120	1.58472	8.04828	9.52280
1120	0.26778	1.33895	8.28492	1.60674	8.02873	9.57543
1121	0.27160	1.35807	8.27830	1.62967	8.01379	9.60686
1122	0.27550	1.37753	8.27136	1.65303	8.00339	9.61764
1123	0.27938	1.39695	8.26408	1.67633	7.99735	9.60857
1124	0.28318	1.41596	8.25647	1.69915	7.99542	9.58063
1125	0.28684	1.43425	8.24852	1.72109	7.99730	9.53490
1126	0.29029	1.45152	8.24025	1.74181	8.00264	9.47252
1127	0.29350	1.46752	8.23166	1.76101	8.01106	9.39471
1128	0.29640	1.48203	8.22273	1.77843	8.02217	9.30270
1129	0.29897	1.49488	8.21349	1.79385	8.03558	9.19774
1130	0.30118	1.50590	8.20394	1.80708	8.05089	9.08108
1131	0.30299	1.51498	8.19407	1.81797	8.06769	8.95400
1132	0.30440	1.52201	8.18390	1.82641	8.08559	8.81779
1133	0.30538	1.52693	8.17341	1.83232	8.10422	8.67380
1134	0.30593	1.52968	8.16263	1.83562	8.12320	8.52340
1135	0.30605	1.53023	8.15155	1.83628	8.14216	8.36802
1136	0.30572	1.52859	8.14018	1.83431	8.16074	8.20919
1137	0.30495	1.52476	8.12850	1.82971	8.17860	8.04852
1138	0.30376	1.51878	8.11654	1.82254	8.19538	7.88775
1139	0.30215	1.51072	8.10427	1.81287	8.21074	7.72875
1140	0.30014	1.50067	8.09171	1.80080	8.22435	7.57354
1141	0.29775	1.48872	8.07886	1.78647	8.23587	7.42430
1142	0.29501	1.47502	8.06570	1.77003	8.24497	7.28336
1143	0.29196	1.45975	8.05224	1.75170	8.25132	7.15318
1144	0.28862	1.44309	8.03847	1.73171	8.25459	7.03633
1145	0.28506	1.42528	8.02438	1.71034	8.25449	6.93541
1146	0.28133	1.40659	8.00998	1.68792	8.25070	6.85299
1147	0.27748	1.38734	7.99526	1.66481	8.24296	6.79146
1148	0.27358	1.36785	7.98022	1.64143	8.23101	6.75292
1149	0.26971	1.34851	7.96485	1.61822	8.21465	6.73899
1150	0.26595	1.32972	7.94916	1.59568	8.19373	6.75068
1151	0.26239	1.31192	7.93315	1.57432	8.16817	6.78826
1152	0.25912	1.29555	7.91682	1.55467	8.13797	6.85111
1153	0.25622	1.28104	7.90017	1.53726	8.10326	6.93772
1154	0.25377	1.26881	7.88322	1.52258	8.06425	7.04572
1155	0.25185	1.25923	7.86596	1.51108	8.02130	7.17195
1156	0.25052	1.25259	7.84841	1.50312	7.97488	7.31265
1157	0.24983	1.24913	7.83057	1.49896	7.92558	7.46363
1158	0.24979	1.24896	7.81244	1.49875	7.87408	7.62053
1159	0.25042	1.25207	7.79403	1.50249	7.82113	7.77904
1160	0.25168	1.25838	7.77534	1.51005	7.76750	7.93512
1161	0.25353	1.26766	7.75638	1.52119	7.71399	8.08512
1162	0.25592	1.27963	7.73713	1.53555	7.66132	8.22592
1163	0.25878	1.29392	7.71760	1.55270	7.61016	8.35498
1164	0.26202	1.31011	7.69779	1.57213	7.56108	8.47036
1165	0.26555	1.32778	7.67770	1.59333	7.51456	8.57063
1166	0.26929	1.34648	7.65732	1.61577	7.47096	8.65490
1167	0.27315	1.36578	7.63666	1.63893	7.43055	8.72267
1168	0.27705	1.38527	7.61570	1.66232	7.39348	8.77378
1169	0.28091	1.40457	7.59445	1.68548	7.35982	8.80836
1170	0.28466	1.42334	7.57291	1.70799	7.32958	8.82674
1171	0.28824	1.44125	7.55107	1.72949	7.30270	8.82940
1172	0.29160	1.45804	7.52894	1.74964	7.27906	8.81690
1173	0.29469	1.47348	7.50652	1.76816	7.25852	8.78992
1174	0.29746	1.48735	7.48382	1.78481	7.24090	8.74914
1175	0.29989	1.49949	7.46083	1.79938	7.22599	8.69527
1176	0.30194	1.50975	7.43756	1.81170	7.21358	8.62905
1177	0.30360	1.51803	7.41401	1.82163	7.20344	8.55122
1178	0.30484	1.52423	7.39019	1.82907	7.19534	8.46251
1179	0.30565	1.52829	7.36611	1.83394	7.18903	8.36365
1180	0.30603	1.53017	7.34178	1.83620	7.18427	8.25540
1181	0.30597	1.52985	7.31719	1.83581	7.18083	8.13851
1182	0.30546	1.52733	7.29236	1.83279	7.17845	8.01375
1183	0.30453	1.52264	7.26730	1.82717	7.17689	7.88195
1184	0.30316	1.51583	7.24200	1.81899	7.17591	7.74397
1185	0.30139	1.50696	7.21649	1.80835	7.17524	7.60074
1186	0.29923	1.49614	7.19075	1.79537	7.17464	7.45328
1187	0.29670	1.48348	7.16481	1.78017	7.17383	7.30270
1188	0.29383	1.46913	7.13867	1.76296	7.17256	7.15026
1189	0.29066	1.45328	7.11232	1.74394	7.17053	6.99737
1190	0.28723	1.43613	7.08578	1.72336	7.16747	6.84560
1191	0.28359	1.41794	7.05904	1.70154	7.16307	6.69673
1192	0.27980	1.39899	7.03212	1.67879	7.15702	6.55274
1193	0.27592	1.37960	7.00499	1.65552	7.14901	6.41580
1194	0.27203	1.36012	6.97768	1.63215	7.13872	6.28825
1195	0.26820	1.34095	6.95017	1.60915	7.12582	6.17258
1196	0.26451	1.32251	6.92247	1.58701	7.11002	6.07128
1197	0.26105	1.30522	6.89457	1.56627	7.09103	5.98678
1198	0.25791	1.28954	6.86647	1.54745	7.06859	5.92125
1199	0.25518	1.27588	6.83818	1.53107	7.04252	5.87644
1200	0.25294	1.26466	6.80969	1.51760	7.01267	5.85349
1201	0.25125	1.25622	6.78102	1.50747	6.97901	5.85278
1202	0.25017	1.25083	6.75217	1.50100	6.94157	5.87385
1203	0.24974	1.24866	6.72315	1.49840	6.90050	5.91536
1204	0.24997	1.24980	6.69397	1.49977	6.85605	5.97522
1205	0.25085	1.25420	6.66465	1.50505	6.80855	6.05074
1206	0.25235	1.26172	6.63519	1.51407	6.75841	6.13881
1207	0.25443	1.27211	6.60562	1.52654	6.70609	6.23615
1208	0.25701	1.28505	6.57594	1.54206	6.65208	6.33954
1209	0.26003	1.30015	6.54617	1.56018	6.59686	6.44595
1210	0.26340	1.31698	6.51632	1.58038	6.54093	6.55265
1211	0.26702	1.33511	6.48639	1.60214	6.48474	6.65733
1212	0.27082	1.35410	6.45640	1.62492	6.42870	6.75803
1213	0.27470	1.37353	6.42635	1.64823	6.37316	6.85319
1214	0.27860	1.39299	6.39625	1.67158	6.31846	6.94162
1215	0.28242	1.41211	6.36610	1.69453	6.26487	7.02239
1216	0.28611	1.43057	6.33590	1.71668	6.21260	7.09483
1217	0.28961	1.44807	6.30567	1.73768	6.16184	7.15849
1218	0.29287	1.46435	6.27539	1.75722	6.11275	7.21307
1219	0.29583	1.47919	6.24509	1.77502	6.06546	7.25837
1220	0.29847	1.49239	6.21475	1.79086	6.02005	7.29429
1221	0.30075	1.50380	6.18439	1.80455	5.97662	7.32079
1222	0.30265	1.51329	6.15400	1.81594	5.93523	7.33786
1223	0.30414	1.52075	6.12360	1.82489	5.89593	7.34552
1224	0.30521	1.52610	6.09319	1.83132	5.85877	7.34379
1225	0.30585	1.52930	6.06278	1.83515	5.82379	7.33269
1226	0.30606	1.53030	6.03238	1.83636	5.79103	7.31221
1227	0.30582	1.52911	6.00200	1.83493	5.76051	7.28236
1228	0.30514	1.52573	5.97165	1.83086	5.73228	7.24310
1229	0.30403	1.52019	5.94135	1.82422	5.70635	7.19440
1230	0.30250	1.51255	5.91111	1.81505	5.68274	7.13618
1231	0.30057	1.50289	5.88095	1.80346	5.66149	7.06837
1232	0.29826	1.49132	5.85089	1.78958	5.64259	6.99090
1233	0.29559	1.47797	5.82095	1.77356	5.62605	6.90367
1234	0.29260	1.46300	5.79116	1.75560	5.61184	6.80662
1235	0.28932	1.44661	5.76153	1.73593	5.59995	6.69972
1236	0.28580	1.42902	5.73210	1.71482	5.59030	6.58299
1237	0.28209	1.41049	5.70289	1.69258	5.58281	6.45654
1238	0.27826	1.39132	5.67393	1.66958	5.57736	6.32059
1239	0.27437	1.37185	5.64525	1.64622	5.57378	6.17551
1240	0.27049	1.35245	5.61687	1.62293	5.57185	6.02190
1241	0.26670	1.33351	5.58883	1.60021	5.57131	5.86062
1242	0.26310	1.31548	5.56114	1.57857	5.57182	5.69285
1243	0.25976	1.29877	5.53383	1.55853	5.57300	5.52015
1244	0.25677	1.28385	5.50692	1.54062	5.57443	5.34453
1245	0.25423	1.27111	5.48043	1.52534	5.57561	5.16845
1246	0.25219	1.26096	5.45437	1.51315	5.57603	4.99483
1247	0.25074	1.25370	5.42874	1.50444	5.57519	4.82703
1248	0.24992	1.24957	5.40356	1.49949	5.57258	4.66872
1249	0.24975	1.24872	5.37882	1.49847	5.56773	4.52371
1250	0.25024	1.25117	5.35452	1.50141	5.56024	4.39577
1251	0.25137	1.25683	5.33066	1.50820	5.54981	4.28830
1252	0.25311	1.26553	5.30722	1.51864	5.53620	4.20409
1253	0.25540	1.27697	5.28422	1.53237	5.51931	4.14507
1254	0.25817	1.29081	5.26167	1.54898	5.49911	4.11212
1255	0.26134	1.30665	5.23958	1.56799	5.47571	4.10504
1256	0.26482	1.32406	5.21798	1.58887	5.44925	4.12265
1257	0.26852	1.34258	5.19691	1.61110	5.41997	4.16292
1258	0.27236	1.36179	5.17641	1.63416	5.38816	4.22326
1259	0.27626	1.38128	5.15654	1.65754	5.35411	4.30074
1260	0.28013	1.40065	5.13734	1.68078	5.31818	4.39237
1261	0.28391	1.41954	5.11886	1.70346	5.28068	4.49520
1262	0.28753	1.43766	5.10115	1.72519	5.24196	4.60653
1263	0.29094	1.45470	5.08426	1.74564	5.20236	4.72388
1264	0.29409	1.47043	5.06822	1.76452	5.16219	4.84508
1265	0.29693	1.48464	5.05306	1.78156	5.12176	4.96826
1266	0.29943	1.49714	5.03881	1.79657	5.08137	5.09176
1267	0.30156	1.50780	5.02549	1.80936	5.04131	5.21420
1268	0.30330	1.51650	5.01311	1.81979	5.00185	5.33436
1269	0.30462	1.52313	5.00169	1.82775	4.96326	5.45119
1270	0.30552	1.52763	4.99121	1.83316	4.92581	5.56379
1271	0.30599	1.52996	4.98169	1.83595	4.88976	5.67133
1272	0.30602	1.53009	4.97311	1.83611	4.85535	5.77307
1273	0.30560	1.52802	4.96546	1.83362	4.82286	5.86833
1274	0.30475	1.52378	4.95874	1.82853	4.79253	5.95648
1275	0.30348	1.51739	4.95292	1.82087	4.76462	6.03688
1276	0.30178	1.50894	4.94799	1.81073	4.73939	6.10895
1277	0.29970	1.49851	4.94394	1.79821	4.71711	6.17208
1278	0.29724	1.48622	4.94074	1.78346	4.69803	6.22567
1279	0.29444	1.47220	4.93839	1.76664	4.68242	6.26913
1280	0.29132	1.45664	4.93685	1.74797	4.67051	6.30184
1281	0.28794	1.43975	4.93613	1.72769	4.66255	6.32321
1282	0.28434	1.42175	4.93621	1.70609	4.65877	6.33263
1283	0.28058	1.40293	4.93709	1.68351	4.65936	6.32953
1284	0.27671	1.38360	4.93875	1.66031	4.66448	6.31335
1285	0.27282	1.36411	4.94121	1.63692	4.67424	6.28362
1286	0.26896	1.34484	4.94446	1.61381	4.68871	6.23995
1287	0.26524	1.32621	4.94852	1.59145	4.70786	6.18208
1288	0.26173	1.30865	4.95339	1.57038	4.73160	6.10996
1289	0.25852	1.29261	4.95908	1.55112	4.75972	6.02374
1290	0.25570	1.27850	4.96562	1.53420	4.79195	5.92389
1291	0.25335	1.26675	4.97302	1.52010	4.82786	5.81120
1292	0.25154	1.25772	4.98129	1.50926	4.86698	5.68687
1293	0.25033	1.25168	4.99044	1.50201	4.90871	5.55248
1294	0.24977	1.24884	5.00049	1.49861	4.95243	5.41005
1295	0.24986	1.24930	5.01145	1.49917	4.99746	5.26194
1296	0.25061	1.25305	5.02331	1.50366	5.04312	5.11086
1297	0.25199	1.25994	5.03606	1.51193	5.08877	4.95971
1298	0.25396	1.26977	5.04969	1.52372	5.13382	4.81154
1299	0.25644	1.28221	5.06418	1.53866	5.17775	4.66938
1300	0.25938	1.29690	5.07950	1.55628	5.22015	4.53615
1301	0.26269	1.31341	5.09561	1.57610	5.26068	4.41455
1302	0.26627	1.33131	5.11248	1.59758	5.29909	4.30693
1303	0.27004	1.35016	5.13004	1.62020	5.33523	4.21526
1304	0.27391	1.36953	5.14827	1.64344	5.36901	4.14102
1305	0.27781	1.38901	5.16711	1.66682	5.40038	4.08519
1306	0.28165	1.40823	5.18651	1.68989	5.42939	4.04822
1307	0.28538	1.42685	5.20644	1.71223	5.45608	4.03010
1308	0.28892	1.44457	5.22687	1.73349	5.48055	4.03034
1309	0.29223	1.46112	5.24777	1.75335	5.50290	4.04809
1310	0.29526	1.47627	5.26912	1.77153	5.52327	4.08223
1311	0.29797	1.48982	5.29091	1.78779	5.54179	4.13144
1312	0.30033	1.50161	5.31313	1.80193	5.55860	4.19426
1313	0.30230	1.51150	5.33577	1.81380	5.57384	4.26924
1314	0.30388	1.51938	5.35885	1.82326	5.58764	4.35494
1315	0.30504	1.52517	5.38234	1.83021	5.60013	4.44997
1316	0.30577	1.52881	5.40627	1.83458	5.61144	4.55305
1317	0.30606	1.53027	5.43062	1.83633	5.62168	4.66301
1318	0.30591	1.52953	5.45539	1.83543	5.63097	4.77877
1319	0.30532	1.52659	5.48059	1.83191	5.63940	4.89938
1320	0.30430	1.52149	5.50620	1.82579	5.64708	5.02396
1321	0.30286	1.51427	5.53222	1.81713	5.65411	5.15170
1322	0.30101	1.50502	5.55863	1.80603	5.66058	5.28186
1323	0.29877	1.49383	5.58542	1.79260	5.66660	5.41373
1324	0.29617	1.48084	5.61259	1.77701	5.67228	5.54662
1325	0.29324	1.46619	5.64010	1.75942	5.67774	5.67984
1326	0.29001	1.45007	5.66794	1.74008	5.68312	5.81267
1327	0.28654	1.43270	5.69608	1.71924	5.68859	5.94436
1328	0.28287	1.41434	5.72452	1.69721	5.69432	6.07410
1329	0.27905	1.39528	5.75321	1.67433	5.70054	6.20100
1330	0.27517	1.37584	5.78214	1.65101	5.70747	6.32412
1331	0.27128	1.35640	5.81128	1.62767	5.71541	6.44241
1332	0.26746	1.33733	5.84061	1.60480	5.72466	6.55475
1333	0.26381	1.31908	5.87011	1.58289	5.73555	6.65994
1334	0.26041	1.30207	5.89974	1.56248	5.74844	6.75675
1335	0.25734	1.28674	5.92948	1.54409	5.76369	6.84392
1336	0.25470	1.27353	5.95932	1.52823	5.78166	6.92025
1337	0.25256	1.26282	5.98924	1.51538	5.80267	6.98461
1338	0.25098	1.25495	6.01921	1.50593	5.82700	7.03604
1339	0.25003	1.25016	6.04922	1.50019	5.85484	7.07376
1340	0.24972	1.24863	6.07926	1.49836	5.88632	7.09731
1341	0.25008	1.25041	6.10931	1.50048	5.92143	7.10649
1342	0.25108	1.25543	6.13937	1.50651	5.96008	7.10143
1343	0.25270	1.26352	6.16943	1.51622	6.00208	7.08257
1344	0.25488	1.27443	6.19948	1.52931	6.04714	7.05065
1345	0.25756	1.28781	6.22952	1.54537	6.09491	7.00663
1346	0.26065	1.30328	6.25955	1.56393	6.14500	6.95165
1347	0.26408	1.32039	6.28956	1.58447	6.19699	6.88699
1348	0.26774	1.33872	6.31955	1.60647	6.25045	6.81400
1349	0.27156	1.35783	6.34951	1.62939	6.30497	6.73408
1350	0.27546	1.37729	6.37945	1.65275	6.36014	6.64863
1351	0.27934	1.39671	6.40935	1.67605	6.41559	6.55904
1352	0.28315	1.41573	6.43921	1.69888	6.47098	6.46668
1353	0.28681	1.43403	6.46902	1.72083	6.52601	6.37289
1354	0.29026	1.45131	6.49878	1.74157	6.58037	6.27902
1355	0.29347	1.46732	6.52847	1.76079	6.63383	6.18636
1356	0.29637	1.48186	6.55808	1.77823	6.68613	6.09623
1357	0.29895	1.49473	6.58760	1.79368	6.73708	6.00994
1358	0.30116	1.50577	6.61702	1.80693	6.78646	5.92881
1359	0.30298	1.51488	6.64632	1.81786	6.83410	5.85415
1360	0.30439	1.52194	6.67549	1.82633	6.87983	5.78731
1361	0.30538	1.52688	6.70452	1.83226	6.92348	5.72961
1362	0.30594	1.52965	6.73339	1.83559	6.96491	5.68238
1363	0.30605	1.53024	6.76208	1.83629	7.00396	5.64689
1364	0.30573	1.52862	6.79058	1.83435	7.04050	5.62437
1365	0.30497	1.52481	6.81889	1.82978	7.07440	5.61596
1366	0.30378	1.51886	6.84699	1.82264	7.10553	5.62265
1367	0.30217	1.51083	6.87488	1.81300	7.13378	5.64530
1368	0.30017	1.50079	6.90255	1.80096	7.15906	5.68454
1369	0.29778	1.48887	6.93000	1.78665	7.18127	5.74078
1370	0.29505	1.47520	6.95722	1.77024	7.20035	5.81415
1371	0.29199	1.45994	6.98422	1.75193	7.21624	5.90451
1372	0.28866	1.44329	7.01100	1.73196	7.22894	6.01140
1373	0.28511	1.42550	7.03755	1.71061	7.23845	6.13405
1374	0.28137	1.40682	7.06390	1.68819	7.24482	6.27137
1375	0.27752	1.38757	7.09003	1.66509	7.24818	6.42195
1376	0.27362	1.36809	7.11595	1.64171	7.24868	6.58408
1377	0.26975	1.34874	7.14166	1.61849	7.24656	6.75573
1378	0.26599	1.32995	7.16716	1.59594	7.24214	6.93461
1379	0.26243	1.31214	7.19245	1.57456	7.23583	7.11816
1380	0.25915	1.29574	7.21752	1.55489	7.22812	7.30360
1381	0.25624	1.28121	7.24238	1.53745	7.21960	7.48799
1382	0.25379	1.26895	7.26702	1.52274	7.21093	7.66831
1383	0.25186	1.25933	7.29143	1.51119	7.20283	7.84150
1384	0.25053	1.25266	7.31560	1.50319	7.19607	8.00464
1385	0.24983	1.24916	7.33952	1.49899	7.19140	8.15499
1386	0.24978	1.24895	7.36320	1.49873	7.18953	8.29012
1387	0.25040	1.25202	7.38661	1.50242	7.19109	8.40801
1388	0.25165	1.25829	7.40976	1.50994	7.19662	8.50712
1389	0.25350	1.26754	7.43263	1.52104	7.20648	8.58640
1390	0.25589	1.27948	7.45523	1.53536	7.22090	8.64529
1391	0.25874	1.29374	7.47754	1.55248	7.23995	8.68372
1392	0.26197	1.30991	7.49958	1.57189	7.26356	8.70199
1393	0.26551	1.32757	7.52132	1.59307	7.29155	8.70078
1394	0.26924	1.34626	7.54278	1.61550	7.32362	8.68102
1395	0.27310	1.36555	7.56396	1.63866	7.35939	8.64383
1396	0.27700	1.38504	7.58485	1.66204	7.39846	8.59050
1397	0.28086	1.40434	7.60546	1.68521	7.44035	8.52240
1398	0.28462	1.42311	7.62580	1.70773	7.48462	8.44095
1399	0.28820	1.44104	7.64585	1.72924	7.53079	8.34763
1400	0.29157	1.45785	7.66564	1.74941	7.57840	8.24393
1401	0.29466	1.47330	7.68515	1.76795	7.62700	8.13136
1402	0.29744	1.48719	7.70439	1.78462	7.67616	8.01145
1403	0.29987	1.49935	7.72337	1.79922	7.72548	7.88578
1404	0.30193	1.50964	7.74207	1.81156	7.77456	7.75595
1405	0.30359	1.51794	7.76051	1.82152	7.82303	7.62362
1406	0.30483	1.52416	7.77868	1.82899	7.87055	7.49052
1407	0.30565	1.52825	7.79657	1.83390	7.91676	7.35846
1408	0.30603	1.53015	7.81419	1.83619	7.96136	7.22934
1409	0.30598	1.52986	7.83152	1.83583	8.00402	7.10519
1410	0.30548	1.52736	7.84856	1.83284	8.04446	6.98810
1411	0.30455	1.52270	7.86531	1.82725	8.08237	6.88029
1412	0.30319	1.51591	7.88176	1.81910	8.11749	6.78403
1413	0.30142	1.50707	7.89790	1.80849	8.14955	6.70165
1414	0.29926	1.49627	7.91373	1.79553	8.17827	6.63545
1415	0.29674	1.48363	7.92923	1.78037	8.20343	6.58767
1416	0.29387	1.46931	7.94441	1.76318	8.22478	6.56035
1417	0.29070	1.45347	7.95926	1.74417	8.24212	6.55529
1418	0.28728	1.43634	7.97377	1.72362	8.25526	6.57390
1419	0.28364	1.41816	7.98795	1.70180	8.26404	6.61714
1420	0.27985	1.39922	8.00179	1.67907	8.26835	6.68537
1421	0.27597	1.37983	8.01531	1.65580	8.26814	6.77834
1422	0.27208	1.36035	8.02850	1.63243	8.26341	6.89513
1423	0.26824	1.34118	8.04137	1.60942	8.25424	7.03412
1424	0.26455	1.32272	8.05393	1.58727	8.24081	7.19302
1425	0.26109	1.30542	8.06617	1.56651	8.22342	7.36896
1426	0.25795	1.28971	8.07811	1.54766	8.20245	7.55850
1427	0.25521	1.27604	8.08975	1.53125	8.17845	7.75780
1428	0.25296	1.26479	8.10108	1.51774	8.15207	7.96270
1429	0.25126	1.25631	8.11212	1.50757	8.12407	8.16891
1430	0.25017	1.25088	8.12286	1.50105	8.09532	8.37213
1431	0.24973	1.24868	8.13330	1.49841	8.06673	8.56823
1432	0.24995	1.24978	8.14343	1.49973	8.03923	8.75341
1433	0.25082	1.25414	8.15326	1.50496	8.01372	8.92431
1434	0.25232	1.26162	8.16278	1.51394	7.99104	9.07815
1435	0.25439	1.27198	8.17198	1.52637	7.97188	9.21275
1436	0.25697	1.28489	8.18086	1.54186	7.95683	9.32655
1437	0.25998	1.29996	8.18941	1.55995	7.94629	9.41858
1438	0.26335	1.31678	8.19764	1.58013	7.94052	9.48843
1439	0.26697	1.33490	8.20554	1.60187	7.93961	9.53612
1440	0.27077	1.35388	8.21311	1.62465	7.94352	9.56208
1441	0.27465	1.37330	8.22034	1.64795	7.95211	9.56701
1442	0.27854	1.39276	8.22725	1.67131	7.96513	9.55185
1443	0.28237	1.41189	8.23382	1.69426	7.98225	9.51768
1444	0.28606	1.43036	8.24007	1.71643	8.00311	9.46570
1445	0.28957	1.44787	8.24599	1.73744	8.02729	9.39718
1446	0.29283	1.46417	8.25158	1.75699	8.05437	9.31344
1447	0.29580	1.47902	8.25686	1.77482	8.08392	9.21583
1448	0.29844	1.49224	8.26181	1.79069	8.11547	9.10571
1449	0.30073	1.50367	8.26646	1.80440	8.14861	8.98448
1450	0.30263	1.51318	8.27079	1.81582	8.18289	8.85357
1451	0.30413	1.52067	8.27482	1.82480	8.21791	8.71443
1452	0.30521	1.52605	8.27854	1.83126	8.25324	8.56860
1453	0.30585	1.52927	8.28195	1.83512	8.28848	8.41766
1454	0.30606	1.53030	8.28507	1.83636	8.32326	8.26329
1455	0.30583	1.52913	8.28788	1.83496	8.35718	8.10727
1456	0.30516	1.52577	8.29039	1.83093	8.38988	7.95153
1457	0.30406	1.52026	8.29259	1.82431	8.42099	7.79813
1458	0.30253	1.51264	8.29449	1.81517	8.45016	7.64929
1459	0.30061	1.50301	8.29607	1.80362	8.47702	7.50740
1460	0.29830	1.49146	8.29734	1.78976	8.50124	7.37499
1461	0.29563	1.47813	8.29830	1.77376	8.52246	7.25473
1462	0.29264	1.46318	8.29892	1.75582	8.54036	7.14939
1463	0.28937	1.44680	8.29922	1.73617	8.55461	7.06174
1464	0.28585	1.42922	8.29918	1.71508	8.56491	6.99448
1465	0.28215	1.41070	8.29881	1.69285	8.57095	6.95012
1466	0.27832	1.39154	8.29809	1.66986	8.57250	6.93080
1467	0.27442	1.37207	8.29704	1.64650	8.56933	6.93815
1468	0.27054	1.35267	8.29563	1.62321	8.56127	6.97315
1469	0.26675	1.33373	8.29389	1.60048	8.54824	7.03597
1470	0.26314	1.31568	8.29181	1.57882	8.53024	7.12590
1471	0.25980	1.29896	8.28940	1.55876	8.50734	7.24129
1472	0.25681	1.28401	8.28666	1.54082	8.47978	7.37960
1473	0.25426	1.27125	8.28360	1.52550	8.44789	7.53748
1474	0.25222	1.26106	8.28021	1.51328	8.41216	7.71092
1475	0.25076	1.25377	8.27652	1.50453	8.37322	7.89541
1476	0.24992	1.24961	8.27251	1.49953	8.33180	8.08623
1477	0.24974	1.24871	8.26820	1.49846	8.28874	8.27860
1478	0.25022	1.25112	8.26358	1.50135	8.24492	8.46794
1479	0.25135	1.25675	8.25865	1.50810	8.20128	8.65005
1480	0.25308	1.26541	8.25342	1.51849	8.15869	8.82126
1481	0.25536	1.27683	8.24787	1.53219	8.11797	8.97851
1482	0.25812	1.29065	8.24200	1.54877	8.07985	9.11938
1483	0.26129	1.30647	8.23582	1.56775	8.04494	9.24210
1484	0.26476	1.32385	8.22932	1.58862	8.01368	9.34549
1485	0.26846	1.34237	8.22249	1.61083	7.98643	9.42889
1486	0.27231	1.36157	8.21533	1.63388	7.96337	9.49207
1487	0.27620	1.38106	8.20785	1.65726	7.94459	9.53517
1488	0.28008	1.40043	8.20003	1.68050	7.93007	9.55859
1489	0.28386	1.41933	8.19188	1.70319	7.91971	9.56296
1490	0.28748	1.43745	8.18340	1.72494	7.91333	9.54903
1491	0.29089	1.45451	8.17458	1.74540	7.91071	9.51768
1492	0.29404	1.47026	8.16544	1.76430	7.91156	9.46983
1493	0.29689	1.48448	8.15597	1.78137	7.91559	9.40647
1494	0.29939	1.49701	8.14618	1.79641	7.92248	9.32861
1495	0.30153	1.50769	8.13606	1.80922	7.93189	9.23729
1496	0.30328	1.51641	8.12563	1.81968	7.94347	9.13355
1497	0.30461	1.52306	8.11488	1.82767	7.95688	9.01846
1498	0.30551	1.52759	8.10383	1.83311	7.97177	8.89312
1499	0.30599	1.52995	8.09246	1.83593	7.98778	8.75869
