1.5000000000	0.0000000000	0.0000000000


1.4776190799	0.1749995923	-0.0000003237


1.4326510042	0.3473241229	-0.0000006432


1.3651626069	0.5141889789	-0.0000009543


1.2755295133	0.6727130751	-0.0000012525


1.1644769988	0.8199406584	-0.0000015332


1.0331246899	0.9528746887	-0.0000017919


0.8830327726	1.0685248796	-0.0000020238


0.7162459877	1.1639734196	-0.0000022246


0.5353299994	1.2364608085	-0.0000023899


0.3433928677	1.2834928609	-0.0000025158


0.1440826918	1.3029674869	-0.0000025992


-0.0584484233	1.2933162157	-0.0000026377


-0.2596233115	1.2536507514	-0.0000026298


-0.4545678864	1.1838998007	-0.0000025755


-0.6382889757	1.0849172719	-0.0000024760


-0.8058939870	0.9585414209	-0.0000023343


-0.9528350328	0.8075872835	-0.0000021546


-1.0751520014	0.6357624896	-0.0000019427


-1.1696852122	0.4475083532	-0.0000017053


-1.2342307779	0.2477811688	-0.0000014502


-1.2676206282	0.0417991633	-0.0000011854


-1.2697219982	-0.1652146059	-0.0000009188


-1.2413642973	-0.3682650894	-0.0000006583


-1.1842111243	-0.5627730424	-0.0000004107


-1.1005998040	-0.7447072312	-0.0000001824


-0.9933702853	-0.9106603769	0.0000000214


-0.8657010418	-1.0578755323	0.0000001966


-0.7209638114	-1.1842336699	0.0000003398


-0.5626032833	-1.2882143723	0.0000004487


-0.3940432389	-1.3688405557	0.0000005219


-0.2186175225	-1.4256160957	0.0000005586


-0.0395224662	-1.4584628567	0.0000005587


0.1402132999	-1.4676614267	0.0000005227


0.3177457157	-1.4537980713	0.0000004514


0.4904225058	-1.4177190990	0.0000003462


0.6557838524	-1.3604929223	0.0000002089


0.8115590521	-1.2833795356	0.0000000412


0.9556611531	-1.1878068044	-0.0000001544


1.0861811328	-1.0753528011	-0.0000003756


1.2013828297	-0.9477333655	-0.0000006197


1.2996995960	-0.8067940542	-0.0000008839


1.3797334616	-0.6545056558	-0.0000011649


1.4402574908	-0.4929624421	-0.0000014597


1.4802219468	-0.3243822992	-0.0000017647


1.4987648357	-0.1511078040	-0.0000020763


1.4952273703	0.0243928143	-0.0000023908


1.4691748333	0.1995260844	-0.0000027040


1.4204232139	0.3715766004	-0.0000030118


1.3490717875	0.5377150849	-0.0000033099


1.2555414560	0.6950134622	-0.0000035938


1.1406181107	0.8404696033	-0.0000038588


1.0054994385	0.9710447587	-0.0000041004


0.8518424230	1.0837168701	-0.0000043139


0.6818072677	1.1755527554	-0.0000044950


0.4980916571	1.2438013496	-0.0000046394


0.3039473877	1.2860084630	-0.0000047434


0.1031698642	1.3001506496	-0.0000048042


-0.0999495749	1.2847816916	-0.0000048194


-0.3007172336	1.2391802289	-0.0000047881


-0.4941813714	1.1634820678	-0.0000047105


-0.6753252863	1.0587771772	-0.0000045884


-0.8392981538	0.9271511205	-0.0000044251


-0.9816631485	0.7716551300	-0.0000042252


-1.0986353281	0.5961984081	-0.0000039946


-1.1872798871	0.4053689016	-0.0000037406


-1.2456461534	0.2042014297	-0.0000034706


-1.2728232564	-0.0020790718	-0.0000031927


-1.2689167505	-0.2083088984	-0.0000029146


-1.2349577861	-0.4096053043	-0.0000026439


-1.1727645682	-0.6015371501	-0.0000023872


-1.0847786176	-0.7802393563	-0.0000021504


-0.9738963993	-0.9424731679	-0.0000019382


-0.8433119947	-1.0856404748	-0.0000017547


-0.6963806363	-1.2077634288	-0.0000016027


-0.5365075702	-1.3074409262	-0.0000014844


-0.3670626382	-1.3837921435	-0.0000014009


-0.1913183508	-1.4363951276	-0.0000013529


-0.0124078648	-1.4652261394	-0.0000013404


0.1667011567	-1.4706034118	-0.0000013627


0.3432206796	-1.4531373724	-0.0000014190


0.5145478628	-1.4136882221	-0.0000015077


0.6782649223	-1.3533309809	-0.0000016272


0.8321356156	-1.2733276393	-0.0000017756


0.9741001769	-1.1751057844	-0.0000019505


1.1022701369	-1.0602429491	-0.0000021496


1.2149241581	-0.9304558852	-0.0000023701


1.3105057974	-0.7875939590	-0.0000026091


1.3876239630	-0.6336358664	-0.0000028636


1.4450567394	-0.4706888530	-0.0000031302


1.4817592033	-0.3009895760	-0.0000034056


1.4968758217	-0.1269056484	-0.0000036861


1.4897579826	0.0490632491	-0.0000039677


1.4599871493	0.2242860286	-0.0000042464


1.4074039923	0.3960042682	-0.0000045180


1.3321436105	0.5613417055	-0.0000047782


1.2346765426	0.7173215803	-0.0000050222


1.1158546164	0.8608946694	-0.0000052456


0.9769597312	0.9889811924	-0.0000054437


0.8197523568	1.0985298528	-0.0000056119


0.6465148693	1.1865969293	-0.0000057458


0.4600829319	1.2504472443	-0.0000058415


0.2638562579	1.2876767407	-0.0000058954


0.0617787612	1.2963530756	-0.0000059049


-0.1417219405	1.2751661294	-0.0000058683


-0.3418436012	1.2235751391	-0.0000057849


-0.5335700170	1.1419343979	-0.0000056557


-0.7118785497	1.0315767813	-0.0000054829


-0.8719802173	0.8948355671	-0.0000052703


-1.0095690144	0.7349912277	-0.0000050231


-1.1210515136	0.5561406990	-0.0000047476


-1.2037281119	0.3629997494	-0.0000044512


-1.2559042381	0.1606608523	-0.0000041414


-1.2769217438	-0.0456641211	-0.0000038263


-1.2671140967	-0.2508868721	-0.0000035134


-1.2277001086	-0.4502477190	-0.0000032098


-1.1606372752	-0.6394687103	-0.0000029218


-1.0684568360	-0.8148509165	-0.0000026548


-0.9540995531	-0.9733202044	-0.0000024132


-0.8207658667	-1.1124308894	-0.0000022005


-0.6717883460	-1.2303386740	-0.0000020192


-0.5105294466	-1.3257539544	-0.0000018711


-0.3403040379	-1.3978848857	-0.0000017571


-0.1643240157	-1.4463773637	-0.0000016776


0.0143387025	-1.4712568812	-0.0000016323


0.1927747230	-1.4728753438	-0.0000016205


0.3682489409	-1.4518644982	-0.0000016410


0.5382047194	-1.4090966066	-0.0000016923


0.7002631351	-1.3456523429	-0.0000017727


0.8522194173	-1.2627954830	-0.0000018801


0.9920382629	-1.1619537504	-0.0000020121


1.1178493538	-1.0447050763	-0.0000021662


1.2279441327	-0.9127685067	-0.0000023397


1.3207747098	-0.7679989780	-0.0000025297


1.3949556465	-0.6123851809	-0.0000027330


1.4492692934	-0.4480497025	-0.0000029463


1.4826753169	-0.2772505714	-0.0000031660


1.4943250213	-0.1023832095	-0.0000033885


1.4835810363	0.0740183874	-0.0000036098


1.4500428585	0.2492826779	-0.0000038258


1.3935785761	0.4206055800	-0.0000040323


1.3143628148	0.5850616251	-0.0000042246


1.2129204557	0.7396238734	-0.0000043984


1.0901749279	0.8811956210	-0.0000045487


0.9474987925	1.0066572218	-0.0000046712


0.7867628770	1.1129313338	-0.0000047610


0.6103784211	1.1970693425	-0.0000048140


0.4213247079	1.2563603223	-0.0000048262


0.2231528463	1.2884613811	-0.0000047943


0.0199553387	1.2915444394	-0.0000047158


-0.1837083717	1.2644496095	-0.0000045895


-0.3829371691	1.2068300508	-0.0000044151


-0.5726651823	1.1192688405	-0.0000041940


-0.7478825592	1.0033468001	-0.0000039292


-0.9038825417	0.8616430548	-0.0000036251


-1.0365089938	0.6976580555	-0.0000032876


-1.1423746937	0.5156607945	-0.0000029236


-1.2190232993	0.3204750875	-0.0000025411


-1.2650168339	0.1172302711	-0.0000021481


-1.2799433702	-0.0888936096	-0.0000017528


-1.2643525592	-0.2928980911	-0.0000013632


-1.2196362872	-0.4901554878	-0.0000009863


-1.1478762398	-0.6765444409	-0.0000006285


-1.0516796217	-0.8485308719	-0.0000002950


-0.9340202581	-1.0032005413	0.0000000098


-0.7980967309	-1.1382533987	0.0000002828


-0.6472137215	-1.2519710444	0.0000005215


-0.4846883023	-1.3431677791	0.0000007245


-0.3137798912	-1.4111338113	0.0000008910


-0.1376408535	-1.4555769754	0.0000010209


0.0407159877	-1.4765672410	0.0000011147


0.2184367227	-1.4744865890	0.0000011732


0.3928360735	-1.4499855646	0.0000011979


0.5614004278	-1.4039469282	0.0000011905


0.7217866313	-1.3374562701	0.0000011528


0.8718184931	-1.2517791151	0.0000010872


1.0094825540	-1.1483438768	0.0000009962


1.1329243499	-1.0287299392	0.0000008825


1.2404461657	-0.8946601234	0.0000007489


1.3305071202	-0.7479967864	0.0000005986


1.4017263177	-0.5907407858	0.0000004349


1.4528897490	-0.4250324996	0.0000002613


1.4829615933	-0.2531540044	0.0000000815


1.4911005463	-0.0775313710	-0.0000001007


1.4766817587	0.0992641792	-0.0000002810


1.4393248687	0.2745178004	-0.0000004553


1.3789284192	0.4453771485	-0.0000006191


1.2957106030	0.6088654510	-0.0000007679


1.1902557089	0.7619043291	-0.0000008969


1.0635647802	0.9013495896	-0.0000010015


0.9171077709	1.0240434341	-0.0000010770


0.7528728784	1.1268863882	-0.0000011190


0.5734068025	1.2069314594	-0.0000011232


0.3818376581	1.2615012801	-0.0000010862


0.1818705885	1.2883260286	-0.0000010051


-0.0222545037	1.2856956593	-0.0000008780


-0.2258524096	1.2526147683	-0.0000007043


-0.4239345528	1.1889431921	-0.0000004845


-0.6114017017	1.0955017463	-0.0000002211


-0.7832764224	0.9741222297	0.0000000821


-0.9349545551	0.8276253966	0.0000004199


-1.0624478489	0.6597201951	0.0000007856


-1.1625880795	0.4748304003	0.0000011715


-1.2331678617	0.2778674636	0.0000015695


-1.2730039910	0.0739771905	0.0000019712


-1.2819224403	-0.1317097219	0.0000023683


-1.2606762528	-0.3342973580	0.0000027532


-1.2108155367	-0.5292971623	0.0000031191


-1.1345314577	-0.7127462129	0.0000034601


-1.0344942478	-0.8812728397	0.0000037714


-0.9137005625	-1.0321172910	0.0000040493


-0.7753399070	-1.1631180951	0.0000042911


-0.6226847203	-1.2726751499	0.0000044950


-0.4590047845	-1.3596993237	0.0000046601


-0.2875040776	-1.4235563209	0.0000047862


-0.1112768339	-1.4640104088	0.0000048736


0.0667209016	-1.4811716706	0.0000049233


0.2436878516	-1.4754489179	0.0000049366


0.4169854715	-1.4475092755	0.0000049153


0.5841400489	-1.3982446888	0.0000048614


0.7428411893	-1.3287451294	0.0000047770


0.8909384857	-1.2402779978	0.0000046649


1.0264378053	-1.1342730855	0.0000045275


1.1474983436	-1.0123123954	0.0000043680


1.2524313942	-0.8761241030	0.0000041892


1.3397016489	-0.7275799267	0.0000039945


1.4079317620	-0.5686951485	0.0000037873


1.4559108722	-0.4016304677	0.0000035712


1.4826077514	-0.2286947616	0.0000033500


1.4871892290	-0.0523476518	0.0000031275


1.4690444827	0.1247994641	0.0000029078


1.4278156709	0.2999855877	0.0000026953


1.3634351416	0.4703075749	0.0000024943


1.2761690433	0.6327354070	0.0000023092


1.1666664989	0.7841382858	0.0000021447


1.0360125122	0.9213249520	0.0000020051


0.8857814082	1.0411017722	0.0000018950


0.7180858410	1.1403518298	0.0000018183


0.5356143734	1.2161371745	0.0000017789


0.3416486052	1.2658242408	0.0000017798


0.1400493682	1.2872289940	0.0000018233


-0.0647986189	1.2787736635	0.0000019106


-0.2680921187	1.2396414861	0.0000020417


-0.4647681949	1.1699109001	0.0000022153


-0.6497119055	1.0706478273	0.0000024284


-0.8179984849	0.9439359126	0.0000026767


-0.9651463835	0.7928309716	0.0000029545


-1.0873518916	0.6212369295	0.0000032550


-1.1816764730	0.4337137944	0.0000035706


-1.2461650094	0.2352399783	0.0000038935


-1.2798850814	0.0309580835	0.0000042158


-1.2828906850	-0.1740666201	0.0000045299


-1.2561246994	-0.3750517041	0.0000048289


-1.2012805932	-0.5676531512	0.0000051068


-1.1206448676	-0.7480669095	0.0000053585


-1.0169387434	-0.9130803088	0.0000055799


-0.8931724832	-1.0600821646	0.0000057679


-0.7525202497	-1.1870423938	0.0000059201


-0.5982186856	-1.2924717304	0.0000060353


-0.4334889846	-1.3753705799	0.0000061127


-0.2614801164	-1.4351739715	0.0000061522


-0.0852298395	-1.4716975006	0.0000061545


0.0923601337	-1.4850873778	0.0000061205


0.2685382722	-1.4757763325	0.0000060516


0.4407096976	-1.4444461303	0.0000059494


0.6064375379	-1.3919968172	0.0000058161


0.7634412349	-1.3195223968	0.0000056539


0.9095934639	-1.2282924225	0.0000054653


1.0429169981	-1.1197388759	0.0000052532


1.1615825968	-0.9954476524	0.0000050205


1.2639088291	-0.8571539587	0.0000047703


1.3483646308	-0.7067409074	0.0000045060


1.4135753321	-0.5462405519	0.0000042311


1.4583328643	-0.3778365315	0.0000039494


1.4816108385	-0.2038673560	0.0000036648


1.4825851617	-0.0268291663	0.0000033814


1.4606607908	0.1506234768	0.0000031033


1.4155050759	0.3256805843	0.0000028351


1.3470878587	0.4953857588	0.0000025813


1.2557280031	0.6566539821	0.0000023465


1.1421452670	0.8063013829	0.0000021352


1.0075152940	0.9410905532	0.0000019522


0.8535239750	1.0577950202	0.0000018017


0.6824155202	1.1532859617	0.0000016879


0.4970264595	1.2246428488	0.0000016142


0.3007958314	1.2692871099	0.0000015835


0.0977406660	1.2851339686	0.0000015977


-0.1076136243	1.2707525009	0.0000016575


-0.3103552651	1.2255184274	0.0000017624


-0.5053617221	1.1497396228	0.0000019102


-0.6875211711	1.0447326542	0.0000020973


-0.8519821033	0.9128315760	0.0000023187


-0.9944049037	0.7573183577	0.0000025681


-1.1111854179	0.5822765162	0.0000028381


-1.1996232317	0.3923827519	0.0000031209


-1.2580164262	0.1926618101	0.0000034082


-1.2856773615	-0.0117656079	0.0000036921


-1.2828768517	-0.2159141615	0.0000039652


-1.2507335229	-0.4151240633	0.0000042209


-1.1910695163	-0.6051995956	0.0000044533


-1.1062531973	-0.7824947270	0.0000046577


-0.9990456711	-0.9439515456	0.0000048303


-0.8724625750	-1.0871011092	0.0000049684


-0.7296573672	-1.2100374743	0.0000050701


-0.5738280805	-1.3113749301	0.0000051344


-0.4081465740	-1.3901967093	0.0000051608


-0.2357076136	-1.4460013752	0.0000051496


-0.0594943607	-1.4786511320	0.0000051015


0.1176432540	-1.4883246903	0.0000050177


0.2930005358	-1.4754760966	0.0000048997


0.4640232385	-1.4408000821	0.0000047494


0.6283083369	-1.3852039258	0.0000045690


0.7836022690	-1.3097854902	0.0000043608


0.9277981843	-1.2158169041	0.0000041274


1.0589334373	-1.1047332738	0.0000038717


1.1751883536	-0.9781257677	0.0000035967


1.2748871466	-0.8377383988	0.0000033055


1.3565017771	-0.6854677999	0.0000030016


1.4186595012	-0.5233652351	0.0000026886


1.4601548350	-0.3536399882	0.0000023703


1.4799666517	-0.1786631128	0.0000020507


1.4772810963	-0.0009702971	0.0000017338


1.4515209182	0.1767377217	0.0000014242


1.4023816409	0.3515991549	0.0000011263


1.3298746407	0.5206020110	0.0000008447


1.2343766355	0.6806047466	0.0000005842


1.1166841908	0.8283701403	0.0000003496


0.9780705768	0.9606161063	0.0000001453


0.8203406131	1.0740870647	-0.0000000241


0.6458770911	1.1656487210	-0.0000001546


0.4576701942	1.2324073223	-0.0000002427


0.2593195100	1.2718513963	-0.0000002859


0.0549974910	1.2820095415	-0.0000002824


-0.1506355183	1.2616123949	-0.0000002319


-0.3525704619	1.2102414413	-0.0000001354


-0.5456415130	1.1284434758	0.0000000046


-0.7247597228	1.0177892264	0.0000001838


-0.8851674303	0.8808593547	0.0000003969


-1.0226852505	0.7211508520	0.0000006369


-1.1339217100	0.5429098458	0.0000008964


-1.2164206109	0.3509095515	0.0000011670


-1.2687318789	0.1502008056	0.0000014406


-1.2904048564	-0.0541350799	0.0000017093


-1.2819149206	-0.2572055204	0.0000019656


-1.2445420818	-0.4544807720	0.0000022032


-1.1802228297	-0.6419156561	0.0000024164


-1.0913946977	-0.8160201919	0.0000026007


-0.9808485296	-0.9738863111	0.0000027526


-0.8515980632	-1.1131807152	0.0000028696


-0.7067715317	-1.2321143826	0.0000029499


-0.5495262117	-1.3293981086	0.0000029926


-0.3829843646	-1.4041915839	0.0000029976


-0.2101876728	-1.4560514943	0.0000029652


-0.0340667587	-1.4848823061	0.0000028961


0.1425776006	-1.4908919385	0.0000027918


0.3170846322	-1.4745534462	0.0000026538


0.4869377287	-1.4365730934	0.0000024840


0.6497647858	-1.3778647240	0.0000022847


0.8033364813	-1.2995300506	0.0000020583


0.9455639181	-1.2028443357	0.0000018075


1.0744967997	-1.0892468619	0.0000015352


1.1883231142	-0.9603355566	0.0000012444


1.2853711879	-0.8178651130	0.0000009385


1.3641148982	-0.6637479075	0.0000006208


1.4231828059	-0.5000569475	0.0000002951


1.4613719580	-0.3290299568	-0.0000000348


1.4776671024	-0.1530735234	-0.0000003649


1.4712660143	0.0252340330	-0.0000006908


1.4416115306	0.2031427694	-0.0000010082


1.3884306597	0.3777363364	-0.0000013124


1.3117807256	0.5459449503	-0.0000015989


1.2121018289	0.7045692891	-0.0000018627


1.0902738847	0.8503189387	-0.0000020992


0.9476750599	0.9798692257	-0.0000023037


0.7862365735	1.0899400014	-0.0000024717


0.6084866533	1.1773988799	-0.0000025994


0.4175742722	1.2393892303	-0.0000026835


0.2172616794	1.2734796517	-0.0000027214


0.0118745418	1.2778267518	-0.0000027118


-0.1937993529	1.2513373778	-0.0000026547


-0.3946666753	1.1938112361	-0.0000025514


-0.5855360073	1.1060419220	-0.0000024050


-0.7613616905	0.9898556458	-0.0000022200


-0.9175001658	0.8480734884	-0.0000020023


-1.0499492282	0.6843942595	-0.0000017589


-1.1555411229	0.5032084097	-0.0000014976


-1.2320675877	0.3093651960	-0.0000012267


-1.2783268813	0.1079219880	-0.0000009542


-1.2940959703	-0.0960953828	-0.0000006881


-1.2800417534	-0.2978981870	-0.0000004353


-1.2375912139	-0.4930924344	-0.0000002021


-1.1687813794	-0.6777843313	0.0000000062


-1.0761071018	-0.8486370086	0.0000001853


-0.9623797805	-1.0028867911	0.0000003319


-0.8306048985	-1.1383292563	0.0000004438


-0.6838817247	-1.2532851865	0.0000005193


-0.5253252364	-1.3465551017	0.0000005578


-0.3580082591	-1.4173691324	0.0000005591


-0.1849207819	-1.4653370500	0.0000005237


-0.0089430915	-1.4904015924	0.0000004524


0.1671705064	-1.4927969154	0.0000003466


0.3408002545	-1.4730130457	0.0000002080


0.5094642385	-1.4317665756	0.0000000385


0.6708184207	-1.3699774326	-0.0000001597


0.8226550426	-1.2887513249	-0.0000003841


0.9629007280	-1.1893673375	-0.0000006319


1.0896153859	-1.0732700954	-0.0000009004


1.2009928568	-0.9420658761	-0.0000011862


1.2953641498	-0.7975220276	-0.0000014863


1.3712040644	-0.6415689920	-0.0000017969


1.4271419795	-0.4763041502	-0.0000021145


1.4619775839	-0.3039965532	-0.0000024352


1.4747023154	-0.1270913916	-0.0000027547


1.4645272218	0.0517872487	-0.0000030688


1.4309178226	0.2298371857	-0.0000033730


1.3736362738	0.4040848209	-0.0000036627


1.2927906480	0.5714005579	-0.0000039331


1.1888903558	0.7285263637	-0.0000041794


1.0629055619	0.8721192846	-0.0000043969


0.9163268463	0.9988148385	-0.0000045809


0.7512193356	1.1053137148	-0.0000047273


0.5702632693	1.1884938077	-0.0000048321


0.3767708503	1.2455469410	-0.0000048923


0.1746679475	1.2741355489	-0.0000049058


-0.0315703284	1.2725592444	-0.0000048715


-0.2370380246	1.2399154356	-0.0000047899


-0.4365722378	1.1762334162	-0.0000046627


-0.6249748623	1.0825596230	-0.0000044934


-0.7972642967	0.9609747524	-0.0000042870


-0.9489306565	0.8145317723	-0.0000040495


-1.0761642365	0.6471162436	-0.0000037883


-1.1760298030	0.4632436652	-0.0000035113


-1.2465684031	0.2678189035	-0.0000032264


-1.2868211309	0.0658872511	-0.0000029418


-1.2967819104	-0.1375954951	-0.0000026650


-1.2772955866	-0.3379538219	-0.0000024026


-1.2299218568	-0.5309336014	-0.0000021606


-1.1567851126	-0.7127920174	-0.0000019439


-1.0604265651	-0.8803415528	-0.0000017565


-0.9436699350	-1.0309570658	-0.0000016012


-0.8095069664	-1.1625561663	-0.0000014802


-0.6610049415	-1.2735624781	-0.0000013947


-0.5012355357	-1.3628597575	-0.0000013455


-0.3332226716	-1.4297429124	-0.0000013323


-0.1599062629	-1.4738701254	-0.0000013547


0.0158814202	-1.4952187568	-0.0000014117


0.1914298258	-1.4940465271	-0.0000015020


0.3641573242	-1.4708586538	-0.0000016237


0.5316138011	-1.4263810644	-0.0000017750


0.6914805007	-1.3615394646	-0.0000019535


0.8415686333	-1.2774438501	-0.0000021568


0.9798179948	-1.1753779433	-0.0000023821


1.1042966440	-1.0567929902	-0.0000026265


1.2132025570	-0.9233053151	-0.0000028869


1.3048680969	-0.7766969986	-0.0000031600


1.3777681103	-0.6189189728	-0.0000034421


1.4305324503	-0.4520957223	-0.0000037296


1.4619637341	-0.2785306057	-0.0000040184


1.4710611238	-0.1007105595	-0.0000043044


1.4570508501	0.0786913863	-0.0000045833


1.4194240328	0.2568177923	-0.0000048504


1.3579820085	0.4306352195	-0.0000051011


1.2728888029	0.5969524584	-0.0000053306


1.1647294643	0.7524522072	-0.0000055340


1.0345716489	0.8937401872	-0.0000057066


0.8840260642	1.0174156447	-0.0000058439


0.7152992048	1.1201664438	-0.0000059417


0.5312294918	1.1988901504	-0.0000059965


0.3352959518	1.2508393374	-0.0000060053


0.1315877211	1.2737847282	-0.0000059665


-0.0752760948	1.2661841101	-0.0000058796


-0.2802824677	1.2273392514	-0.0000057454


-0.4782152080	1.1575190404	-0.0000055665


-0.6638893871	1.0580267511	-0.0000053468


-0.8324082489	0.9311941806	-0.0000050918


-0.9794141382	0.7802954081	-0.0000048080


-1.1013032946	0.6093860703	-0.0000045030


-1.1953794857	0.4230867883	-0.0000041848


-1.2599321758	0.2263379664	-0.0000038614


-1.2942380179	0.0241553854	-0.0000035406


-1.2984961770	-0.1785881152	-0.0000032297


-1.2737155750	-0.3773378898	-0.0000029350


-1.2215746918	-0.5679822886	-0.0000026621


-1.1442728395	-0.7469279588	-0.0000024153


-1.0443875436	-0.9111322973	-0.0000021984


-0.9247475340	-1.0581025429	-0.0000020137


-0.7883261471	-1.1858714978	-0.0000018632


-0.6381563109	-1.2929588656	-0.0000017478


-0.4772658765	-1.3783254621	-0.0000016678


-0.3086307181	-1.4413256633	-0.0000016230


-0.1351424816	-1.4816617421	-0.0000016126


0.0404121689	-1.4993423536	-0.0000016356


0.2153636980	-1.4946463934	-0.0000016904


0.3871657427	-1.4680927277	-0.0000017752


0.5533971500	-1.4204158247	-0.0000018879


0.7117617318	-1.3525470281	-0.0000020262


0.8600871501	-1.2656010529	-0.0000021874


0.9963241057	-1.1608671966	-0.0000023687


1.1185468383	-1.0398047169	-0.0000025673


1.2249558347	-0.9040417893	-0.0000027798


1.3138835895	-0.7553774107	-0.0000030028


1.3838042443	-0.5957855329	-0.0000032327


1.4333479355	-0.4274205779	-0.0000034657


1.4613206853	-0.2526232848	-0.0000036977


1.4667306501	-0.0739255521	-0.0000039245


1.4488214440	0.1059474370	-0.0000041415


1.4071130482	0.2840799999	-0.0000043441


1.3414504049	0.4573763972	-0.0000045277


1.2520591129	0.6225822700	-0.0000046872


1.1396065856	0.7763209258	-0.0000048179


1.0052655266	0.9151486069	-0.0000049150


0.8507746242	1.0356326548	-0.0000049740


0.6784890522	1.1344554299	-0.0000049909


0.4914110396	1.2085445975	-0.0000049622


0.2931890208	1.2552266876	-0.0000048854


0.0880735862	1.2723957243	-0.0000047592


-0.1191793851	1.2586827966	-0.0000045833


-0.3234626766	1.2136070119	-0.0000043594


-0.5195245362	1.1376852418	-0.0000040904


-0.7022137605	1.0324793763	-0.0000037810


-0.8667389036	0.9005665210	-0.0000034373


-1.0089117605	0.7454290043	-0.0000030663


-1.1253458848	0.5712745466	-0.0000026761


-1.2135881731	0.3828086530	-0.0000022752


-1.2721734775	0.1849878519	-0.0000018718


-1.3006051843	-0.0172176655	-0.0000014740


-1.2992751879	-0.2190292562	-0.0000010890


-1.2693425447	-0.4160191418	-0.0000007234


-1.2125910582	-0.6042193989	-0.0000003825


-1.1312833181	-0.7801836626	-0.0000000707


-1.0280240386	-0.9410092607	0.0000002085


-0.9056405314	-1.0843294695	0.0000004528


-0.7670838148	-1.2082855134	0.0000006605


-0.6153506872	-1.3114866510	0.0000008307


-0.4534250771	-1.3929649028	0.0000009634


-0.2842359408	-1.4521291533	0.0000010588


-0.1106286219	-1.4887217815	0.0000011180


0.0646533442	-1.5027797162	0.0000011421


0.2389786942	-1.4946009025	0.0000011329


0.4098335036	-1.4647165352	0.0000010923


0.5748227987	-1.4138690148	0.0000010227


0.7316703140	-1.3429953388	0.0000009264


0.8782177204	-1.2532155073	0.0000008063


1.0124244368	-1.1458254500	0.0000006654


1.1323689978	-1.0222939394	0.0000005067


1.2362528694	-0.8842629154	0.0000003338


1.3224075618	-0.7335505847	0.0000001501


1.3893058901	-0.5721565583	-0.0000000404


1.4355782441	-0.4022681351	-0.0000002337


1.4600347314	-0.2262666019	-0.0000004255


1.4616940271	-0.0467321032	-0.0000006115


1.4398196398	0.1335547944	-0.0000007869


1.3939640403	0.3116172334	-0.0000009469


1.3240206123	0.4842948791	-0.0000010867


1.2302825763	0.6482690004	-0.0000012012


1.1135068308	0.8001038896	-0.0000012856


0.9749789666	0.9363088592	-0.0000013350


0.8165735756	1.0534246105	-0.0000013453


0.6408015649	1.1481363535	-0.0000013124


0.4508339097	1.2174133177	-0.0000012335


0.2504898677	1.2586700408	-0.0000011064


0.0441780737	1.2699392622	-0.0000009304


-0.1632178749	1.2500402250	-0.0000007063


-0.3665112022	1.1987212665	-0.0000004365


-0.5604335598	1.1167537774	-0.0000001247


-0.7398883997	1.0059577037	0.0000002233


-0.9002093905	0.8691473016	0.0000006006


-1.0373933876	0.7099984052	0.0000009996


-1.1482804163	0.5328518187	0.0000014115


-1.2306623064	0.3424777060	0.0000018277


-1.2833142997	0.1438302125	0.0000022397


-1.3059563827	-0.0581806504	0.0000026396


-1.2991601151	-0.2588799866	0.0000030203


-1.2642208574	-0.4539713195	0.0000033756


-1.2030148655	-0.6396304669	0.0000037006


-1.1178572022	-0.8125547544	0.0000039911


-1.0113715497	-0.9699760306	0.0000042445


-0.8863782112	-1.1096471598	0.0000044587


-0.7458026752	-1.2298111390	0.0000046326


-0.5926043682	-1.3291605158	0.0000047659


-0.4297235728	-1.4067929838	0.0000048589


-0.2600436963	-1.4621673157	0.0000049126


-0.0863658752	-1.4950623339	0.0000049282


0.0886069532	-1.5055405069	0.0000049074


0.2622790557	-1.4939169517	0.0000048524


0.4321661546	-1.4607340813	0.0000047653


0.5958967292	-1.4067417960	0.0000046490


0.7512118594	-1.3328829124	0.0000045060


0.8959648568	-1.2402834125	0.0000043394


1.0281217488	-1.1302470340	0.0000041525


1.1457635654	-1.0042536804	0.0000039486


1.2470913164	-0.8639610809	0.0000037312


1.3304345257	-0.7112090566	0.0000035042


1.3942642004	-0.5480256281	0.0000032716


1.4372111291	-0.3766340145	0.0000030373


1.4580904054	-0.1994593065	0.0000028059


1.4559330215	-0.0191332336	0.0000025817


1.4300252219	0.1615050239	0.0000023694


1.3799559808	0.3394145893	0.0000021739


1.3056723814	0.5113684473	0.0000019998


1.2075417390	0.6739826442	0.0000018520


1.0864179262	0.8237633996	0.0000017352


0.9437074842	0.9571764194	0.0000016537


0.7814288054	1.0707419848	0.0000016115


0.6022551900	1.1611575634	0.0000016119


0.4095304466	1.2254464133	0.0000016572


0.2072447430	1.2611258540	0.0000017488


-0.0000403609	1.2663829487	0.0000018866


-0.2073244495	1.2402393999	0.0000020691


-0.4093574311	1.1826832975	0.0000022933


-0.6008743034	1.0947450265	0.0000025543


-0.7768541285	0.9784996293	0.0000028463


-0.9327744789	0.8369881120	0.0000031621


-1.0648310145	0.6740634718	0.0000034937


-1.1700970915	0.4941799508	0.0000038328


-1.2466090439	0.3021525015	0.0000041713


-1.2933757560	0.1029155293	0.0000045011


-1.3103226460	-0.0986941317	0.0000048153


-1.2981875774	-0.2981132158	0.0000051074


-1.2583886895	-0.4911795273	0.0000053722


-1.1928825152	-0.6742115564	0.0000056055


-1.1040266630	-0.8440463511	0.0000058039


-0.9944564486	-0.9980445713	0.0000059651


-0.8669803663	-1.1340722072	0.0000060877


-0.7244957991	-1.2504675594	0.0000061708


-0.5699240321	-1.3460004859	0.0000062145


-0.4061622987	-1.4198291568	0.0000062191


-0.2360500206	-1.4714579453	0.0000061857


-0.0623463216	-1.5006987639	0.0000061157


0.1122838984	-1.5076371588	0.0000060107


0.2852777091	-1.4926037728	0.0000058729


0.4541777305	-1.4561513214	0.0000057045


0.6166332274	-1.3990369361	0.0000055082


0.7704001132	-1.3222095588	0.0000052867


0.9133410424	-1.2268019756	0.0000050433


1.0434266171	-1.1141270260	0.0000047810


1.1587386456	-0.9856774752	0.0000045035


1.2574763420	-0.8431289823	0.0000042145


1.3379663589	-0.6883455059	0.0000039177


1.3986775613	-0.5233863438	0.0000036175


1.4382414703	-0.3505137895	0.0000033180


1.4554793045	-0.1722000843	0.0000030239


1.4494364691	0.0088680661	0.0000027398


1.4194251460	0.1897896512	0.0000024706


1.3650752398	0.3674570445	0.0000022212


1.2863932379	0.5385747193	0.0000019966


1.1838274589	0.6996930829	0.0000018017


1.0583365924	0.8472618677	0.0000016411


0.9114563704	0.9777073515	0.0000015193


0.7453567624	1.0875366420	0.0000014401


0.5628795917	1.1734699610	0.0000014066


0.3675445702	1.2325980296	0.0000014207


0.1635113719	1.2625563310	0.0000014832


-0.0445124554	1.2617018519	0.0000015936


-0.2514224299	1.2292722518	0.0000017495


-0.4519228732	1.1655042680	0.0000019472


-0.6407727933	1.0716895181	0.0000021813


-0.8130475217	0.9501527496	0.0000024450


-0.9643860118	0.8041492098	0.0000027307


-1.0911944208	0.6376913755	0.0000030299


-1.1907839657	0.4553269413	0.0000033341


-1.2614329363	0.2618963930	0.0000036349


-1.3023755665	0.0622983472	0.0000039246


-1.3137307282	-0.1387149039	0.0000041962


-1.2963891160	-0.3366979979	0.0000044435


-1.2518785480	-0.5276246550	0.0000046616


-1.1822244064	-0.7079540106	0.0000048466


-1.0898177899	-0.8746583070	0.0000049955


-0.9772991633	-1.0252210868	0.0000051064


-0.8474611465	-1.1576150395	0.0000051780


-0.7031710252	-1.2702675008	0.0000052099


-0.5473115988	-1.3620199514	0.0000052023


-0.3827379340	-1.4320861625	0.0000051559


-0.2122472012	-1.4800121390	0.0000050718


-0.0385587905	-1.5056398217	0.0000049517


0.1356978525	-1.5090756283	0.0000047974


0.3079898904	-1.4906643008	0.0000046112


0.4758841340	-1.4509681273	0.0000043954


0.6370480230	-1.3907513608	0.0000041528


0.7892498575	-1.3109695130	0.0000038862


0.9303594070	-1.2127631225	0.0000035989


1.0583498921	-1.0974555433	0.0000032942


1.1713022683	-0.9665542506	0.0000029756


1.2674127176	-0.8217550928	0.0000026469


1.3450042633	-0.6649488088	0.0000023120


1.4025434539	-0.4982289588	0.0000019753


1.4386630812	-0.3239001723	0.0000016410


1.4521918867	-0.1444852693	0.0000013139


1.4421921031	0.0372706411	0.0000009987


1.4080054309	0.2184015434	0.0000007005


1.3493075618	0.3957304845	0.0000004242


1.2661705440	0.5658919034	0.0000001749


1.1591310291	0.7253706520	-0.0000000424


1.0292606778	0.8705622763	-0.0000002229


0.8782327480	0.9978587267	-0.0000003622


0.7083763215	1.1037622496	-0.0000004568


0.5227071878	1.1850273953	-0.0000005036


0.3249228489	1.2388266628	-0.0000005008


0.1193494545	1.2629295105	-0.0000004482


-0.0891682669	1.2558781856	-0.0000003466


-0.2954362949	1.2171387082	-0.0000001988


-0.4941323573	1.1472034905	-0.0000000093


-0.6800605285	1.0476252670	0.0000002162


-0.8484124125	0.9209707289	0.0000004705


-0.9950042185	0.7706949773	0.0000007455


-1.1164621022	0.6009512820	0.0000010327


-1.2103373769	0.4163608102	0.0000013233


-1.2751458007	0.2217712111	0.0000016092


-1.3103373743	0.0220307130	0.0000018824


-1.3162118895	-0.1782026533	0.0000021363


-1.2937994928	-0.3746061761	0.0000023649


-1.2447251329	-0.5632899204	0.0000025636


-1.1710724129	-0.7408508282	0.0000027285


-1.0752577330	-0.9043913766	0.0000028569


-0.9599210285	-1.0515119411	0.0000029471


-0.8278356577	-1.1802855829	0.0000029980


-0.6818373389	-1.2892226382	0.0000030092


-0.5247704131	-1.3772308239	0.0000029811


-0.3594489039	-1.4435749556	0.0000029145


-0.1886296037	-1.4878390058	0.0000028107


-0.0149945098	-1.5098921569	0.0000026712


0.1588597923	-1.5098597316	0.0000024980


0.3304278721	-1.4880993482	0.0000022934


0.4972980683	-1.4451823112	0.0000020600


0.6571534390	-1.3818800347	0.0000018004


0.8077722862	-1.2991551784	0.0000015176


0.9470293343	-1.1981571050	0.0000012150


1.0728985395	-1.0802212154	0.0000008957


1.1834584610	-0.9468716636	0.0000005636


1.2769011178	-0.7998268702	0.0000002225


1.3515452796	-0.6410071214	-0.0000001236


1.4058551765	-0.4725433467	-0.0000004704


1.4384656308	-0.2967858797	-0.0000008134


1.4482145843	-0.1163116240	-0.0000011479


1.4341838562	0.0660724613	-0.0000014689


1.3957486520	0.2473322483	-0.0000017714


1.3326357587	0.4242190777	-0.0000020504


1.2449894019	0.5932961978	-0.0000023007


1.1334423039	0.7509835621	-0.0000025173


0.9991875161	0.8936256264	-0.0000026955


0.8440441643	1.0175861077	-0.0000028310


0.6705076038	1.1193718084	-0.0000029203


0.4817721817	1.1957842377	-0.0000029606


0.2817137244	1.2440927652	-0.0000029506


0.0748200751	1.2622168712	-0.0000028901


-0.1339375646	1.2488988722	-0.0000027806


-0.3392918296	1.2038441809	-0.0000026252


-0.5359138684	1.1278058333	-0.0000024289


-0.7186739342	1.0225951402	-0.0000021977


-0.8828989158	0.8910107079	-0.0000019392


-1.0245963112	0.7366914799	-0.0000016616


-1.1406195004	0.5639121581	-0.0000013734


-1.2287599157	0.3773477173	-0.0000010833


-1.2877645537	0.1818357004	-0.0000007994


-1.3172885514	-0.0178391116	-0.0000005292


-1.3177997578	-0.2171210476	-0.0000002793


-1.2904546480	-0.4118133680	-0.0000000552


-1.2369633955	-0.5981618355	0.0000001386


-1.1594580216	-0.7728976793	0.0000002987


-1.0603728854	-0.9332483264	0.0000004224


-0.9423424760	-1.0769248880	0.0000005083


-0.8081181255	-1.2020946123	0.0000005553


-0.6605029846	-1.3073450558	0.0000005633


-0.5023032905	-1.3916450878	0.0000005326


-0.3362933549	-1.4543063226	0.0000004642


-0.1651915793	-1.4949473284	0.0000003593


0.0083550432	-1.5134620039	0.0000002197


0.1817801927	-1.5099928355	0.0000000472


0.3526031867	-1.4849092883	-0.0000001557


0.5184312737	-1.4387912920	-0.0000003867


0.6769606291	-1.3724176057	-0.0000006428


0.8259772323	-1.2867587459	-0.0000009211


0.9633586689	-1.1829740945	-0.0000012183


1.0870778243	-1.0624127540	-0.0000015311


1.1952094077	-0.9266176503	-0.0000018556


1.2859402566	-0.7773322855	-0.0000021880


1.3575844069	-0.6165093898	-0.0000025242


1.4086039556	-0.4463204905	-0.0000028597


1.4376367554	-0.2691650986	-0.0000031901


1.4435319294	-0.0876777720	-0.0000035105


1.4253940115	0.0952692324	-0.0000038159


1.3826361282	0.2765706687	-0.0000041013


1.3150419374	0.4529040365	-0.0000043615


1.2228349207	0.6207606691	-0.0000045914


1.1067519925	0.7764969284	-0.0000047860


0.9681162180	0.9164101505	-0.0000049407


0.8089008346	1.0368429674	-0.0000050514


0.6317741105	1.1343172814	-0.0000051148


0.4401125183	1.2056951993	-0.0000051284


0.2379692303	1.2483586925	-0.0000050913


0.0299871510	1.2603933186	-0.0000050038


-0.1787486352	1.2407554651	-0.0000048679


-0.3829151221	1.1893993317	-0.0000046872


-0.5771976257	1.1073412775	-0.0000044670


-0.7565533999	0.9966462141	-0.0000042138


-0.9164623261	0.8603325304	-0.0000039354


-1.0531351917	0.7022056691	-0.0000036400


-1.1636575281	0.5266420617	-0.0000033362


-1.2460588235	0.3383514249	-0.0000030323


-1.2993095628	0.1421451995	-0.0000027364


-1.3232585860	-0.0572667512	-0.0000024554


-1.3185288118	-0.2554376468	-0.0000021957


-1.2863903166	-0.4482987298	-0.0000019624


-1.2286273019	-0.6322298741	-0.0000017595


-1.1474112379	-0.8040925178	-0.0000015904


-1.0451879147	-0.9612335234	-0.0000014572


-0.9245821703	-1.1014686575	-0.0000013613


-0.7883211135	-1.2230533482	-0.0000013034


-0.6391747466	-1.3246468592	-0.0000012836


-0.4799118438	-1.4052744302	-0.0000013014


-0.3132685127	-1.4642905286	-0.0000013558


-0.1419268445	-1.5013452244	-0.0000014455


0.0314987494	-1.5163548528	-0.0000015686


0.2044696248	-1.5094775361	-0.0000017232


0.3745272190	-1.4810937385	-0.0000019069


0.5392951167	-1.4317917811	-0.0000021172


0.6964801619	-1.3623580922	-0.0000023513


0.8438737461	-1.2737718827	-0.0000026060


0.9793542888	-1.1672038734	-0.0000028783


1.1008918751	-1.0440186481	-0.0000031644


1.2065560049	-0.9057801258	-0.0000034608


1.2945274356	-0.7542595326	-0.0000037633


1.3631151453	-0.5914450698	-0.0000040680


1.4107794867	-0.4195522160	-0.0000043702


1.4361626049	-0.2410332319	-0.0000046654


1.4381271131	-0.0585839551	-0.0000049486


1.4158037838	0.1248546358	-0.0000052149


1.3686485335	0.3061033108	-0.0000054590


1.2965081483	0.4817638935	-0.0000056758


1.1996929002	0.6482555802	-0.0000058602


1.0790523650	0.8018731787	-0.0000060072


0.9360483725	0.9388718269	-0.0000061122


0.7728162947	1.0555813291	-0.0000061715


0.5922032708	1.1485503576	-0.0000061818


0.3977702669	1.2147161855	-0.0000061414


0.1937451624	1.2515895860	-0.0000060495


-0.0150826248	1.2574380054	-0.0000059072


-0.2235285372	1.2314448100	-0.0000057170


-0.4262329314	1.1738205000	-0.0000054832


-0.6179164527	1.0858450845	-0.0000052115


-0.7936435377	0.9698297150	-0.0000049092


-0.9490631838	0.8289985425	-0.0000045840


-1.0805992991	0.6673051502	-0.0000042445


-1.1855722260	0.4892079813	-0.0000038992


-1.2622455263	0.2994332784	-0.0000035565


-1.3098041380	0.1027517890	-0.0000032239


-1.3282786021	-0.0962114121	-0.0000029083


-1.3184339802	-0.2931234764	-0.0000026155


-1.2816417323	-0.4840444528	-0.0000023502


-1.2197496457	-0.6654859302	-0.0000021162


-1.1349604967	-0.8344350337	-0.0000019164


-1.0297257569	-0.9883524019	-0.0000017527


-0.9066570663	-1.1251524467	-0.0000016261


-0.7684556281	-1.2431729754	-0.0000015372


-0.6178580882	-1.3411397202	-0.0000014858


-0.4575966468	-1.4181298064	-0.0000014711


-0.2903708646	-1.4735368975	-0.0000014920


-0.1188286788	-1.5070397350	-0.0000015471


0.0544456347	-1.5185750434	-0.0000016344


0.2269385283	-1.5083152529	-0.0000017518


0.3962109622	-1.4766511520	-0.0000018970


0.5599003266	-1.4241793708	-0.0000020671


0.7157217376	-1.3516944675	-0.0000022594


0.8614697909	-1.2601853134	-0.0000024705


0.9950217787	-1.1508354150	-0.0000026973


1.1143433353	-1.0250267455	-0.0000029360


1.2174974915	-0.8843465722	-0.0000031828


1.3026581551	-0.7305966235	-0.0000034336


1.3681290925	-0.5658037359	-0.0000036841


1.4123695233	-0.3922308148	-0.0000039297


1.4340274321	-0.2123865377	-0.0000041657


1.4319815863	-0.0290316848	-0.0000043870


1.4053929437	0.1548206709	-0.0000045886


1.3537655555	0.3359146335	-0.0000047651


1.2770160840	0.5107748784	-0.0000049113


1.1755495696	0.6757488210	-0.0000050221


1.0503370184	0.8270725672	-0.0000050925


0.9029878105	0.9609650035	-0.0000051182


0.7358071178	1.0737525130	-0.0000050954


0.5518260528	1.1620233144	-0.0000050214


0.3547910690	1.2228052375	-0.0000048945


0.1491003227	1.2537543225	-0.0000047147


-0.0603207465	1.2533351996	-0.0000044836


-0.2682042275	1.2209697436	-0.0000042042


-0.4691738922	1.1571301724	-0.0000038815


-0.6580069529	1.0633580312	-0.0000035218


-0.8298942346	0.9422010725	-0.0000031327


-0.9806681504	0.7970735570	-0.0000027227


-1.1069733105	0.6320581626	-0.0000023006


-1.2063653403	0.4516759170	-0.0000018751


-1.2773361688	0.2606524341	-0.0000014548


-1.3192751045	0.0637046716	-0.0000010473


-1.3323820375	-0.1346353776	-0.0000006595


-1.3175514668	-0.3301524453	-0.0000002972


-1.2762446155	-0.5190351506	0.0000000349


-1.2103631965	-0.6979237190	0.0000003331


-1.1221339578	-0.8639260993	0.0000005946


-1.0140090365	-1.0146109759	0.0000008175


-0.8885839349	-1.1479855107	0.0000010010


-0.7485327319	-1.2624643152	0.0000011445


-0.5965588376	-1.3568346296	0.0000012485


-0.4353589819	-1.4302212703	0.0000013136


-0.2675979610	-1.4820537161	0.0000013412


-0.0958917744	-1.5120367993	0.0000013328


0.0772029773	-1.5201258044	0.0000012905


0.2491952783	-1.5065063306	0.0000012165


0.4176630464	-1.4715789796	0.0000011134


0.5802549903	-1.4159487534	0.0000009840


0.7346921496	-1.3404189336	0.0000008313


0.8787701732	-1.2459891466	0.0000006588


1.0103633303	-1.1338572593	0.0000004700


1.1274312351	-1.0054246757	0.0000002686


1.2280292937	-0.8623045040	0.0000000588


1.3103239334	-0.7063318960	-0.0000001552


1.3726137384	-0.5395756247	-0.0000003687


1.4133576471	-0.3643496217	-0.0000005771


1.4312113401	-0.1832227338	-0.0000007753


1.4250727839	0.0009756316	-0.0000009581


1.3941375181	0.1851570177	-0.0000011201


1.3379635678	0.3659864123	-0.0000012559


1.2565447165	0.5399102956	-0.0000013602


1.1503891729	0.7032053159	-0.0000014276


1.0205983840	0.8520526231	-0.0000014534


0.8689379988	0.9826418910	-0.0000014334


0.6978901485	1.0913066606	-0.0000013639


0.5106739958	1.1746885317	-0.0000012429


0.3112209387	1.2299219663	-0.0000010691


0.1040930936	1.2548247760	-0.0000008434


-0.1056604974	1.2480732752	-0.0000005681


-0.3127062354	1.2093377359	-0.0000002472


-0.5116721245	1.1393552508	0.0000001135


-0.6974129136	1.0399243410	0.0000005066


-0.8652637418	0.9138176091	0.0000009238


-1.0112527347	0.7646224293	0.0000013563


-1.1322505208	0.5965311659	0.0000017946


-1.2260464233	0.4141085644	0.0000022299


-1.2913535237	0.2220636793	0.0000026537


-1.3277546079	0.0250481166	0.0000030582


-1.3356064087	-0.1725059851	0.0000034371


-1.3159205080	-0.3665033048	0.0000037846


-1.2702369311	-0.5532598662	0.0000040965


-1.2005024418	-0.7295408867	0.0000043694


-1.1089612034	-0.8925700247	0.0000046010


-0.9980616879	-1.0400182670	0.0000047900


-0.8703808739	-1.1699797767	0.0000049358


-0.7285649132	-1.2809406303	0.0000050385


-0.5752843913	-1.3717448918	0.0000050988


-0.4132018587	-1.4415611521	0.0000051180


-0.2449492363	-1.4898515869	0.0000050977


-0.0731128502	-1.5163447739	0.0000050401


0.0997759037	-1.5210129351	0.0000049476


0.2712459930	-1.5040538791	0.0000048226


0.4388897594	-1.4658776678	0.0000046683


0.6003647837	-1.4070978801	0.0000044878


0.7533957300	-1.3285272485	0.0000042843


0.8957772060	-1.2311773799	0.0000040617


1.0253786320	-1.1162622088	0.0000038236


1.1401521210	-0.9852047485	0.0000035741


1.2381444142	-0.8396465835	0.0000033176


1.3175139812	-0.6814593531	0.0000030584


1.3765544571	-0.5127572060	0.0000028014


1.4137256170	-0.3359088128	0.0000025513


1.4276930294	-0.1535470114	0.0000023134


1.4173773146	0.0314264893	0.0000020929


1.3820134617	0.2158446877	0.0000018950


1.3212198156	0.3962912998	0.0000017251


1.2350750103	0.5691340693	0.0000015883


1.1241991997	0.7305806347	0.0000014897


0.9898334345	0.8767619136	0.0000014335


0.8339081447	1.0038465484	0.0000014236


0.6590888981	1.1081869846	0.0000014625


0.4687857662	1.1864930052	0.0000015520


0.2671128567	1.2360222718	0.0000016920


0.0587879761	1.2547706357	0.0000018811


-0.1510305008	1.2416394920	0.0000021158


-0.3569622722	1.1965554997	0.0000023914


-0.5536608108	1.1205213968	0.0000027012


-0.7360787332	1.0155857317	0.0000030377


-0.8997118396	0.8847323237	0.0000033922


-1.0407941139	0.7317036574	0.0000037558


-1.1564252788	0.5607823554	0.0000041197


-1.2446248789	0.3765588466	0.0000044754


-1.3043186659	0.1837110680	0.0000048152


-1.3352714399	-0.0131847276	0.0000051322


-1.3379843142	-0.2098015734	0.0000054206


-1.3135740785	-0.4021652996	0.0000056759


-1.2636493198	-0.5867173706	0.0000058944


-1.1901937726	-0.7603439036	0.0000060734


-1.0954632101	-0.9203789963	0.0000062113


-0.9818987485	-1.0645902470	0.0000063070


-0.8520569616	-1.1911532574	0.0000063605


-0.7085556400	-1.2986204866	0.0000063720


-0.5540332066	-1.3858884175	0.0000063425


-0.3911194778	-1.4521657751	0.0000062732


-0.2224154719	-1.4969445660	0.0000061660


-0.0504801393	-1.5199749923	0.0000060229


0.1221778588	-1.5212447859	0.0000058462


0.2931049452	-1.5009631746	0.0000056386


0.4599053851	-1.4595494773	0.0000054032


0.6202432246	-1.3976261920	0.0000051429


0.7718444999	-1.3160163610	0.0000048614


0.9125007382	-1.2157449278	0.0000045623


1.0400747527	-1.0980437381	0.0000042495


1.1525097634	-0.9643597365	0.0000039272


1.2478429273	-0.8163657689	0.0000035998


1.3242244425	-0.6559731785	0.0000032722


1.3799434483	-0.4853450712	0.0000029490


1.4134619625	-0.3069086851	0.0000026357


1.4234579988	-0.1233647326	0.0000023373


1.4088787263	0.0623091311	0.0000020595


1.3690039541	0.2468643651	0.0000018078


1.3035192195	0.4268016095	0.0000015875


1.2125962209	0.5984099105	0.0000014041


1.0969761770	0.7578304852	0.0000012625


0.9580489784	0.9011498014	0.0000011669


0.7979180154	1.0245248488	0.0000011209


0.6194379200	1.1243398852	0.0000011270


0.4262111399	1.1973885543	0.0000011862


0.2225304317	1.2410685925	0.0000012980


0.0132590314	1.2535696657	0.0000014601


-0.1963513780	1.2340302731	0.0000016685


-0.4008938651	1.1826393470	0.0000019175


-0.5950687148	1.1006635890	0.0000021998


-0.7739457946	0.9903923366	0.0000025073


-0.9331961214	0.8550053478	0.0000028308


-1.0692674693	0.6983815033	0.0000031611


-1.1794895747	0.5248745099	0.0000034892


-1.2621070191	0.3390834546	0.0000038067


-1.3162486912	0.1456420358	0.0000041058


-1.3418495654	-0.0509573208	0.0000043801


-1.3395428505	-0.2464967801	0.0000046239


-1.3105392158	-0.4371234840	0.0000048329


-1.2565063008	-0.6194016861	0.0000050038


-1.1794574976	-0.7903339518	0.0000051342


-1.0816550880	-0.9473594464	0.0000052227


-0.9655297325	-1.0883367716	0.0000052687


-0.8336161754	-1.2115175983	0.0000052721


-0.6885037454	-1.3155159357	0.0000052335


-0.5327995879	-1.3992765482	0.0000051541


-0.3691023693	-1.4620449126	0.0000050354


-0.1999842522	-1.5033402384	0.0000048792


-0.0279791388	-1.5229324421	0.0000046878


0.1444245752	-1.5208235234	0.0000044637


0.3147882585	-1.4972335033	0.0000042097


0.4807256295	-1.4525909013	0.0000039288


0.6399048328	-1.3875276152	0.0000036244


0.7900510714	-1.3028779895	0.0000033000


0.9289508102	-1.1996817967	0.0000029593


1.0544585728	-1.0791907783	0.0000026064


1.1645073937	-0.9428782804	0.0000022455


1.2571240617	-0.7924513491	0.0000018812


1.3304503723	-0.6298644000	0.0000015183


1.3827716661	-0.4573332149	0.0000011619


1.4125539249	-0.2773475307	0.0000008171


1.4184905575	-0.0926798533	0.0000004894


1.3995596446	0.0936126402	0.0000001845


1.3550917049	0.2781970973	-0.0000000921


1.2848468655	0.4574897033	-0.0000003348


1.1890985571	0.6277015119	-0.0000005382


1.0687184528	0.7849108240	-0.0000006974


0.9252544722	0.9251665645	-0.0000008081


0.7609906453	1.0446246633	-0.0000008670


0.5789752580	1.1397151980	-0.0000008720


0.3830030372	1.2073320673	-0.0000008223


0.1775394018	1.2450300123	-0.0000007188


-0.0324192058	1.2512074900	-0.0000005644


-0.2415453921	1.2252504719	-0.0000003636


-0.4444264448	1.1676137737	-0.0000001226


-0.6358305415	1.0798239253	0.0000001509


-0.8109629109	0.9643997056	0.0000004483


-0.9656823566	0.8247001943	0.0000007604


-1.0966561353	0.6647215890	0.0000010778


-1.2014428879	0.4888700491	0.0000013916


-1.2785055613	0.3017374865	0.0000016934


-1.3271658383	0.1079017348	0.0000019757


-1.3475168593	-0.0882355997	0.0000022322


-1.3403119646	-0.2825685204	0.0000024575


-1.3068449980	-0.4713647257	0.0000026474


-1.2488338927	-0.6513080416	0.0000027990


-1.1683151322	-0.8195127680	0.0000029099


-1.0675530684	-0.9735177365	0.0000029789


-0.9489653453	-1.1112670692	0.0000030054


-0.8150638645	-1.2310833528	0.0000029896


-0.6684096810	-1.3316375704	0.0000029322


-0.5115797399	-1.4119188931	0.0000028343


-0.3471432557	-1.4712064164	0.0000026974


-0.1776456403	-1.5090441504	0.0000025236


-0.0055980948	-1.5252200153	0.0000023152


0.1665287855	-1.5197492113	0.0000020746


0.3363088263	-1.4928620815	0.0000018049


0.5013627583	-1.4449964330	0.0000015089


0.6593604946	-1.3767941781	0.0000011903


0.8080242445	-1.2891020906	0.0000008524


0.9451334878	-1.1829764033	0.0000004993


1.0685328523	-1.0596908846	0.0000001349


1.1761440004	-0.9207479069	-0.0000002362


1.2659827147	-0.7678918148	-0.0000006095


1.3361824571	-0.6031236198	-0.0000009800


1.3850257326	-0.4287156348	-0.0000013427


1.4109845518	-0.2472241188	-0.0000016921


1.4127710936	-0.0614973044	-0.0000020228


1.3893992091	0.1253246416	-0.0000023289


1.3402565558	0.3098220641	-0.0000026049


1.2651857745	0.4883258159	-0.0000028452


1.1645711164	0.6569704189	-0.0000030444


1.0394242939	0.8117757678	-0.0000031978


0.8914602689	0.9487613389	-0.0000033011


0.7231507220	1.0640938171	-0.0000033513


0.5377409551	1.1542641308	-0.0000033466


0.3392161549	1.2162833683	-0.0000032867


0.1322064199	1.2478799986	-0.0000031730


-0.0781727237	1.2476751548	-0.0000030087


-0.2865371308	1.2153107452	-0.0000027989


-0.4874896118	1.1515086828	-0.0000025502


-0.6758867090	1.0580487899	-0.0000022706


-0.8470855768	0.9376660441	-0.0000019688


-0.9971432604	0.7938812013	-0.0000016542


-1.1229499854	0.6307886423	-0.0000013359


-1.2222903192	0.4528291294	-0.0000010228


-1.2938376349	0.2645728803	-0.0000007230


-1.3370954767	0.0705317427	-0.0000004436


-1.3523031446	-0.1249890749	-0.0000001908


-1.3403225754	-0.3179969813	0.0000000305


-1.3025207499	-0.5048786795	0.0000002164


-1.2406578839	-0.6824338884	0.0000003639


-1.1567877026	-0.8478837453	0.0000004712


-1.0531728077	-0.9988613666	0.0000005370


-0.9322157606	-1.1333910643	0.0000005610


-0.7964049748	-1.2498614132	0.0000005434


-0.6482736782	-1.3469960485	0.0000004848


-0.4903698591	-1.4238249278	0.0000003867


-0.3252350752	-1.4796578707	0.0000002505


-0.1553901408	-1.5140614998	0.0000000782


0.0166740823	-1.5268402183	-0.0000001278


0.1885023416	-1.5180215270	-0.0000003650


0.3576784506	-1.4878457711	-0.0000006304


0.5218277415	-1.4367602713	-0.0000009209


0.6786196017	-1.3654177056	-0.0000012332


0.8257711334	-1.2746785419	-0.0000015635


0.9610529688	-1.1656172473	-0.0000019080


1.0822983170	-1.0395319013	-0.0000022624


1.1874163983	-0.8979566873	-0.0000026224


1.2744115119	-0.7426765110	-0.0000029831


1.3414090753	-0.5757426602	-0.0000033397


1.3866900135	-0.3994879652	-0.0000036868


1.4087348041	-0.2165393072	-0.0000040190


1.4062782263	-0.0298245639	-0.0000043307


1.3783752838	0.1574297958	-0.0000046161


1.3244777557	0.3417151689	-0.0000048695


1.2445192347	0.5192767832	-0.0000050853


1.1390042544	0.6861749362	-0.0000052584


1.0090942476	0.8383767136	-0.0000053840


0.8566799118	0.9718814716	-0.0000054582


0.6844267345	1.0828796659	-0.0000054783


0.4957789842	1.1679390171	-0.0000054430


0.2949086296	1.2242050637	-0.0000053524


0.0866004404	1.2495962362	-0.0000052084


-0.1239268753	1.2429688438	-0.0000050150


-0.3312524806	1.2042270793	-0.0000047776


-0.5300161231	1.1343587078	-0.0000045032


-0.7151822391	1.0353880231	-0.0000042002


-0.8822746963	0.9102513225	-0.0000038774


-1.0275570486	0.7626126863	-0.0000035441


-1.1481438524	0.5966457866	-0.0000032093


-1.2420409416	0.4168091220	-0.0000028816


-1.3081231377	0.2276380951	-0.0000025688


-1.3460645285	0.0335699333	-0.0000022777


-1.3562387217	-0.1611908072	-0.0000020139


-1.3396052286	-0.3527654839	-0.0000017821


-1.2975948250	-0.5376575713	-0.0000015859


-1.2320027338	-0.7127786365	-0.0000014278


-1.1448947506	-0.8754516421	-0.0000013096


-1.0385284799	-1.0233986709	-0.0000012321


-0.9152897829	-1.1547190685	-0.0000011958


-0.7776432694	-1.2678627008	-0.0000012001


-0.6280950130	-1.3616017835	-0.0000012442


-0.4691654327	-1.4350036858	-0.0000013269


-0.3033703079	-1.4874062835	-0.0000014464


-0.1332080476	-1.5183968272	-0.0000016006


0.0388484539	-1.5277948617	-0.0000017873


0.2103568368	-1.5156394497	-0.0000020038


0.3789084534	-1.4821807646	-0.0000022470


0.5421308531	-1.4278760055	-0.0000025140


0.6976906404	-1.3533895042	-0.0000028011


0.8432977438	-1.2595968282	-0.0000031047


0.9767121493	-1.1475926026	-0.0000034208


1.0957542154	-1.0187016601	-0.0000037451


1.1983197771	-0.8744929477	-0.0000040731


1.2824013518	-0.7167953624	-0.0000044000


1.3461168446	-0.5477143060	-0.0000047207


1.3877471760	-0.3696472351	-0.0000050298


1.4057841347	-0.1852958111	-0.0000053218


1.3989894177	0.0023285744	-0.0000055910


1.3664651111	0.1899100461	-0.0000058315


1.3077346595	0.3738493280	-0.0000060377


1.2228315393	0.5503064042	-0.0000062039


1.1123903371	0.7152705948	-0.0000063250


0.9777318700	0.8646629359	-0.0000063966


0.8209307788	0.9944732558	-0.0000064149


0.6448514698	1.1009299484	-0.0000063777


0.4531375377	1.1806942280	-0.0000062841


0.2501420894	1.2310634278	-0.0000061348


0.0407925526	1.2501613831	-0.0000059325


-0.1696066953	1.2370904188	-0.0000056816


-0.3756189874	1.1920210733	-0.0000053882


-0.5719421802	1.1162032554	-0.0000050600


-0.7536668818	1.0118947950	-0.0000047056


-0.9164965031	0.8822170844	-0.0000043340


-1.0569071666	0.7309587920	-0.0000039547


-1.1722371205	0.5623545007	-0.0000035765


-1.2607073309	0.3808647233	-0.0000032079


-1.3213842733	0.1909783728	-0.0000028563


-1.3541010670	-0.0029491380	-0.0000025282


-1.3593540569	-0.1968169346	-0.0000022289


-1.3381898858	-0.3868599611	-0.0000019628


-1.2920944918	-0.5696956597	-0.0000017330


-1.2228915420	-0.7423431213	-0.0000015418


-1.1326543711	-0.9022220668	-0.0000013907


-1.0236328662	-1.0471383261	-0.0000012804


-0.8981949767	-1.1752613115	-0.0000012109


-0.7587814865	-1.2850977168	-0.0000011816


-0.6078721865	-1.3754645110	-0.0000011915


-0.4479614392	-1.4454633349	-0.0000012392


-0.2815411939	-1.4944576684	-0.0000013229


-0.1110896788	-1.5220535981	-0.0000014403


0.0609357998	-1.5280846414	-0.0000015890


0.2321033331	-1.5126008379	-0.0000017662


0.4000093815	-1.4758621587	-0.0000019688


0.5622813541	-1.4183361848	-0.0000021935


0.7165808501	-1.3406999288	-0.0000024369


0.8606086063	-1.2438456089	-0.0000026948


0.9921122333	-1.1288900876	-0.0000029634


1.1088979049	-0.9971875584	-0.0000032380


1.2088472690	-0.8503448578	-0.0000035141


1.2899409597	-0.6902384771	-0.0000037867


1.3502901703	-0.5190319239	-0.0000040504


1.3881777434	-0.3391915035	-0.0000042998


1.4021100614	-0.1534978495	-0.0000045291


1.3908805756	0.0349503547	-0.0000047325


1.3536449545	0.2227449923	-0.0000049042


1.2900064145	0.4061948897	-0.0000050382


1.2001077071	0.5813759357	-0.0000051290


1.0847234714	0.7442107527	-0.0000051717


0.9453434222	0.8905823155	-0.0000051618


0.7842336875	1.0164827868	-0.0000050962


0.6044614636	1.1181937386	-0.0000049728


0.4098682755	1.1924871571	-0.0000047913


0.2049806863	1.2368293274	-0.0000045531


-0.0051451719	1.2495638422	-0.0000042615


-0.2151381568	1.2300479690	-0.0000039215


-0.4195671101	1.1787202445	-0.0000035401


-0.6132085778	1.0970866075	-0.0000031251


-0.7912960943	0.9876255900	-0.0000026857


-0.9497233579	0.8536264174	-0.0000022314


-1.0851829449	0.6989835355	-0.0000017715


-1.1952343115	0.5279748009	-0.0000013153


-1.2783061626	0.3450482879	-0.0000008710


-1.3336462300	0.1546362026	-0.0000004463


-1.3612351246	-0.0389936759	-0.0000000476


-1.3616807458	-0.2318460670	0.0000003198


-1.3361070490	-0.4202683487	0.0000006517


-1.2860472096	-0.6009886566	0.0000009448


-1.2133474619	-0.7711290782	0.0000011969


-1.1200847454	-0.9282010223	0.0000014065


-1.0084989923	-1.0700889731	0.0000015729


-0.8809393940	-1.1950276443	0.0000016963


-0.7398231467	-1.3015763271	0.0000017771


-0.5876048041	-1.3885931540	0.0000018164


-0.4267542916	-1.4552111224	0.0000018158


-0.2597417354	-1.5008170686	0.0000017772


-0.0890274342	-1.5250343063	0.0000017028


0.0829445102	-1.5277093195	0.0000015952


0.2537502070	-1.5089026889	0.0000014573


0.4209888109	-1.4688842927	0.0000012923


0.5822852591	-1.4081327343	0.0000011037


0.7352939589	-1.3273388760	0.0000008952


0.8777044873	-1.2274132872	0.0000006708


1.0072504232	-1.1094973071	0.0000004350


1.1217225290	-0.9749772705	0.0000001923


1.2189876180	-0.8255012071	-0.0000000523


1.2970145560	-0.6629969796	-0.0000002935


1.3539089176	-0.4896903450	-0.0000005259


1.3879577750	-0.3081207784	-0.0000007436


1.3976858572	-0.1211520853	-0.0000009408


1.3819237528	0.0680261172	-0.0000011112


1.3398877981	0.2559109696	-0.0000012489


1.2712696403	0.4387187584	-0.0000013478


1.1763311111	0.6124432854	-0.0000014024


1.0559970352	0.7729458689	-0.0000014077


0.9119352414	0.9160806858	-0.0000013596


0.7466100429	1.0378553452	-0.0000012552


0.5632938717	1.1346207914	-0.0000010930


0.3660229013	1.2032774228	-0.0000008734


0.1594874091	1.2414771609	-0.0000005985


-0.0511435341	1.2477963295	-0.0000002724


-0.2604520527	1.2218539468	0.0000000988


-0.4630339669	1.1643557420	0.0000005074


-0.6537641752	1.0770552875	0.0000009447


-0.8280341484	0.9626373478	0.0000014011


-0.9819364685	0.8245410016	0.0000018666


-1.1123819659	0.6667478733	0.0000023314


-1.2171471642	0.4935623933	0.0000027865


-1.2948600792	0.3094070870	0.0000032233


-1.3449388997	0.1186486712	0.0000036346


-1.3675003061	-0.0745372431	0.0000040142


-1.3632530379	-0.2662618793	0.0000043570


-1.3333891935	-0.4529832201	0.0000046591


-1.2794819559	-0.6315364421	0.0000049177


-1.2033948972	-0.7991419666	0.0000051308


-1.1072051805	-0.9533978557	0.0000052974


-0.9931409845	-1.0922623012	0.0000054173


-0.8635322247	-1.2140307572	0.0000054909


-0.7207729793	-1.3173111103	0.0000055192


-0.5672937635	-1.4009992932	0.0000055036


-0.4055417799	-1.4642569577	0.0000054462


-0.2379673919	-1.5064922431	0.0000053493


-0.0670152426	-1.5273442552	0.0000052156


0.1048813805	-1.5266715966	0.0000050480


0.2753041787	-1.5045450998	0.0000048499


0.4418526039	-1.4612448008	0.0000046248


0.6021468143	-1.3972611079	0.0000043765


0.7538318758	-1.3133000493	0.0000041093


0.8945842939	-1.2102924040	0.0000038275


1.0221220433	-1.0894063970	0.0000035357


1.1342193714	-0.9520634641	0.0000032388


1.2287277856	-0.7999563153	0.0000029422


1.3036047439	-0.6350681349	0.0000026513


1.3569516232	-0.4596912136	0.0000023719


1.3870624511	-0.2764425918	0.0000021097


1.3924845631	-0.0882734110	0.0000018709


1.3720916434	0.1015323353	0.0000016616


1.3251683742	0.2893749636	0.0000014878


1.2515040199	0.4713782646	0.0000013551


1.1514896373	0.6434569260	0.0000012688


1.0262103722	0.8014175570	0.0000012333


0.8775209026	0.9410961076	0.0000012521


0.7080893636	1.0585299415	0.0000013272


0.5213942448	1.1501563627	0.0000014591


0.3216610778	1.2130219186	0.0000016464


0.1137320671	1.2449800567	0.0000018859


-0.0971281812	1.2448511265	0.0000021723


-0.3054759038	1.2125203992	0.0000024989


-0.5059551318	1.1489575186	0.0000028572


-0.6935575332	1.0561531794	0.0000032381


-0.8638455830	0.9369825662	0.0000036317


-1.0131171593	0.7950162428	0.0000040284


-1.1385011691	0.6343049064	0.0000044187


-1.2379856035	0.4591639772	0.0000047941


-1.3103885445	0.2739787312	0.0000051469


-1.3552876266	0.0830430221	0.0000054705


-1.3729244322	-0.1095630398	0.0000057597


-1.3640983723	-0.3000571975	0.0000060101


-1.3300611959	-0.4850056348	0.0000062186


-1.2724195513	-0.6613466279	0.0000063830


-1.1930497396	-0.8263941975	0.0000065020


-1.0940262822	-0.9778281051	0.0000065750


-0.9775642071	-1.1136754757	0.0000066022


-0.8459739297	-1.2322881610	0.0000065842


-0.7016270825	-1.3323188720	0.0000065222


-0.5469314723	-1.4126982031	0.0000064179


-0.3843133705	-1.4726139665	0.0000062733


-0.2162054780	-1.5114937371	0.0000060906


-0.0450390734	-1.5289911460	0.0000058728


0.1267609800	-1.5249762180	0.0000056226


0.2967795577	-1.4995298899	0.0000053435


0.4626140277	-1.4529427443	0.0000050390


0.6218774871	-1.3857179182	0.0000047130


0.7722035481	-1.2985780714	0.0000043697


0.9112537902	-1.1924762126	0.0000040136


1.0367290983	-1.0686100378	0.0000036495


1.1463862326	-0.9284392300	0.0000032826


1.2380611136	-0.7737048563	0.0000029182


1.3097004174	-0.6064495492	0.0000025621


1.3594030977	-0.4290365538	0.0000022203


1.3854733139	-0.2441649316	0.0000018989


1.3864858082	-0.0548772565	0.0000016042


1.3613639182	0.1354449094	0.0000013426


1.3094689523	0.3231034696	0.0000011201


1.2306974828	0.5041305359	0.0000009426


1.1255802072	0.6743657098	0.0000008154


0.9953726109	0.8295687525	0.0000007426


0.8421243097	0.9655692802	0.0000007275


0.6687116534	1.0784498412	0.0000007717


0.4788182329	1.1647517088	0.0000008751


0.2768515752	1.2216851578	0.0000010357


0.0677920487	1.2473199755	0.0000012494


-0.1430190328	1.2407299227	0.0000015103


-0.3501333688	1.2020686216	0.0000018108


-0.5482638712	1.1325639496	0.0000021419


-0.7325359079	1.0344313154	0.0000024939


-0.8986939835	0.9107194634	0.0000028567


-1.0432455538	0.7651119714	0.0000032204


-1.1635356111	0.6017112010	0.0000035754


-1.2577567670	0.4248291880	0.0000039134


-1.3249073080	0.2388036600	0.0000042268


-1.3647132428	0.0478495609	0.0000045093


-1.3775302296	-0.1440507430	0.0000047557


-1.3642387576	-0.3332207477	0.0000049622


-1.3261423983	-0.5163319579	0.0000051257


-1.2648753720	-0.6904215843	0.0000052442


-1.1823226740	-0.8528924826	0.0000053168


-1.0805537878	-1.0015012574	0.0000053430


-0.9617695551	-1.1343393652	0.0000053232


-0.8282609309	-1.2498109211	0.0000052582


-0.6823779563	-1.3466099061	0.0000051494


-0.5265071782	-1.4236986471	0.0000049986


-0.3630558012	-1.4802888159	0.0000048079


-0.1944410040	-1.5158257321	0.0000045798


-0.0230830098	-1.5299764443	0.0000043172


0.1485993474	-1.5226218513	0.0000040232


0.3181917059	-1.4938529887	0.0000037013


0.4832869825	-1.4439715167	0.0000033550


0.6414889566	-1.3734943716	0.0000029886


0.7904177161	-1.2831624682	0.0000026062


0.9277181259	-1.1739532363	0.0000022125


1.0510725978	-1.0470966114	0.0000018124


1.1582195834	-0.9040938636	0.0000014112


1.2469793529	-0.7467382845	0.0000010144


1.3152887236	-0.5771362507	0.0000006278


1.3612463931	-0.3977265007	0.0000002576


1.3831703163	-0.2112945960	-0.0000000898


1.3796680137	-0.0209785177	-0.0000004082


1.3497196516	0.1697397409	-0.0000006911


1.2927720326	0.3570626698	-0.0000009323


1.2088391750	0.5369323980	-0.0000011259


1.0986019932	0.7051186168	-0.0000012669


0.9634960456	0.8573434202	-0.0000013511


0.8057731205	0.9894432778	-0.0000013757


0.6285207226	1.0975623479	-0.0000013393


0.4356246626	1.1783638654	-0.0000012425


0.2316649989	1.2292389421	-0.0000010879


0.0217446551	1.2484871264	-0.0000008800


-0.1887383199	1.2354428421	-0.0000006254


-0.3943525795	1.1905276898	-0.0000003322


-0.5898996766	1.1152198160	-0.0000000096


-0.7706538809	1.0119453016	0.0000003325


-0.9325506283	0.8839088698	0.0000006839


-1.0723091752	0.7348888370	0.0000010346


-1.1874869719	0.5690227282	0.0000013754


-1.2764733714	0.3906061254	0.0000016979


-1.3384365892	0.2039203061	0.0000019949


-1.3732400277	0.0130965144	0.0000022602


-1.3813430294	-0.1779818852	0.0000024891


-1.3636981833	-0.3657427013	0.0000026777


-1.3216537194	-0.5469594928	0.0000028232


-1.2568661622	-0.7187640898	0.0000029238


-1.1712257032	-0.8786434358	0.0000029787


-1.0667948228	-1.0244262493	0.0000029874


-0.9457594664	-1.1542639043	0.0000029505


-0.8103914014	-1.2666088573	0.0000028688


-0.6630200909	-1.3601930191	0.0000027437


-0.5060123717	-1.4340077231	0.0000025771


-0.3417583064	-1.4872863855	0.0000023711


-0.1726617245	-1.5194905477	0.0000021284


-0.0011341179	-1.5302997223	0.0000018518


0.1704093107	-1.5196052777	0.0000015446


0.3395525553	-1.4875084828	0.0000012101


0.5038817287	-1.4343227480	0.0000008522


0.6609890613	-1.3605800306	0.0000004749


0.8084790895	-1.2670412871	0.0000000828


0.9439782462	-1.1547107372	-0.0000003195


1.0651491988	-1.0248535174	-0.0000007269


1.1697114369	-0.8790160237	-0.0000011342


1.2554697561	-0.7190478337	-0.0000015354


1.3203523671	-0.5471235285	-0.0000019248


1.3624603044	-0.3657619794	-0.0000022960


1.3801295073	-0.1778397185	-0.0000026427


1.3720062491	0.0134060700	-0.0000029582


1.3371353305	0.2043905045	-0.0000032363


1.2750584882	0.3912163464	-0.0000034707


1.1859177095	0.5697384194	-0.0000036556


1.0705547436	0.7356629143	-0.0000037862


0.9305944991	0.8846847931	-0.0000038585


0.7684971151	1.0126618149	-0.0000038700


0.5875625524	1.1158170147	-0.0000038199


0.3918739210	1.1909537137	-0.0000037094


0.1861722653	1.2356601961	-0.0000035414


-0.0243342148	1.2484775228	-0.0000033212


-0.2342115524	1.2290057309	-0.0000030556


-0.4380666367	1.1779315601	-0.0000027532


-0.6308082129	1.0969733500	-0.0000024233


-0.8078727553	0.9887524633	-0.0000020760


-0.9653933966	0.8566116092	-0.0000017215


-1.1003014761	0.7044060168	-0.0000013694


-1.2103618340	0.5362929310	-0.0000010287


-1.2941518638	0.3565397607	-0.0000007074


-1.3509991944	0.1693637863	-0.0000004126


-1.3808938522	-0.0211910716	-0.0000001499


-1.3843889685	-0.2113408289	0.0000000761


-1.3625008831	-0.3976155915	0.0000002617


-1.3166159681	-0.5768874001	0.0000004046


-1.2484083757	-0.7463782923	0.0000005031


-1.1597704934	-0.9036546043	0.0000005563


-1.0527562267	-1.0466125822	0.0000005641


-0.9295362090	-1.1734592943	0.0000005269


-0.7923635019	-1.2826918250	0.0000004459


-0.6435481445	-1.3730768814	0.0000003223


-0.4854389036	-1.4436322713	0.0000001581


-0.3204106785	-1.4936112178	-0.0000000444


-0.1508561527	-1.5224901233	-0.0000002827


0.0208195748	-1.5299601595	-0.0000005539


