-0.3000102085	-0.0000000000	-0.0000000000


-0.2955340231	-0.0350000000	0.0000000000


-0.2865404050	-0.0694649877	-0.0000000008


-0.2730427211	-0.1028380404	-0.0000000033


-0.2551160964	-0.1345429411	-0.0000000083


-0.2329055861	-0.1639885393	-0.0000000168


-0.2066351155	-0.1905754267	-0.0000000297


-0.1766167218	-0.2137055463	-0.0000000478


-0.1432593531	-0.2327953356	-0.0000000722


-0.1070761422	-0.2472928946	-0.0000001035


-0.0686887012	-0.2566993862	-0.0000001426


-0.0288266500	-0.2605943924	-0.0000001902


0.0116795906	-0.2586642190	-0.0000002466


0.0519145871	-0.2507312069	-0.0000003122


0.0909035225	-0.2367810974	-0.0000003869


0.1276477622	-0.2169846720	-0.0000004706


0.1611687877	-0.1917095821	-0.0000005626


0.1905570216	-0.1615188346	-0.0000006620


0.2150204414	-0.1271539557	-0.0000007677


0.2339271112	-0.0895032080	-0.0000008783


0.2468362534	-0.0495578505	-0.0000009923


0.2535142540	-0.0083615286	-0.0000011080


0.2539345599	0.0330411463	-0.0000012239


0.2482630532	0.0736511644	-0.0000013384


0.2368324534	0.1125526767	-0.0000014500


0.2201102257	0.1489394364	-0.0000015576


0.1986643597	0.1821299877	-0.0000016600


0.1731305503	0.2115729413	-0.0000017565


0.1441831449	0.2368444917	-0.0000018463


0.1125110814	0.2576405554	-0.0000019290


0.0787991161	0.2737657155	-0.0000020042


0.0437140178	0.2851207474	-0.0000020719


0.0078950530	0.2916900238	-0.0000021320


-0.0280520524	0.2935296624	-0.0000021845


-0.0635584863	0.2907569163	-0.0000022296


-0.0980937936	0.2835410472	-0.0000022677


-0.1311660108	0.2720957377	-0.0000022990


-0.1623209973	0.2566729866	-0.0000023239


-0.1911413626	0.2375583670	-0.0000023428


-0.2172453022	0.2150674935	-0.0000023563


-0.2402855839	0.1895435341	-0.0000023647


-0.2599488780	0.1613556000	-0.0000023688


-0.2759555906	0.1308978490	-0.0000023692


-0.2880603345	0.0985891354	-0.0000023663


-0.2960531623	0.0648730366	-0.0000023610


-0.2997616754	0.0302180679	-0.0000023539


-0.2990541161	-0.0048821248	-0.0000023457


-0.2938435411	-0.0399088473	-0.0000023374


-0.2840931483	-0.0743190184	-0.0000023296


-0.2698227926	-0.1075467825	-0.0000023233


-0.2511166545	-0.1390065246	-0.0000023193


-0.2281319122	-0.1680978188	-0.0000023186


-0.2011081031	-0.1942129152	-0.0000023220


-0.1703766240	-0.2167474021	-0.0000023305


-0.1363695155	-0.2351146432	-0.0000023449


-0.0996263145	-0.2487644253	-0.0000023661


-0.0607973805	-0.2572059106	-0.0000023947


-0.0206417942	-0.2600344098	-0.0000024315


0.0199821765	-0.2569606794	-0.0000024768


0.0601357925	-0.2478404472	-0.0000025308


0.0988287057	-0.2327008746	-0.0000025934


0.1350575756	-0.2117599554	-0.0000026643


0.1678522374	-0.1854348021	-0.0000027428


0.1963253259	-0.1543356612	-0.0000028280


0.2197198528	-0.1192443732	-0.0000029186


0.2374488568	-0.0810785274	-0.0000030133


0.2491222036	-0.0408450877	-0.0000031105


0.2545577190	0.0004109589	-0.0000032085


0.2537765140	0.0416568714	-0.0000033058


0.2469848185	0.0819161007	-0.0000034009


0.2345462737	0.1203024190	-0.0000034925


0.2169491835	0.1560428103	-0.0000035793


0.1947728412	0.1884895237	-0.0000036603


0.1686560628	0.2171229372	-0.0000037348


0.1392698949	0.2415474811	-0.0000038022


0.1072953868	0.2614829347	-0.0000038620


0.0734065067	0.2767531333	-0.0000039140


0.0382577568	0.2872736864	-0.0000039580


0.0024757684	0.2930398461	-0.0000039941


-0.0333459258	0.2941152591	-0.0000040222


-0.0686497192	0.2906220108	-0.0000040427


-0.1029150434	0.2827321414	-0.0000040558


-0.1356583417	0.2706606550	-0.0000040618


-0.1664323657	0.2546599498	-0.0000040611


-0.1948251621	0.2350155431	-0.0000040541


-0.2204590370	0.2120429415	-0.0000040413


-0.2429897232	0.1860854954	-0.0000040232


-0.2621059318	0.1575130781	-0.0000040005


-0.2775294447	0.1267214289	-0.0000039736


-0.2890158786	0.0941319968	-0.0000039432


-0.2963562490	0.0601921133	-0.0000039101


-0.2993794493	0.0253753010	-0.0000038748


-0.2979557571	-0.0098185038	-0.0000038383


-0.2920014651	-0.0448630836	-0.0000038012


-0.2814847074	-0.0792067540	-0.0000037643


-0.2664325037	-0.1122742625	-0.0000037286


-0.2469389620	-0.1434702570	-0.0000036949


-0.2231744476	-0.1721848928	-0.0000036642


-0.1953953406	-0.1978022139	-0.0000036372


-0.1639537349	-0.2197119609	-0.0000036150


-0.1293061057	-0.2373253895	-0.0000035983


-0.0920195857	-0.2500954642	-0.0000035880


-0.0527741175	-0.2575413736	-0.0000035847


-0.0123584840	-0.2592766490	-0.0000035890


0.0283417913	-0.2550392666	-0.0000036011


0.0683662591	-0.2447210736	-0.0000036212


0.1067116786	-0.2283929288	-0.0000036491


0.1423735222	-0.2063214071	-0.0000036844


0.1743939935	-0.1789731642	-0.0000037262


0.2019118912	-0.1470042945	-0.0000037735


0.2242085300	-0.1112341851	-0.0000038250


0.2407439891	-0.0726059897	-0.0000038793


0.2511793543	-0.0321382030	-0.0000039348


0.2553829959	0.0091268009	-0.0000039899


0.2534216073	0.0501713622	-0.0000040430


0.2455389509	0.0900435447	-0.0000040928


0.2321265257	0.1278877579	-0.0000041379


0.2136905797	0.1629642161	-0.0000041772


0.1908192651	0.1946580927	-0.0000042098


0.1641526701	0.2224802507	-0.0000042350


0.1343573084	0.2460618308	-0.0000042523


0.1021056710	0.2651449120	-0.0000042612


0.0680607318	0.2795711256	-0.0000042616


0.0328648699	0.2892696506	-0.0000042534


-0.0028675311	0.2942455857	-0.0000042367


-0.0385545928	0.2945693120	-0.0000042114


-0.0736492940	0.2903671789	-0.0000041779


-0.1076403075	0.2818136388	-0.0000041365


-0.1400518488	0.2691248265	-0.0000040874


-0.1704429636	0.2525534972	-0.0000040310


-0.1984065914	0.2323851957	-0.0000039680


-0.2235686687	0.2089355082	-0.0000038986


-0.2455874841	0.1825482439	-0.0000038235


-0.2641534596	0.1535943901	-0.0000037433


-0.2789895077	0.1224716850	-0.0000036585


-0.2898520984	0.0896046459	-0.0000035698


-0.2965331653	0.0554448787	-0.0000034780


-0.2988629691	0.0204714677	-0.0000033838


-0.2967140359	-0.0148087879	-0.0000032879


-0.2900062651	-0.0498615799	-0.0000031913


-0.2787132745	-0.0841260917	-0.0000030947


-0.2628699892	-0.1170172299	-0.0000029990


-0.2425813856	-0.1479296062	-0.0000029052


-0.2180321496	-0.1762438801	-0.0000028142


-0.1894967935	-0.2013361222	-0.0000027270


-0.1573494828	-0.2225908643	-0.0000026444


-0.1220724657	-0.2394183832	-0.0000025674


-0.0842615989	-0.2512764941	-0.0000024966


-0.0446271041	-0.2576966185	-0.0000024328


-0.0039874821	-0.2583131405	-0.0000023764


0.0367453784	-0.2528940825	-0.0000023278


0.0765912542	-0.2413700764	-0.0000022869


0.1145369710	-0.2238577377	-0.0000022534


0.1495805581	-0.2006732308	-0.0000022268


0.1807806640	-0.1723323805	-0.0000022062


0.2073060612	-0.1395352772	-0.0000021904


0.2284793055	-0.1031357193	-0.0000021781


0.2438091282	-0.0640984699	-0.0000021677


0.2530079339	-0.0234493965	-0.0000021577


0.2559933371	0.0177754919	-0.0000021464


0.2528752680	0.0585765027	-0.0000021324


0.2439321037	0.0980280985	-0.0000021142


0.2295801812	0.1353060076	-0.0000020908


0.2103409414	0.1697034142	-0.0000020610


0.1868091493	0.2006374703	-0.0000020241


0.1596245211	0.2276481658	-0.0000019795


0.1294479931	0.2503918206	-0.0000019268


0.0969429796	0.2686312947	-0.0000018657


0.0627613642	0.2822246299	-0.0000017962


0.0275336197	0.2911133928	-0.0000017182


-0.0081376892	0.2953115774	-0.0000016320


-0.0436817807	0.2948955797	-0.0000015378


-0.0785615993	0.2899955086	-0.0000014358


-0.1122744227	0.2807879162	-0.0000013266


-0.1443516200	0.2674899204	-0.0000012105


-0.1743579530	0.2503546261	-0.0000010881


-0.2018907302	0.2296677159	-0.0000009600


-0.2265790586	0.2057450666	-0.0000008268


-0.2480833954	0.1789312422	-0.0000006891


-0.2660955643	0.1495987142	-0.0000005476


-0.2803393862	0.1181476538	-0.0000004031


-0.2905720594	0.0850061366	-0.0000002564


-0.2965864197	0.0506305779	-0.0000001083


-0.2982142062	0.0155061916	0.0000000404


-0.2953304491	-0.0198527779	0.0000001887


-0.2878590760	-0.0549033616	0.0000003356


-0.2757797955	-0.0890750909	0.0000004803


-0.2591362461	-0.1217726113	0.0000006217


-0.2380452856	-0.1523802471	0.0000007588


-0.2127071225	-0.1802691598	0.0000008905


-0.1834157477	-0.2048077897	0.0000010159


-0.1505688005	-0.2253762422	0.0000011340


-0.1146756208	-0.2413851188	0.0000012439


-0.0763618316	-0.2522989460	0.0000013448


-0.0363684614	-0.2576637597	0.0000014360


0.0044565093	-0.2571375508	0.0000015172


0.0451760388	-0.2505212386	0.0000015881


0.0847924119	-0.2377867904	0.0000016489


0.1222857825	-0.2190983697	0.0000016998


0.1566606637	-0.1948223361	0.0000017416


0.1869962237	-0.1655228407	0.0000017754


0.2124948124	-0.1319416731	0.0000018023


0.2325227850	-0.0949635885	0.0000018238


0.2466386645	-0.0555708772	0.0000018415


0.2546058101	-0.0147927005	0.0000018571


0.2563894164	0.0263448022	0.0000018720


0.2521400922	0.0668624478	0.0000018878


0.2421678592	0.1058625249	0.0000019056


0.2269109505	0.1425524494	0.0000019268


0.2069034126	0.1762578870	0.0000019521


0.1827445769	0.2064268874	0.0000019823


0.1550723443	0.2326271563	0.0000020179


0.1245412027	0.2545386732	0.0000020592


0.0918051087	0.2719436118	0.0000021064


0.0575048580	0.2847151129	0.0000021595


0.0222592976	0.2928060300	0.0000022186


-0.0133403635	0.2962383798	0.0000022833


-0.0487338696	0.2950939244	0.0000023534


-0.0833935118	0.2895060889	0.0000024286


-0.1168245475	0.2796532623	0.0000025084


-0.1485648976	0.2657534389	0.0000025925


-0.1781844807	0.2480600988	0.0000026803


-0.2052844701	0.2268592002	0.0000027713


-0.2294967048	0.2024671439	0.0000028649


-0.2504834434	0.1752295647	0.0000029604


-0.2679376242	0.1455208064	0.0000030573


-0.2815837781	0.1137439254	0.0000031549


-0.2911797325	0.0803310616	0.0000032523


-0.2965192418	0.0457439904	0.0000033489


-0.2974356719	0.0104746360	0.0000034439


-0.2938068581	-0.0249547219	0.0000035365


-0.2855612322	-0.0599918836	0.0000036257


-0.2726852635	-0.0940562205	0.0000037108


-0.2552321818	-0.1265417286	0.0000037909


-0.2333318115	-0.1568222484	0.0000038649


-0.2072011533	-0.1842595280	0.0000039321


-0.1771550722	-0.2082148408	0.0000039916


-0.1436160990	-0.2280648033	0.0000040425


-0.1071219461	-0.2432218255	0.0000040841


-0.0683289335	-0.2531591942	0.0000041159


-0.0280092273	-0.2574401026	0.0000041373


0.0129602286	-0.2557489965	0.0000041481


0.0536187868	-0.2479225232	0.0000041485


0.0929538601	-0.2339763703	0.0000041385


0.1299424602	-0.2141237223	0.0000041189


0.1635996341	-0.1887813080	0.0000040906


0.1930290718	-0.1585602905	0.0000040547


0.2174700314	-0.1242414550	0.0000040126


0.2363348058	-0.0867368029	0.0000039658


0.2492323713	-0.0470420166	0.0000039160


0.2559762442	-0.0061856166	0.0000038647


0.2565772236	0.0348193431	0.0000038135


0.2512238855	0.0750163770	0.0000037638


0.2402549235	0.1135366816	0.0000037167


0.2241276381	0.1496194465	0.0000036735


0.2033862734	0.1826221377	0.0000036347


0.1786328820	0.2120225183	0.0000036013


0.1505022965	0.2374145718	0.0000035734


0.1196418453	0.2585004449	0.0000035516


0.0866957674	0.2750802188	0.0000035359


0.0522938566	0.2870408994	0.0000035263


0.0170436648	0.2943456057	0.0000035228


-0.0184744657	0.2970235799	0.0000035251


-0.0537102284	0.2951613679	0.0000035331


-0.0881446478	0.2888953228	0.0000035463


-0.1212903495	0.2784054538	0.0000035644


-0.1526912217	0.2639105617	0.0000035869


-0.1819217995	0.2456645573	0.0000036134


-0.2085866376	0.2239538367	0.0000036433


-0.2323198877	0.1990955791	0.0000036760


-0.2527852636	0.1714368260	0.0000037110


-0.2696765526	0.1413541997	0.0000037476


-0.2827188206	0.1092541112	0.0000037851


-0.2916704539	0.0755732881	0.0000038228


-0.2963261747	0.0407794325	0.0000038599


-0.2965211643	0.0053717726	0.0000038957


-0.2921364141	-0.0301187794	0.0000039293


-0.2831053942	-0.0651302256	0.0000039599


-0.2694220727	-0.0990712867	0.0000039865


-0.2511502226	-0.1313249588	0.0000040083


-0.2284337953	-0.1612544678	0.0000040243


-0.2015079196	-0.1882123320	0.0000040337


-0.1707097735	-0.2115532568	0.0000040356


-0.1364881993	-0.2306514778	0.0000040292


-0.0994105027	-0.2449228891	0.0000040139


-0.0601644915	-0.2538517765	0.0000039889


-0.0195535717	-0.2570211846	0.0000039541


0.0215171743	-0.2541449286	0.0000039092


0.0620653916	-0.2450981526	0.0000038545


0.1010665732	-0.2299424315	0.0000037902


0.1374983546	-0.2089410788	0.0000037172


0.1703904337	-0.1825609053	0.0000036364


0.1988748877	-0.1514583048	0.0000035493


0.2222308857	-0.1164499808	0.0000034571


0.2399183449	-0.0784712734	0.0000033616


0.2515968815	-0.0385271314	0.0000032644


0.2571289675	0.0023583047	0.0000031671


0.2565687657	0.0431879669	0.0000030711


0.2501400014	0.0830298978	0.0000029780


0.2382071028	0.1210449537	0.0000028887


0.2212437430	0.1565039286	0.0000028043


0.1998021430	0.1887952399	0.0000027256


0.1744854304	0.2174250993	0.0000026530


0.1459242967	0.2420123182	0.0000025871


0.1147583485	0.2622797543	0.0000025281


0.0816219577	0.2780440542	0.0000024759


0.0471340774	0.2892049306	0.0000024307


0.0118913399	0.2957348244	0.0000023922


-0.0235362685	0.2976694776	0.0000023603


-0.0586078091	0.2950996997	0.0000023346


-0.0928124324	0.2881644369	0.0000023147


-0.1256695336	0.2770451449	0.0000023003


-0.1567284001	0.2619613964	0.0000022910


-0.1855676618	0.2431676170	0.0000022860


-0.2117947897	0.2209508281	0.0000022850


-0.2350458489	0.1956292633	0.0000022874


-0.2549856820	0.1675517252	0.0000022924


-0.2713086812	0.1370975405	0.0000022994


-0.2837402976	0.1046769619	0.0000023078


-0.2920394346	0.0707318462	0.0000023167


-0.2960018668	0.0357364041	0.0000023254


-0.2954648232	0.0001977734	0.0000023331


-0.2903128536	-0.0353438986	0.0000023389


-0.2804850627	-0.0703162541	0.0000023419


-0.2659837258	-0.1041168947	0.0000023412


-0.2468841866	-0.1361175118	0.0000023359


-0.2233457580	-0.1656706611	0.0000023250


-0.1956230942	-0.1921199254	0.0000023077


-0.1640771590	-0.2148141888	0.0000022831


-0.1291845107	-0.2331265922	0.0000022503


-0.0915431861	-0.2464783851	0.0000022086


-0.0518731026	-0.2543672730	0.0000021577


-0.0110087506	-0.2563989756	0.0000020971


0.0301178007	-0.2523196203	0.0000020268


0.0705047404	-0.2420455040	0.0000019470


0.1091189030	-0.2256859858	0.0000018581


0.1449424988	-0.2035552112	0.0000017612


0.1770239956	-0.1761693125	0.0000016572


0.2045275163	-0.1442276881	0.0000015475


0.2267747664	-0.1085795632	0.0000014338


0.2432745062	-0.0701795812	0.0000013175


0.2537367209	-0.0300379091	0.0000012004


0.2580712790	0.0108291905	0.0000010840


0.2563732558	0.0514432008	0.0000009699


0.2488986536	0.0908981730	0.0000008593


0.2360347701	0.1283850713	0.0000007535


0.2182691121	0.1632058997	0.0000006532


0.1961598483	0.1947790446	0.0000005592


0.1703097263	0.2226378461	0.0000004720


0.1413443928	0.2464245000	0.0000003921


0.1098953029	0.2658811654	0.0000003195


0.0765869092	0.2808397804	0.0000002543


0.0420275479	0.2912116822	0.0000001964


0.0068033436	0.2969777641	0.0000001458


-0.0285255483	0.2981796099	0.0000001021


-0.0634269733	0.2949118307	0.0000000651


-0.0973976097	0.2873156791	0.0000000344


-0.1299630368	0.2755739241	0.0000000094


-0.1606773902	0.2599069082	-0.0000000102


-0.1891228903	0.2405696839	-0.0000000249


-0.2149094780	0.2178501076	-0.0000000354


-0.2376747507	0.1920677650	-0.0000000423


-0.2570843738	0.1635735947	-0.0000000461


-0.2728331228	0.1327500719	-0.0000000477


-0.2846467097	0.1000117981	-0.0000000476


-0.2922845441	0.0658063182	-0.0000000467


-0.2955435754	0.0306149497	-0.0000000457


-0.2942633587	-0.0050466435	-0.0000000456


-0.2883324614	-0.0406284727	-0.0000000471


-0.2776962852	-0.0755472680	-0.0000000513


-0.2623662948	-0.1091890727	-0.0000000589


-0.2424305105	-0.1409140224	-0.0000000710


-0.2180649151	-0.1700640342	-0.0000000886


-0.1895451422	-0.1959741735	-0.0000001124


-0.1572574355	-0.2179884105	-0.0000001434


-0.1217074406	-0.2354802681	-0.0000001825


-0.0835249520	-0.2478784199	-0.0000002301


-0.0434624196	-0.2546965858	-0.0000002869


-0.0023849769	-0.2555660875	-0.0000003530


0.0387498188	-0.2502682941	-0.0000004286


0.0789233014	-0.2387631472	-0.0000005132


0.1170971874	-0.2212093656	-0.0000006063


0.1522623451	-0.1979721914	-0.0000007069


0.1834900626	-0.1696158408	-0.0000008140


0.2099798991	-0.1368800758	-0.0000009260


0.2310983034	-0.1006429864	-0.0000010413


0.2464036233	-0.0618744240	-0.0000011585


0.2556555103	-0.0215858625	-0.0000012757


0.2588093579	0.0192175317	-0.0000013914


0.2559985458	0.0595780129	-0.0000015042


0.2475084707	0.0986167829	-0.0000016129


0.2337465380	0.1355550831	-0.0000017163


0.2152117181	0.1697255396	-0.0000018136


0.1924662910	0.2005754175	-0.0000019042


0.1661113532	0.2276638321	-0.0000019875


0.1367667585	0.2506549401	-0.0000020633


0.1050555023	0.2693088453	-0.0000021314


0.0715921498	0.2834715740	-0.0000021917


0.0369746987	0.2930650804	-0.0000022444


0.0017792064	0.2980779121	-0.0000022896


-0.0334434659	0.2985569003	-0.0000023275


-0.0681693669	0.2946000503	-0.0000023585


-0.1019021136	0.2863506806	-0.0000023830


-0.1341728986	0.2739927767	-0.0000024014


-0.1645401700	0.2577474803	-0.0000024142


-0.1925892528	0.2378706084	-0.0000024219


-0.2179321286	0.2146510860	-0.0000024251


-0.2402075657	0.1884101687	-0.0000024244


-0.2590817657	0.1595013260	-0.0000024205


-0.2742496887	0.1283106463	-0.0000024139


-0.2854372104	0.0952576060	-0.0000024056


-0.2924042685	0.0607960151	-0.0000023962


-0.2949491506	0.0254149119	-0.0000023865


-0.2929140663	-0.0103608865	-0.0000023774


-0.2861921194	-0.0459709436	-0.0000023698


-0.2747357412	-0.0808205398	-0.0000023646


-0.2585665462	-0.1142837558	-0.0000023627


-0.2377864165	-0.1457089849	-0.0000023651


-0.2125893851	-0.1744276364	-0.0000023727


-0.1832735679	-0.1997668139	-0.0000023865


-0.1502519903	-0.2210666552	-0.0000024071


-0.1140607001	-0.2377027392	-0.0000024356


-0.0753621381	-0.2491134306	-0.0000024723


-0.0349414779	-0.2548312163	-0.0000025178


0.0063062582	-0.2545160187	-0.0000025723


0.0473998798	-0.2479873196	-0.0000026356


0.0873068062	-0.2352509776	-0.0000027074


0.1249874161	-0.2165162802	-0.0000027869


0.1594453893	-0.1921993665	-0.0000028733


0.1897787489	-0.1629108300	-0.0000029652


0.2152255539	-0.1294277831	-0.0000030612


0.2351987575	-0.0926533254	-0.0000031596


0.2493065692	-0.0535684302	-0.0000032589


0.2573572077	-0.0131821559	-0.0000033574


0.2593494578	0.0275143379	-0.0000034536


0.2554522886	0.0675859488	-0.0000035462


0.2459776394	0.1061818512	-0.0000036339


0.2313503887	0.1425534818	-0.0000037158


0.2120787786	0.1760633372	-0.0000037910


0.1887275533	0.2061863891	-0.0000038590


0.1618950615	0.2325061596	-0.0000039192


0.1321947597	0.2547073732	-0.0000039715


0.1002409830	0.2725667815	-0.0000040157


0.0666385159	0.2859433658	-0.0000040518


0.0319753411	0.2947687628	-0.0000040799


-0.0031820873	0.2990384446	-0.0000041002


-0.0382916591	0.2988039552	-0.0000041129


-0.0728370482	0.2941663382	-0.0000041184


-0.1063282318	0.2852707791	-0.0000041170


-0.1383014588	0.2723024191	-0.0000041093


-0.1683189712	0.2554832573	-0.0000040956


-0.1959687283	0.2350700382	-0.0000040766


-0.2208643418	0.2113530110	-0.0000040527


-0.2426454070	0.1846554407	-0.0000040247


-0.2609783965	0.1553337433	-0.0000039931


-0.2755582796	0.1237781053	-0.0000039586


-0.2861110269	0.0904134237	-0.0000039220


-0.2923971620	0.0557003701	-0.0000038841


-0.2942165173	0.0201363320	-0.0000038457


-0.2914143389	-0.0157440846	-0.0000038076


-0.2838888508	-0.0513693919	-0.0000037706


-0.2716003204	-0.0861329021	-0.0000037359


-0.2545815527	-0.1193963731	-0.0000037041


-0.2329495575	-0.1504963446	-0.0000036764


-0.2069178661	-0.1787539609	-0.0000036536


-0.1768086199	-0.2034890712	-0.0000036367


-0.1430631179	-0.2240392482	-0.0000036263


-0.1062490444	-0.2397840052	-0.0000036233


-0.0670622046	-0.2501738567	-0.0000036282


-0.0263204258	-0.2547629474	-0.0000036412


0.0150524708	-0.2532428347	-0.0000036625


0.0560538795	-0.2454738722	-0.0000036920


0.0956405625	-0.2315098376	-0.0000037290


0.1327755339	-0.2116113856	-0.0000037728


0.1664794426	-0.1862448757	-0.0000038224


0.1958807574	-0.1560651237	-0.0000038762


0.2202587262	-0.1218832569	-0.0000039329


0.2390741026	-0.0846233995	-0.0000039908


0.2519847793	-0.0452736322	-0.0000040484


0.2588460869	-0.0048371114	-0.0000041039


0.2596978583	0.0357115953	-0.0000041560


0.2547418779	0.0754615586	-0.0000042033


0.2443138417	0.1135904487	-0.0000042448


0.2288536119	0.1493795949	-0.0000042795


0.2088766938	0.1822204768	-0.0000043066


0.1849488331	0.2116145422	-0.0000043257


0.1576646972	0.2371683514	-0.0000043364


0.1276308716	0.2585858452	-0.0000043383


0.0954529264	0.2756591868	-0.0000043316


0.0617260365	0.2882592514	-0.0000043161


0.0270285311	0.2963264937	-0.0000042920


-0.0080822572	0.2998626447	-0.0000042595


-0.0430724213	0.2989234834	-0.0000042189


-0.0774326885	0.2936127833	-0.0000041705


-0.1106788285	0.2840774379	-0.0000041147


-0.1423516036	0.2705037160	-0.0000040521


-0.1720165463	0.2531145606	-0.0000039831


-0.1992637968	0.2321678313	-0.0000039082


-0.2237082030	0.2079553796	-0.0000038281


-0.2449898624	0.1808028406	-0.0000037433


-0.2627752741	0.1510700137	-0.0000036546


-0.2767592663	0.1191516893	-0.0000035628


-0.2866678664	0.0854787518	-0.0000034684


-0.2922622789	0.0505193490	-0.0000033724


-0.2933441353	0.0147798606	-0.0000032757


-0.2897621583	-0.0211946766	-0.0000031790


-0.2814203443	-0.0568211263	-0.0000030834


-0.2682876818	-0.0914803404	-0.0000029898


-0.2504092907	-0.1245214473	-0.0000028992


-0.2279186537	-0.1552691085	-0.0000028125


-0.2010503116	-0.1830345723	-0.0000027308


-0.1701520023	-0.2071313071	-0.0000026548


-0.1356947605	-0.2268957850	-0.0000025855


-0.0982790321	-0.2417135390	-0.0000025234


-0.0586345042	-0.2510498752	-0.0000024691


-0.0176112948	-0.2544835983	-0.0000024229


0.0238394200	-0.2517409263	-0.0000023848


0.0646961968	-0.2427256805	-0.0000023545


0.1039086853	-0.2275412352	-0.0000023313


0.1404466445	-0.2064999686	-0.0000023143


0.1733517852	-0.1801173017	-0.0000023024


0.2017864663	-0.1490897002	-0.0000022941


0.2250733985	-0.1142587081	-0.0000022879


0.2427219610	-0.0765654265	-0.0000022820


0.2544391241	-0.0370011612	-0.0000022749


0.2601255650	0.0034400497	-0.0000022650


0.2598596626	0.0438024774	-0.0000022509


0.2538732279	0.0832005662	-0.0000022314


0.2425230218	0.1208407314	-0.0000022054


0.2262615619	0.1560337000	-0.0000021721


0.2056097910	0.1881989375	-0.0000021310


0.1811331715	0.2168630989	-0.0000020815


0.1534219068	0.2416544292	-0.0000020234


0.1230753566	0.2622947800	-0.0000019567


0.0906903064	0.2785905552	-0.0000018812


0.0568525475	0.2904235318	-0.0000017971


0.0221311484	0.2977421854	-0.0000017048


-0.0129251838	0.3005539017	-0.0000016044


-0.0477901966	0.2989182696	-0.0000014964


-0.0819611051	0.2929415281	-0.0000013812


-0.1149589148	0.2827721571	-0.0000012594


-0.1463283725	0.2685975561	-0.0000011315


-0.1756378126	0.2506417250	-0.0000009981


-0.2024791189	0.2291638496	-0.0000008599


-0.2264679983	0.2044576844	-0.0000007177


-0.2472447442	0.1768516173	-0.0000005721


-0.2644756586	0.1467092895	-0.0000004240


-0.2778553046	0.1144306231	-0.0000002742


-0.2871097601	0.0804530778	-0.0000001237


-0.2920010468	0.0452529109	0.0000000267


-0.2923328996	0.0093461512	0.0000001760


-0.2879580203	-0.0267110881	0.0000003231


-0.2787869031	-0.0623234355	0.0000004671


-0.2647982246	-0.0968588243	0.0000006067


-0.2460506290	-0.1296535082	0.0000007410


-0.2226954959	-0.1600203459	0.0000008689


-0.1949899434	-0.1872611999	0.0000009893


-0.1633088899	-0.2106842106	0.0000011014


-0.1281545167	-0.2296264201	0.0000012042


-0.0901610188	-0.2434816744	0.0000012971


-0.0500922478	-0.2517328811	0.0000013796


-0.0088299304	-0.2539865882	0.0000014515


0.0326492139	-0.2500066444	0.0000015129


0.0733078301	-0.2397427173	0.0000015641


0.1120922484	-0.2233490852	0.0000016060


0.1479831594	-0.2011897372	0.0000016396


0.1800472968	-0.1738275249	0.0000016661


0.2074840318	-0.1419976151	0.0000016870


0.2296613695	-0.1065681687	0.0000017041


0.2461376760	-0.0684932186	0.0000017190


0.2566679996	-0.0287635940	0.0000017332


0.2611963378	0.0116387027	0.0000017484


0.2598370024	0.0517786923	0.0000017658


0.2528490658	0.0907970794	0.0000017866


0.2406077791	0.1279290275	0.0000018118


0.2235761550	0.1625140016	0.0000018420


0.2022789299	0.1939983716	0.0000018779


0.1772801647	0.2219327101	0.0000019197


0.1491649572	0.2459656167	0.0000019678


0.1185251926	0.2658356007	0.0000020221


0.0859489278	0.2813622009	0.0000020825


0.0520128441	0.2924371719	0.0000021489


0.0172771690	0.2990162780	0.0000022211


-0.0177175098	0.3011120129	0.0000022986


-0.0524520458	0.2987874000	0.0000023811


-0.0864295831	0.2921509219	0.0000024681


-0.1191758176	0.2813525587	0.0000025590


-0.1502389652	0.2665808735	0.0000026534


-0.1791896880	0.2480610629	0.0000027507


-0.2056211915	0.2260538742	0.0000028501


-0.2291496815	0.2008552883	0.0000029510


-0.2494153600	0.1727968508	0.0000030527


-0.2660841315	0.1422465261	0.0000031544


-0.2788501975	0.1096099182	0.0000032554


-0.2874397156	0.0753316710	0.0000033548


-0.2916157043	0.0398968025	0.0000034517


-0.2911843621	0.0038316587	0.0000035453


-0.2860029378	-0.0322959244	0.0000036346


-0.2759892261	-0.0678777715	0.0000037186


-0.2611326436	-0.1022684794	0.0000037964


-0.2415066533	-0.1347912574	0.0000038670


-0.2172820296	-0.1647473495	0.0000039295


-0.1887400807	-0.1914298969	0.0000039831


-0.1562844851	-0.2141429556	0.0000040269


-0.1204499026	-0.2322260194	0.0000040603


-0.0819050950	-0.2450837396	0.0000040828


-0.0414480958	-0.2522195804	0.0000040942


0.0000087831	-0.2532709542	0.0000040946


0.0414654587	-0.2480422016	0.0000040841


0.0818719126	-0.2365309404	0.0000040636


0.1201751445	-0.2189432478	0.0000040338


0.1553709669	-0.1956941321	0.0000039962


0.1865548942	-0.1673917946	0.0000039520


0.2129660585	-0.1348068346	0.0000039030


0.2340191312	-0.0988301006	0.0000038508


0.2493213790	-0.0604245831	0.0000037970


0.2586745789	-0.0205771630	0.0000037434


0.2620638145	0.0197447928	0.0000036913


0.2596366587	0.0596286311	0.0000036420


0.2516767392	0.0982419130	0.0000035966


0.2385753629	0.1348483364	0.0000035560


0.2208040513	0.1688153110	0.0000035209


0.1988898677	0.1996149687	0.0000034917


0.1733945110	0.2268205077	0.0000034687


0.1448974579	0.2500995880	0.0000034521


0.1139829653	0.2692061814	0.0000034420


0.0812304801	0.2839719218	0.0000034382


0.0472078865	0.2942976839	0.0000034406


0.0124670094	0.3001458502	0.0000034489


-0.0224591712	0.3015335300	0.0000034628


-0.0570580692	0.2985268519	0.0000034818


-0.0908382087	0.2912363589	0.0000035056


-0.1233294424	0.2798134775	0.0000035336


-0.1540829532	0.2644479959	0.0000035652


-0.1826712719	0.2453664715	0.0000036000


-0.2086885188	0.2228314721	0.0000036372


-0.2317510556	0.1971415509	0.0000036762


-0.2514987252	0.1686318396	0.0000037162


-0.2675968580	0.1376751300	0.0000037565


-0.2797392269	0.1046832817	0.0000037964


-0.2876521363	0.0701087535	0.0000038349


-0.2910998298	0.0344459935	0.0000038712


-0.2898913884	-0.0017676570	0.0000039043


-0.2838892485	-0.0379519959	0.0000039334


-0.2730193909	-0.0734854979	0.0000039575


-0.2572831132	-0.1077090576	0.0000039755


-0.2367700790	-0.1399327564	0.0000039866


-0.2116720263	-0.1694465409	0.0000039898


-0.1822961013	-0.1955356665	0.0000039843


-0.1490762981	-0.2175015547	0.0000039692


-0.1125809811	-0.2346882500	0.0000039441


-0.0735140929	-0.2465138964	0.0000039085


-0.0327075682	-0.2525055907	0.0000038622


0.0088970835	-0.2523347301	0.0000038055


0.0502789659	-0.2458488465	0.0000037387


0.0903789432	-0.2330952875	0.0000036627


0.1281488171	-0.2143323763	0.0000035785


0.1626036539	-0.1900250627	0.0000034875


0.1928712443	-0.1608243959	0.0000033913


0.2182328197	-0.1275328714	0.0000032916


0.2381506235	-0.0910600280	0.0000031900


0.2522803137	-0.0523739630	0.0000030883


0.2604687372	-0.0124543995	0.0000029880


0.2627396682	0.0277482040	0.0000028907


0.2592712457	0.0673447750	0.0000027974


0.2503690333	0.1055300576	0.0000027092


0.2364381075	0.1415958789	0.0000026269


0.2179566881	0.1749366874	0.0000025511


0.1954528679	0.2050491916	0.0000024823


0.1694851709	0.2315279294	0.0000024207


0.1406270544	0.2540583680	0.0000023663


0.1094550783	0.2724088036	0.0000023192


0.0765402557	0.2864219904	0.0000022793


0.0424420209	0.2960071294	0.0000022463


0.0077042519	0.3011326088	0.0000022199


-0.0271471622	0.3018197121	0.0000021997


-0.0616056539	0.2981373878	0.0000021854


-0.0951845854	0.2901980935	0.0000021764


-0.1274174445	0.2781546799	0.0000021723


-0.1578578914	0.2621982492	0.0000021724


-0.1860798798	0.2425569092	0.0000021760


-0.2116780540	0.2194953308	0.0000021827


-0.2342686049	0.1933150089	0.0000021916


-0.2534907690	0.1643551133	0.0000022021


-0.2690091510	0.1329937917	0.0000022132


-0.2805170604	0.0996497562	0.0000022243


-0.2877410558	0.0647839327	0.0000022344


-0.2904468854	0.0289008853	0.0000022426


-0.2884469958	-0.0074503643	0.0000022481


-0.2816097269	-0.0436766129	0.0000022497


-0.2698702173	-0.0791424699	0.0000022465


-0.2532428765	-0.1131748231	0.0000022375


-0.2318350348	-0.1450706428	0.0000022217


-0.2058610244	-0.1741090382	0.0000021982


-0.1756554969	-0.1995683994	0.0000021662


-0.1416842686	-0.2207491757	0.0000021248


-0.1045504975	-0.2370022770	0.0000020736


-0.0649936839	-0.2477622032	0.0000020121


-0.0238790577	-0.2525828459	0.0000019404


0.0178244353	-0.2511726546	0.0000018586


0.0590779911	-0.2434248333	0.0000017673


0.0988171552	-0.2294378643	0.0000016673


0.1360027425	-0.2095222946	0.0000015599


0.1696730739	-0.1841914625	0.0000014465


0.1989913911	-0.1541363880	0.0000013287


0.2232829254	-0.1201877252	0.0000012082


0.2420579393	-0.0832697075	0.0000010868


0.2550195846	-0.0443518647	0.0000009662


0.2620578612	-0.0044038425	0.0000008479


0.2632327277	0.0356427531	0.0000007332


0.2587502133	0.0749233795	0.0000006234


0.2489353077	0.1126600500	0.0000005195


0.2342047316	0.1481721528	0.0000004221


0.2150417650	0.1808801834	0.0000003319


0.1919743949	0.2103042169	0.0000002492


0.1655572930	0.2360588656	0.0000001743


0.1363576030	0.2578461967	0.0000001071


0.1049441931	0.2754477537	0.0000000477


0.0718798680	0.2887164996	-0.0000000041


0.0377159861	0.2975692290	-0.0000000485


0.0029889469	0.3019797783	-0.0000000858


-0.0317819324	0.3019732122	-0.0000001165


-0.0660955658	0.2976210543	-0.0000001410


-0.0994696211	0.2890375655	-0.0000001597


-0.1314407097	0.2763770286	-0.0000001733


-0.1615644922	0.2598319757	-0.0000001822


-0.1894159134	0.2396322792	-0.0000001872


-0.2145897645	0.2160450193	-0.0000001889


-0.2367017575	0.1893750270	-0.0000001880


-0.2553902959	0.1599659862	-0.0000001853


-0.2703191339	0.1282019542	-0.0000001815


-0.2811811174	0.0945091170	-0.0000001776


-0.2877032108	0.0593575413	-0.0000001745


-0.2896530026	0.0232626078	-0.0000001729


-0.2868468566	-0.0132142916	-0.0000001740


-0.2791598138	-0.0494663315	-0.0000001788


-0.2665372318	-0.0848437798	-0.0000001881


-0.2490079555	-0.1186592863	-0.0000002031


-0.2266985294	-0.1501968416	-0.0000002247


-0.1998475640	-0.1787253369	-0.0000002540


-0.1688188842	-0.2035175156	-0.0000002916


-0.1341115612	-0.2238747382	-0.0000003383


-0.0963644645	-0.2391573064	-0.0000003947


-0.0563527592	-0.2488190942	-0.0000004611


-0.0149740141	-0.2524439977	-0.0000005374


0.0267775306	-0.2497804801	-0.0000006233


0.0678484018	-0.2407696238	-0.0000007182


0.1071728292	-0.2255620362	-0.0000008211


0.1437248635	-0.2045199794	-0.0000009308


0.1765698824	-0.1782031746	-0.0000010457


0.2049093855	-0.1473394105	-0.0000011643


0.2281140489	-0.1127836274	-0.0000012848


0.2457421590	-0.0754708204	-0.0000014054


0.2575431150	-0.0363684979	-0.0000015245


0.2634479445	0.0035663838	-0.0000016406


0.2635502172	0.0434226905	-0.0000017524


0.2580812282	0.0823610743	-0.0000018588


0.2473830121	0.1196306878	-0.0000019588


0.2318819732	0.1545777768	-0.0000020517


0.2120649832	0.1866478267	-0.0000021371


0.1884589402	0.2153830598	-0.0000022146


0.1616141103	0.2404169257	-0.0000022840


0.1320911239	0.2614669358	-0.0000023453


0.1004512282	0.2783268638	-0.0000023984


0.0672492858	0.2908590328	-0.0000024437


0.0330289767	0.2989871562	-0.0000024814


-0.0016803003	0.3026900140	-0.0000025117


-0.0363652812	0.3019961033	-0.0000025350


-0.0705298297	0.2969793172	-0.0000025519


-0.1036953953	0.2877556417	-0.0000025628


-0.1354012131	0.2744808286	-0.0000025682


-0.1652044792	0.2573489813	-0.0000025688


-0.1926807104	0.2365919761	-0.0000025651


-0.2174244840	0.2124796334	-0.0000025579


-0.2390507419	0.1853205387	-0.0000025479


-0.2571968514	0.1554633922	-0.0000025359


-0.2715256197	0.1232987400	-0.0000025226


-0.2817294664	0.0892608876	-0.0000025089


-0.2875359618	0.0538297373	-0.0000024958


-0.2887149307	0.0175322006	-0.0000024841


-0.2850872798	-0.0190572712	-0.0000024749


-0.2765356344	-0.0553176287	-0.0000024691


-0.2630167261	-0.0905843719	-0.0000024678


-0.2445752512	-0.1241557675	-0.0000024720


-0.2213585925	-0.1553030878	-0.0000024827


-0.1936313633	-0.1832858000	-0.0000025007


-0.1617882108	-0.2073724306	-0.0000025270


-0.1263627888	-0.2268673599	-0.0000025621


-0.0880303918	-0.2411430093	-0.0000026065


-0.0476016543	-0.2496757732	-0.0000026604


-0.0060051571	-0.2520827629	-0.0000027237


0.0357420827	-0.2481552560	-0.0000027961


0.0765754641	-0.2378840923	-0.0000028768


0.1154320502	-0.2214725438	-0.0000029647


0.1513032917	-0.1993335927	-0.0000030585


0.1832851649	-0.1720709167	-0.0000031567


0.2106198273	-0.1404456044	-0.0000032575


0.2327243851	-0.1053329421	-0.0000033593


0.2492047361	-0.0676748731	-0.0000034604


0.2598549772	-0.0284336854	-0.0000035591


0.2646448763	0.0114486482	-0.0000036540


0.2636990173	0.0510827716	-0.0000037439


0.2572714153	0.0896549335	-0.0000038277


0.2457189107	0.1264411085	-0.0000039046


0.2294757975	0.1608135844	-0.0000039739


0.2090312338	0.1922417337	-0.0000040352


0.1849101871	0.2202887096	-0.0000040881


0.1576580791	0.2446055978	-0.0000041326


0.1278289104	0.2649242511	-0.0000041685


0.0959764357	0.2810497175	-0.0000041960


0.0626478766	0.2928528903	-0.0000042152


0.0283796513	0.3002637838	-0.0000042265


-0.0063053579	0.3032656648	-0.0000042301


-0.0408994223	0.3018901579	-0.0000042264


-0.0749108293	0.2962133559	-0.0000042160


-0.1078642957	0.2863529231	-0.0000041992


-0.1393011906	0.2724661452	-0.0000041767


-0.1687797921	0.2547488643	-0.0000041491


-0.1958757842	0.2334352246	-0.0000041169


-0.2201831840	0.2087981430	-0.0000040810


-0.2413158914	0.1811504032	-0.0000040419


-0.2589100578	0.1508462505	-0.0000040005


-0.2726274791	0.1182833252	-0.0000039577


-0.2821602257	0.0839047229	-0.0000039142


-0.2872367266	0.0482008959	-0.0000038710


-0.2876295046	0.0117110118	-0.0000038291


-0.2831647141	-0.0249767338	-0.0000037894


-0.2737335385	-0.0612264948	-0.0000037529


-0.2593053350	-0.0963586359	-0.0000037208


-0.2399421580	-0.1296569963	-0.0000036939


-0.2158139227	-0.1603805376	-0.0000036732


-0.1872129951	-0.1877802873	-0.0000036596


-0.1545664495	-0.2111222063	-0.0000036539


-0.1184437140	-0.2297160290	-0.0000036567


-0.0795569816	-0.2429492100	-0.0000036683


-0.0387518283	-0.2503239039	-0.0000036889


0.0030138623	-0.2514936001	-0.0000037182


0.0447031787	-0.2462949715	-0.0000037557


0.0852441922	-0.2347701185	-0.0000038005


0.1235810318	-0.2171750426	-0.0000038515


0.1587265847	-0.1939719743	-0.0000039073


0.1898106505	-0.1658057436	-0.0000039662


0.2161180108	-0.1334670672	-0.0000040266


0.2371127339	-0.0978476337	-0.0000040867


0.2524475322	-0.0598926917	-0.0000041448


0.2619593932	-0.0205563905	-0.0000041994


0.2656544252	0.0192362549	-0.0000042492


0.2636856404	0.0586186748	-0.0000042929


0.2563273306	0.0968028790	-0.0000043295


0.2439490535	0.1330911854	-0.0000043584


0.2269913641	0.1668810189	-0.0000043788


0.2059445568	0.1976645073	-0.0000043905


0.1813309595	0.2250245331	-0.0000043930


0.1536908128	0.2486286577	-0.0000043865


0.1235714459	0.2682220276	-0.0000043707


0.0915192987	0.2836200678	-0.0000043460


0.0580742833	0.2947015112	-0.0000043124


0.0237659872	0.3014021059	-0.0000042702


-0.0108887346	0.3037091970	-0.0000042199


-0.0453871725	0.3016572704	-0.0000041618


-0.0792415187	0.2953244840	-0.0000040963


-0.1119792513	0.2848301638	-0.0000040241


-0.1431433935	0.2703332214	-0.0000039457


-0.1722928645	0.2520314311	-0.0000038617


-0.1990031228	0.2301614942	-0.0000037728


-0.2228672954	0.2049998054	-0.0000036797


-0.2434979883	0.1768638181	-0.0000035831


-0.2605299834	0.1461138781	-0.0000034839


-0.2736240340	0.1131553527	-0.0000033830


-0.2824719839	0.0784408229	-0.0000032812


-0.2868034302	0.0424720243	-0.0000031796


-0.2863941265	0.0058011128	-0.0000030790


-0.2810762644	-0.0309692968	-0.0000029806


-0.2707506542	-0.0671880254	-0.0000028855


-0.2554006285	-0.1021600080	-0.0000027946


-0.2351071954	-0.1351547279	-0.0000027090


-0.2100645562	-0.1654194060	-0.0000026297


-0.1805945871	-0.1921978199	-0.0000025576


-0.1471583224	-0.2147552460	-0.0000024934


-0.1103619849	-0.2324093281	-0.0000024377


-0.0709548653	-0.2445656322	-0.0000023908


-0.0298165950	-0.2507553663	-0.0000023527


0.0120677380	-0.2506714566	-0.0000023232


0.0536445514	-0.2441982778	-0.0000023015


0.0938385995	-0.2314302737	-0.0000022866


0.1316053246	-0.2126757532	-0.0000022774


0.1659828916	-0.1884442669	-0.0000022723


0.1961377831	-0.1594186668	-0.0000022696


0.2213989210	-0.1264154887	-0.0000022676


0.2412774304	-0.0903389380	-0.0000022646


0.2554716968	-0.0521341375	-0.0000022589


0.2638595821	-0.0127444788	-0.0000022490


0.2664810641	0.0269236394	-0.0000022336


0.2635150425	0.0660271636	-0.0000022116


0.2552537619	0.1038038174	-0.0000021821


0.2420775648	0.1395816459	-0.0000021445


0.2244318006	0.1727822387	-0.0000020982


0.2028068968	0.2029193328	-0.0000020429


0.1777219537	0.2295943603	-0.0000019786


0.1497117870	0.2524902435	-0.0000019051


0.1193170786	0.2713644305	-0.0000018226


0.0870771745	0.2860418843	-0.0000017313


0.0535250337	0.2964085006	-0.0000016316


0.0191838561	0.3024052459	-0.0000015237


-0.0154350382	0.3040231769	-0.0000014082


-0.0498334463	0.3012994135	-0.0000012855


-0.0835269518	0.2943140758	-0.0000011563


-0.1160452963	0.2831881642	-0.0000010211


-0.1469326881	0.2680823349	-0.0000008807


-0.1757482569	0.2491965131	-0.0000007359


-0.2020668565	0.2267702721	-0.0000005873


-0.2254804100	0.2010838927	-0.0000004358


-0.2455999986	0.1724599963	-0.0000002823


-0.2620589078	0.1412656133	-0.0000001278


-0.2745168544	0.1079144981	0.0000000267


-0.2826656262	0.0728694370	0.0000001802


-0.2862363593	0.0366441993	0.0000003317


-0.2850086471	-0.0001953337	0.0000004799


-0.2788215974	-0.0370314706	0.0000006238


-0.2675868152	-0.0731972092	0.0000007621


-0.2513030572	-0.1079818455	0.0000008937


-0.2300719652	-0.1406407094	0.0000010174


-0.2041138285	-0.1704100308	0.0000011323


-0.1737817769	-0.1965277447	0.0000012373


-0.1395722365	-0.2182605593	0.0000013318


-0.1021290398	-0.2349367947	0.0000014152


-0.0622384664	-0.2459833434	0.0000014872


-0.0208129394	-0.2509637677	0.0000015479


0.0211377327	-0.2496133308	0.0000015977


0.0625468303	-0.2418660871	0.0000016373


0.1023399543	-0.2278694552	0.0000016679


0.1394880545	-0.2079831394	0.0000016909


0.1730581587	-0.1827616604	0.0000017077


0.2022558923	-0.1529224932	0.0000017203


0.2264553809	-0.1193041107	0.0000017303


0.2452144893	-0.0828194620	0.0000017395


0.2582758338	-0.0444103582	0.0000017495


0.2655559716	-0.0050071206	0.0000017618


0.2671262494	0.0345038231	0.0000017775


0.2631889837	0.0733034085	0.0000017978


0.2540521795	0.1106548405	0.0000018235


0.2401051897	0.1459111623	0.0000018550


0.2217968470	0.1785171058	0.0000018930


0.1996168460	0.2080068681	0.0000019375


0.1740805824	0.2339992819	0.0000019888


0.1457172867	0.2561915625	0.0000020467


0.1150610761	0.2743525226	0.0000021111


0.0826444608	0.2883158804	0.0000021818


0.0489938250	0.2979740711	0.0000022584


0.0146264342	0.3032728101	0.0000023405


-0.0199514325	0.3042065418	0.0000024276


-0.0542455683	0.3008148279	0.0000025193


-0.0877744417	0.2931796807	0.0000026148


-0.1200695686	0.2814238161	0.0000027137


-0.1506758817	0.2657097805	0.0000028152


-0.1791523025	0.2462398952	0.0000029187


-0.2050727149	0.2232569472	0.0000030233


-0.2280275415	0.1970455390	0.0000031282


-0.2476261304	0.1679339876	0.0000032326


-0.2635001754	0.1362966208	0.0000033356


-0.2753084035	0.1025562683	0.0000034362


-0.2827427695	0.0671866642	0.0000035335


-0.2855363871	0.0307143762	0.0000036265


-0.2834733803	-0.0062802541	0.0000037140


-0.2764007468	-0.0431638262	0.0000037951


-0.2642421555	-0.0792530835	0.0000038687


-0.2470133332	-0.1138215746	0.0000039337


-0.2248383105	-0.1461108272	0.0000039891


-0.1979652975	-0.1753470249	0.0000040341


-0.1667803802	-0.2007638961	0.0000040680


-0.1318166721	-0.2216319299	0.0000040902


-0.0937561873	-0.2372930829	0.0000041004


-0.0534217474	-0.2471988873	0.0000040986


-0.0117569137	-0.2509485136	0.0000040851


0.0302066391	-0.2483222406	0.0000040607


0.0713928505	-0.2393054001	0.0000040263


0.1107324152	-0.2240985397	0.0000039832


0.1472158566	-0.2031113691	0.0000039330


0.1799423346	-0.1769406521	0.0000038775


0.2081586463	-0.1463348856	0.0000038184


0.2312847361	-0.1121505942	0.0000037576


0.2489245130	-0.0753058635	0.0000036968


0.2608631275	-0.0367362809	0.0000036375


0.2670535395	0.0026429030	0.0000035811


0.2675959719	0.0419662949	0.0000035289


0.2627137825	0.0804390609	0.0000034818


0.2527286889	0.1173494938	0.0000034404


0.2380374380	0.1520748171	0.0000034055


0.2190911845	0.1840818505	0.0000033773


0.1963781517	0.2129241135	0.0000033560


0.1704096543	0.2382367265	0.0000033417


0.1417092505	0.2597301814	0.0000033344


0.1108046250	0.2771837748	0.0000033338


0.0782217410	0.2904392517	0.0000033397


0.0444808023	0.2993950134	0.0000033518


0.0100935990	0.3040011005	0.0000033697


-0.0244381367	0.3042550592	0.0000033930


-0.0586236893	0.3001987351	0.0000034210


-0.0919839117	0.2919159921	0.0000034532


-0.1240516133	0.2795313298	0.0000034891


-0.1543720013	0.2632093566	0.0000035279


-0.1825033809	0.2431550613	0.0000035689


-0.2080183150	0.2196148131	0.0000036114


-0.2305054473	0.1928780008	0.0000036546


-0.2495722095	0.1632791937	0.0000036975


-0.2648486409	0.1312006604	0.0000037393


-0.2759925695	0.0970750222	0.0000037791


-0.2826963988	0.0613877267	0.0000038157


-0.2846957316	0.0246789163	0.0000038482


-0.2817800016	-0.0124558777	0.0000038756


-0.2738051706	-0.0493669473	0.0000038966


-0.2607083461	-0.0853544205	0.0000039104


-0.2425238677	-0.1196761063	0.0000039157


-0.2193999791	-0.1515602483	0.0000039117


-0.1916146586	-0.1802241400	0.0000038975


-0.1595885840	-0.2048991793	0.0000038725


-0.1238926818	-0.2248622176	0.0000038361


-0.0852474414	-0.2394719838	0.0000037881


-0.0445114143	-0.2482080252	0.0000037287


-0.0026572475	-0.2507082748	0.0000036583


0.0392647223	-0.2468004324	0.0000035778


0.0801731089	-0.2365222846	0.0000034883


0.1190079692	-0.2201271717	0.0000033913


0.1547832769	-0.1980729611	0.0000032884


0.1866332351	-0.1709956043	0.0000031815


0.2138473989	-0.1396708776	0.0000030724


0.2358917155	-0.1049695223	0.0000029630


0.2524151012	-0.0678113557	0.0000028549


0.2632433337	-0.0291231175	0.0000027497


0.2683634079	0.0101967071	0.0000026487


0.2679019657	0.0493045512	0.0000025532


0.2621011407	0.0874298432	0.0000024638


0.2512944611	0.1238854338	0.0000023814


0.2358846051	0.1580718360	0.0000023065


0.2163240292	0.1894768831	0.0000022392


0.1930988654	0.2176722953	0.0000021799


0.1667160627	0.2423084069	0.0000021284


0.1376934868	0.2631080197	0.0000020848


0.1065525667	0.2798600866	0.0000020487


0.0738130357	0.2924137030	0.0000020199


0.0399893264	0.3006727109	0.0000019980


0.0055882193	0.3045910934	0.0000019827


-0.0288926066	0.3041692507	0.0000019733


-0.0629654249	0.2994511868	0.0000019694


-0.0961529793	0.2905226058	0.0000019704


-0.1279888988	0.2775098872	0.0000019755


-0.1580182239	0.2605798999	0.0000019842


-0.1857982476	0.2399405984	0.0000019956


-0.2108998746	0.2158423311	0.0000020090


-0.2329097118	0.1885797671	0.0000020236


-0.2514331169	0.1584943158	0.0000020383


-0.2660984491	0.1259768601	0.0000020524


-0.2765627765	0.0914705566	0.0000020647


-0.2825192954	0.0554733525	0.0000020743


-0.2837066875	0.0185397492	0.0000020801


-0.2799205692	-0.0187188181	0.0000020809


-0.2710270439	-0.0556357787	0.0000020757


-0.2569781373	-0.0914943697	0.0000020634


-0.2378285354	-0.1255368019	0.0000020428


-0.2137525729	-0.1569787353	0.0000020131


-0.1850598337	-0.1850299550	0.0000019735


-0.1522071238	-0.2089216469	0.0000019231


-0.1158041003	-0.2279398266	0.0000018617


-0.0766097086	-0.2414632736	0.0000017890


-0.0355170326	-0.2490029364	0.0000017054


0.0064746394	-0.2502385061	0.0000016113


0.0482998285	-0.2450471772	0.0000015077


0.0888759924	-0.2335199127	0.0000013958


0.1271567666	-0.2159620185	0.0000012772


0.1621831969	-0.1928772506	0.0000011537


0.1931270439	-0.1649374248	0.0000010269


0.2193217589	-0.1329417806	0.0000008989


0.2402790703	-0.0977715498	0.0000007715


0.2556915674	-0.0603451149	0.0000006463


0.2654235866	-0.0215780426	0.0000005249


0.2694937562	0.0176493459	0.0000004084


0.2680527441	0.0565158514	0.0000002981


0.2613593192	0.0942750134	0.0000001947


0.2497570680	0.1302635971	0.0000000989


0.2336532874	0.1639044627	0.0000000111


0.2135008475	0.1947053764	-0.0000000685


0.1897832773	0.2222551626	-0.0000001396


0.1630029570	0.2462183387	-0.0000002023


0.1336720976	0.2663291014	-0.0000002567


0.1023060883	0.2823852848	-0.0000003031


0.0694187718	0.2942427082	-0.0000003417


0.0355192305	0.3018101734	-0.0000003730


0.0011097047	0.3050452646	-0.0000003974


-0.0333156866	0.3039510219	-0.0000004154


-0.0672717085	0.2985735138	-0.0000004275


-0.1002825071	0.2890003018	-0.0000004344


-0.1318820651	0.2753597684	-0.0000004367


-0.1616148244	0.2578212684	-0.0000004351


-0.1890366808	0.2365960483	-0.0000004305


-0.2137165600	0.2119388618	-0.0000004235


-0.2352387943	0.1841501834	-0.0000004152


-0.2532065404	0.1535788821	-0.0000004063


-0.2672464907	0.1206251601	-0.0000003979


-0.2770151460	0.0857434801	-0.0000003910


-0.2822069085	0.0494450938	-0.0000003866


-0.2825642140	0.0122996478	-0.0000003859


-0.2778898327	-0.0250648245	-0.0000003899


-0.2680612962	-0.0619643922	-0.0000003999


-0.2530471325	-0.0976652257	-0.0000004168


-0.2329241920	-0.1313942295	-0.0000004418


-0.2078948171	-0.1623553824	-0.0000004758


-0.1783020001	-0.1897525798	-0.0000005197


-0.1446400773	-0.2128191585	-0.0000005740


-0.1075581090	-0.2308533043	-0.0000006391


-0.0678531326	-0.2432572348	-0.0000007150


-0.0264511677	-0.2495766437	-0.0000008015


0.0156246804	-0.2495357578	-0.0000008979


0.0572975826	-0.2430629586	-0.0000010032


0.0974881011	-0.2303026287	-0.0000011160


0.1351675443	-0.2116107325	-0.0000012348


0.1694073431	-0.1875342657	-0.0000013577


0.1994189066	-0.1587773792	-0.0000014829


0.2245802798	-0.1261589494	-0.0000016086


0.2444483763	-0.0905671285	-0.0000017330


0.2587578706	-0.0529159602	-0.0000018544


0.2674094717	-0.0141078140	-0.0000019714


0.2704510394	0.0249962684	-0.0000020828


0.2680549612	0.0635977689	-0.0000021875


0.2604946333	0.1009740279	-0.0000022848


0.2481220987	0.1364849894	-0.0000023741


0.2313481025	0.1695748807	-0.0000024550


0.2106251652	0.1997703252	-0.0000025272


0.1864337988	0.2266761853	-0.0000025906


0.1592716862	0.2499701759	-0.0000026454


0.1296454729	0.2693970241	-0.0000026915


0.0980647565	0.2847627214	-0.0000027294


0.0650378487	0.2959292318	-0.0000027591


0.0310689121	0.3028098798	-0.0000027813


-0.0033438807	0.3053655461	-0.0000027963


-0.0377094793	0.3036017308	-0.0000028045


-0.0715446464	0.2975665030	-0.0000028067


-0.1043744485	0.2873493268	-0.0000028034


-0.1357327630	0.2730807378	-0.0000027953


-0.1651630104	0.2549328297	-0.0000027830


-0.1922193171	0.2331204959	-0.0000027675


-0.2164683250	0.2079033523	-0.0000027494


-0.2374918781	0.1795882356	-0.0000027297


-0.2548908362	0.1485321270	-0.0000027093


-0.2682902829	0.1151452840	-0.0000026892


-0.2773464031	0.0798942728	-0.0000026704


-0.2817552924	0.0433044695	-0.0000026540


-0.2812639067	0.0059614497	-0.0000026411


-0.2756832466	-0.0314894927	-0.0000026329


-0.2649036679	-0.0683466372	-0.0000026305


-0.2489118893	-0.1038590293	-0.0000026349


-0.2278088174	-0.1372387286	-0.0000026472


-0.2018267389	-0.1676791520	-0.0000026684


-0.1713437931	-0.1943801709	-0.0000026991


-0.1368930776	-0.2165798764	-0.0000027400


-0.0991634462	-0.2335918125	-0.0000027913


-0.0589892925	-0.2448450871	-0.0000028530


-0.0173275706	-0.2499233861	-0.0000029246


0.0247779780	-0.2485979714	-0.0000030054


0.0662431858	-0.2408496816	-0.0000030942


0.1059960025	-0.2268760695	-0.0000031898


0.1430293151	-0.2070819941	-0.0000032903


0.1764478973	-0.1820547146	-0.0000033940


0.2055044598	-0.1525270472	-0.0000034990


0.2296219138	-0.1193337262	-0.0000036036


0.2484014263	-0.0833664514	-0.0000037059


0.2616179614	-0.0455323033	-0.0000038044


0.2692063368	-0.0067187272	-0.0000038978


0.2712412738	0.0322333655	-0.0000039848


0.2679146749	0.0705482464	-0.0000040646


0.2595126952	0.1075266104	-0.0000041363


0.2463943791	0.1425507710	-0.0000041996


0.2289728860	0.1750853206	-0.0000042539


0.2076997365	0.2046746759	-0.0000042991


0.1830521030	0.2309387061	-0.0000043352


0.1555229075	0.2535673842	-0.0000043622


0.1256133645	0.2723151534	-0.0000043802


0.0938275580	0.2869954877	-0.0000043895


0.0606686437	0.2974759621	-0.0000043905


0.0266363036	0.3036740269	-0.0000043835


-0.0077748837	0.3055535909	-0.0000043690


-0.0420764461	0.3031224669	-0.0000043475


-0.0757866541	0.2964306893	-0.0000043195


-0.1084310176	0.2855696982	-0.0000042858


-0.1395428575	0.2706723599	-0.0000042470


-0.1686641596	0.2519137878	-0.0000042038


-0.1953469210	0.2295129071	-0.0000041569


-0.2191552136	0.2037346843	-0.0000041074


-0.2396682042	0.1748929088	-0.0000040559


-0.2564843964	0.1433533600	-0.0000040036


-0.2692273713	0.1095371184	-0.0000039514


-0.2775533130	0.0739236753	-0.0000039002


-0.2811605791	0.0370533629	-0.0000038514


-0.2798015093	-0.0004715403	-0.0000038058


-0.2732965206	-0.0379878594	-0.0000037648


-0.2615503021	-0.0747757390	-0.0000037294


-0.2445695490	-0.1100671759	-0.0000037008


-0.2224811787	-0.1430600342	-0.0000036798


-0.1955493546	-0.1729385211	-0.0000036675


-0.1641890049	-0.1989006021	-0.0000036644


-0.1289730109	-0.2201919560	-0.0000036711


-0.0906300916	-0.2361448258	-0.0000036877


-0.0500308683	-0.2462186779	-0.0000037140


-0.0081608266	-0.2500382794	-0.0000037495


0.0339191580	-0.2474240954	-0.0000037934


0.0751217521	-0.2384102334	-0.0000038442


0.1143865269	-0.2232466752	-0.0000039006


0.1507316041	-0.2023849867	-0.0000039608


0.1832976657	-0.1764494464	-0.0000040230


0.2113799363	-0.1461977880	-0.0000040853


0.2344460654	-0.1124769279	-0.0000041458


0.2521402462	-0.0761789688	-0.0000042030


0.2642757738	-0.0382016932	-0.0000042552


0.2708192721	0.0005838163	-0.0000043012


0.2718700098	0.0393573850	-0.0000043399


0.2676373156	0.0773660015	-0.0000043704


0.2584183770	0.1139331545	-0.0000043921


0.2445779274	0.1484626621	-0.0000044045


0.2265306337	0.1804384684	-0.0000044072


0.2047264732	0.2094217396	-0.0000044001


0.1796390358	0.2350463581	-0.0000043833


0.1517564782	0.2570136627	-0.0000043566


0.1215747586	0.2750870472	-0.0000043205


0.0895927494	0.2890868397	-0.0000042751


0.0563088403	0.2988857364	-0.0000042207


0.0222186771	0.3044049545	-0.0000041579


-0.0121862791	0.3056111976	-0.0000040870


-0.0464196467	0.3025144735	-0.0000040087


-0.0800007176	0.2951667766	-0.0000039234


-0.1124549738	0.2836616230	-0.0000038320


-0.1433147353	0.2681344153	-0.0000037350


-0.1721201494	0.2487635972	-0.0000036333


-0.1984207383	0.2257725411	-0.0000035276


-0.2217777368	0.1994320858	-0.0000034190


-0.2417674746	0.1700635986	-0.0000033082


-0.2579860785	0.1380423778	-0.0000031963


-0.2700557873	0.1038011249	-0.0000030844


-0.2776331697	0.0678331009	-0.0000029735


-0.2804195020	0.0306944326	-0.0000028649


-0.2781734747	-0.0069951433	-0.0000027597


-0.2707262216	-0.0445540035	-0.0000026590


-0.2579983860	-0.0812439132	-0.0000025642


-0.2400185182	-0.1162800503	-0.0000024762


-0.2169415463	-0.1488469391	-0.0000023962


-0.1890654133	-0.1781211747	-0.0000023250


-0.1568433448	-0.2033011897	-0.0000022632


-0.1208887802	-0.2236432983	-0.0000022113


-0.0819700246	-0.2385018980	-0.0000021693


-0.0409923908	-0.2473702457	-0.0000021370


0.0010328948	-0.2499170599	-0.0000021137


0.0430316035	-0.2460137942	-0.0000020984


0.0839175036	-0.2357481560	-0.0000020898


0.1226459043	-0.2194213329	-0.0000020862


0.1582635122	-0.1975290315	-0.0000020858


0.1899490670	-0.1707290967	-0.0000020868


0.2170410838	-0.1398004177	-0.0000020873


0.2390514538	-0.1055985659	-0.0000020855


0.2556659179	-0.0690131562	-0.0000020797


0.2667340223	-0.0309306297	-0.0000020686


0.2722518893	0.0077954576	-0.0000020509


0.2723410985	0.0463660495	-0.0000020255


0.2672264410	0.0840506217	-0.0000019918


0.2572145518	0.1201948011	-0.0000019490


0.2426746778	0.1542230053	-0.0000018970


0.2240222067	0.1856375158	-0.0000018353


0.2017051248	0.2140152295	-0.0000017640


0.1761932705	0.2390030889	-0.0000016832


0.1479700828	0.2603129523	-0.0000015929


0.1175264725	0.2777164460	-0.0000014936


0.0853564244	0.2910401695	-0.0000013855


0.0519539639	0.3001614899	-0.0000012691


0.0178111505	0.3050050698	-0.0000011449


-0.0165831954	0.3055402060	-0.0000010135


-0.0507442958	0.3017790146	-0.0000008756


-0.0841919817	0.2937754710	-0.0000007318


-0.1164512405	0.2816252958	-0.0000005830


-0.1470529539	0.2654666615	-0.0000004299


-0.1755350372	0.2454816818	-0.0000002735


-0.2014442063	0.2218986244	-0.0000001147


-0.2243386137	0.1949947563	0.0000000455


-0.2437916221	0.1650996833	0.0000002060


-0.2593970047	0.1325989777	0.0000003657


-0.2707758765	0.0979377911	0.0000005234


-0.2775856518	0.0616240181	0.0000006779


-0.2795312766	0.0242304200	0.0000008278


-0.2763788684	-0.0136050800	0.0000009719


-0.2679716946	-0.0511819102	0.0000011088


-0.2542480845	-0.0877433278	0.0000012373


-0.2352604045	-0.1224880933	0.0000013563


-0.2111936194	-0.1545884705	0.0000014645


-0.1823812950	-0.1832152948	0.0000015612


-0.1493162938	-0.2075700882	0.0000016457


-0.1126531022	-0.2269230395	0.0000017176


-0.0731989547	-0.2406542287	0.0000017770


-0.0318919069	-0.2482940400	0.0000018241


0.0102342272	-0.2495577383	0.0000018598


0.0520958726	-0.2443691274	0.0000018853


0.0926121934	-0.2328693531	0.0000019020


0.1307581694	-0.2154091301	0.0000019116


0.1656120948	-0.1925254114	0.0000019160


0.1963924861	-0.1649060128	0.0000019171


0.2224815094	-0.1333472592	0.0000019167


0.2434344696	-0.0987100369	0.0000019168


0.2589769699	-0.0618788510	0.0000019189


0.2689926481	-0.0237270450	0.0000019243


0.2735048404	0.0149102589	0.0000019344


0.2726552947	0.0532553054	0.0000019499


0.2666824308	0.0905996908	0.0000019717


0.2559008854	0.1263104505	0.0000020002


0.2406833730	0.1598316687	0.0000020358


0.2214453263	0.1906829577	0.0000020787


0.1986323811	0.2184559560	0.0000021289


0.1727105205	0.2428097543	0.0000021863


0.1441585604	0.2634659299	0.0000022507


0.1134626039	0.2802036693	0.0000023217


0.0811120915	0.2928553030	0.0000023991


0.0475970961	0.3013024586	0.0000024823


0.0134065464	0.3054729575	0.0000025708


-0.0209729000	0.3053385200	0.0000026641


-0.0550575834	0.3009133126	0.0000027614


-0.0883673939	0.2922533427	0.0000028621


-0.1204263631	0.2794566916	0.0000029655


-0.1507635041	0.2626645652	0.0000030706


-0.1789141179	0.2420631192	0.0000031767


-0.2044217994	0.2178859986	0.0000032829


-0.2268413979	0.1904174905	0.0000033881


-0.2457432148	0.1599961369	0.0000034912


-0.2607187417	0.1270185746	0.0000035914


-0.2713882537	0.0919432619	0.0000036873


-0.2774105565	0.0552936067	0.0000037778


-0.2784951169	0.0176598374	0.0000038617


-0.2744166718	-0.0203012473	0.0000039378


-0.2650321574	-0.0578697108	0.0000040049


-0.2502994267	-0.0942703111	0.0000040618


-0.2302966909	-0.1286859859	0.0000041076


-0.2052409791	-0.1602780569	0.0000041413


-0.1755032268	-0.1882137141	0.0000041623


-0.1416170611	-0.2117004303	0.0000041702


-0.1042781796	-0.2300256662	0.0000041648


-0.0643316888	-0.2425987313	0.0000041465


-0.0227460294	-0.2489903152	0.0000041160


0.0194258773	-0.2489644876	0.0000040743


0.0610952788	-0.2424983028	0.0000040227


0.1011909813	-0.2297856896	0.0000039630


0.1387113185	-0.2112247869	0.0000038971


0.1727687854	-0.1873906315	0.0000038269


0.2026229577	-0.1589973362	0.0000037545


0.2276996169	-0.1268550404	0.0000036816


0.2475963612	-0.0918268282	0.0000036101


0.2620768070	-0.0547897547	0.0000035416


0.2710564813	-0.0166025907	0.0000034773


0.2745837007	0.0219186420	0.0000034183


0.2728183474	0.0600174917	0.0000033656


0.2660107712	0.0970071955	0.0000033198


0.2544823018	0.1322754084	0.0000032814


0.2386081995	0.1652849347	0.0000032505


0.2188033687	0.1955717267	0.0000032275


0.1955108149	0.2227412094	0.0000032122


0.1691926212	0.2464637532	0.0000032045


0.1403231143	0.2664699003	0.0000032043


0.1093838555	0.2825457697	0.0000032112


0.0768600992	0.2945289237	0.0000032248


0.0432383854	0.3023048773	0.0000032447


0.0090049701	0.3058043569	0.0000032703


-0.0253551741	0.3050013674	0.0000033010


-0.0593590224	0.2999120961	0.0000033363


-0.0925260482	0.2905946596	0.0000033753


-0.1243788710	0.2771496854	0.0000034174


-0.1544442132	0.2597217053	0.0000034617


-0.1822543907	0.2385013212	0.0000035074


-0.2073495804	0.2137280723	0.0000035535


-0.2292811344	0.1856938952	0.0000035989


-0.2476162367	0.1547470033	0.0000036428


-0.2619442226	0.1212959232	0.0000036838


-0.2718848827	0.0858133039	0.0000037209


-0.2770990490	0.0488389576	0.0000037529


-0.2773016698	0.0109813994	0.0000037785


-0.2722774127	-0.0270830585	0.0000037965


-0.2618985394	-0.0646147966	0.0000038056


-0.2461443641	-0.1008202374	0.0000038048


-0.2251210266	-0.1348673011	0.0000037931


-0.1990796237	-0.1659079399	0.0000037695


-0.1684300787	-0.1931080771	0.0000037335


-0.1337476615	-0.2156842222	0.0000036847


-0.0957690902	-0.2329446299	0.0000036232


-0.0553758703	-0.2443313551	0.0000035495


-0.0135640754	-0.2494583554	0.0000034643


0.0285980318	-0.2481403828	0.0000033688


0.0700207911	-0.2404081617	0.0000032646


0.1096467851	-0.2265072676	0.0000031534


0.1465010872	-0.2068807824	0.0000030374


0.1797325983	-0.1821384547	0.0000029184


0.2086428097	-0.1530170001	0.0000027984


0.2327007199	-0.1203368910	0.0000026795


0.2515448511	-0.0849605345	0.0000025632


0.2649748606	-0.0477554762	0.0000024512


0.2729359503	-0.0095647046	0.0000023447


0.2754992517	0.0288153068	0.0000022447


0.2728408627	0.0666492573	0.0000021520


0.2652214976	0.1032714479	0.0000020674


0.2529680004	0.1380893208	0.0000019911


0.2364573703	0.1705834470	0.0000019234


0.2161035039	0.2003051476	0.0000018644


0.1923465695	0.2268727139	0.0000018141


0.1656447583	0.2499669688	0.0000017722


0.1364680783	0.2693267087	0.0000017386


0.1052938391	0.2847443989	0.0000017129


0.0726034814	0.2960623738	0.0000016946


0.0388804412	0.3031696973	0.0000016834


0.0046087629	0.3059997793	0.0000016786


-0.0297277865	0.3045287994	0.0000016795


-0.0636463347	0.2987749648	0.0000016857


-0.0966654651	0.2887986075	0.0000016962


-0.1283059336	0.2747031148	0.0000017104


-0.1580917577	0.2566366698	0.0000017273


-0.1855519103	0.2347947583	0.0000017461


-0.2102228739	0.2094233676	0.0000017657


-0.2316523387	0.1808227515	0.0000017852


-0.2494043588	0.1493515685	0.0000018035


-0.2630662977	0.1154310938	0.0000018193


-0.2722578948	0.0795490753	0.0000018315


-0.2766427412	0.0422626251	0.0000018388


-0.2759423409	0.0041993396	0.0000018400


-0.2699527272	-0.0339443826	0.0000018337


-0.2585632607	-0.0714090395	0.0000018189


-0.2417767449	-0.1073830569	0.0000017942


-0.2197293628	-0.1410203730	0.0000017588


-0.1927082261	-0.1714654066	0.0000017117


-0.1611636924	-0.1978854515	0.0000016525


-0.1257132627	-0.2195093395	0.0000015809


-0.0871340990	-0.2356697175	0.0000014970


-0.0463422132	-0.2458448078	0.0000014013


-0.0043581898	-0.2496945201	0.0000012947


0.0377383613	-0.2470857391	0.0000011787


0.0788611708	-0.2381027850	0.0000010547


0.1179705494	-0.2230412870	0.0000009247


0.1541213508	-0.2023864614	0.0000007907


0.1865006625	-0.1767792526	0.0000006546


0.2144523355	-0.1469753241	0.0000005186


0.2374878600	-0.1138021807	0.0000003845


0.2552851066	-0.0781189389	0.0000002538


0.2676777184	-0.0407818542	0.0000001282


0.2746383758	-0.0026171753	0.0000000089


0.2762589475	0.0355984248	-0.0000001033


0.2727299511	0.0731505078	-0.0000002074


0.2643210326	0.1093937857	-0.0000003030


0.2513634970	0.1437546243	-0.0000003896


0.2342353826	0.1757304124	-0.0000004672


0.2133491854	0.2048868937	-0.0000005355


0.1891420946	0.2308543431	-0.0000005947


0.1620684635	0.2533232518	-0.0000006449


0.1325941848	0.2720400021	-0.0000006865


0.1011926259	0.2868028606	-0.0000007197


0.0683417992	0.2974585105	-0.0000007450


0.0345224708	0.3038992602	-0.0000007630


0.0002169389	0.3060610122	-0.0000007741


-0.0340917559	0.3039220402	-0.0000007790


-0.0679204124	0.2975025980	-0.0000007784


-0.1007862532	0.2868653677	-0.0000007730


-0.1322077243	0.2721167407	-0.0000007637


-0.1617057330	0.2534089085	-0.0000007513


-0.1888055660	0.2309427148	-0.0000007367


-0.2130397565	0.2049711872	-0.0000007210


-0.2339522027	0.1758036046	-0.0000007052


-0.2511038635	0.1438098828	-0.0000006905


-0.2640803812	0.1094249379	-0.0000006780


-0.2725019626	0.0731525442	-0.0000006689


-0.2760357956	0.0355680082	-0.0000006646


-0.2744111349	-0.0026812334	-0.0000006663


-0.2674369405	-0.0408782042	-0.0000006753


-0.2550215598	-0.0782434565	-0.0000006928


-0.2371933904	-0.1139479550	-0.0000007200


-0.2141207820	-0.1471329378	-0.0000007578


-0.1861287163	-0.1769373973	-0.0000008071


-0.1537092213	-0.2025328854	-0.0000008683


-0.1175222890	-0.2231640090	-0.0000009415


-0.0783845414	-0.2381914324	-0.0000010266


-0.0372441875	-0.2471328124	-0.0000011229


0.0048571327	-0.2496963611	-0.0000012293


0.0468326260	-0.2458020859	-0.0000013445


0.0876036700	-0.2355873349	-0.0000014669


0.1261520139	-0.2193957758	-0.0000015943


0.1615649526	-0.1977516812	-0.0000017250


0.1930691125	-0.1713235929	-0.0000018567


0.2200507616	-0.1408825568	-0.0000019877


0.2420628678	-0.1072600218	-0.0000021160


0.2588209099	-0.0713094696	-0.0000022400


0.2701904136	-0.0338743564	-0.0000023584


0.2761693843	0.0042365338	-0.0000024699


0.2768684482	0.0422664042	-0.0000025737


0.2724908732	0.0795212758	-0.0000026691


0.2633139338	0.1153755570	-0.0000027554


0.2496724604	0.1492736552	-0.0000028324


0.2319449305	0.1807288377	-0.0000029000


0.2105421252	0.2093203537	-0.0000029580


0.1858981712	0.2346896169	-0.0000030065


0.1584636808	0.2565360441	-0.0000030458


0.1287006618	0.2746129769	-0.0000030761


0.0970788675	0.2887239767	-0.0000030978


0.0640732779	0.2987196882	-0.0000031113


0.0301624296	0.3044953919	-0.0000031171


-0.0041726577	0.3059893222	-0.0000031158


