3.5391304348	0.0000000000	0.0000000000


3.5242674065	0.1204169669	0.0000000000


3.4943185359	0.2394115596	0.0000000000


3.4490347781	0.3554492297	0.0000000000


3.3881518607	0.4668206204	0.0000000000


3.3114132835	0.5715632010	0.0000000000


3.2186140695	0.6673596654	0.0000000000


3.1096816654	0.7514035435	0.0000000000


2.9848248408	0.8202214102	0.0000000000


2.8448088789	0.8694456227	0.0000000000


2.6914659277	0.8935565043	0.0000000000


2.5286317395	0.8857024872	0.0000000000


2.3637774636	0.8379767829	0.0000000000


2.2103952102	0.7431878668	0.0000000000


2.0896597868	0.6000234616	0.0000000000


2.0259587585	0.4215620668	0.0000000000


2.0320121500	0.2371004183	0.0000000000


2.0985820304	0.0765705724	0.0000000000


2.2044133411	-0.0446538802	0.0000000000


2.3299405313	-0.1245350876	0.0000000000


2.4617330900	-0.1671699498	0.0000000000


2.5915476225	-0.1781811421	0.0000000000


2.7145029334	-0.1628956320	0.0000000000


2.8277202522	-0.1258572550	0.0000000000


2.9294849762	-0.0708195093	0.0000000000


3.0187567085	-0.0008727532	0.0000000000


3.0948848056	0.0814127972	0.0000000000


3.1574413393	0.1738621868	0.0000000000


3.2061211780	0.2745942689	0.0000000000


3.2406809731	0.3819404675	0.0000000000


3.2609011780	0.4943787479	0.0000000000


3.2665621085	0.6104780065	0.0000000000


3.2574289894	0.7288487001	0.0000000000


3.2332433156	0.8480960124	0.0000000000


3.1937194797	0.9667720423	0.0000000000


3.1385469998	1.0833233367	0.0000000000


3.0674002464	1.1960295429	0.0000000000


2.9799598240	1.3029279909	0.0000000000


2.8759535201	1.4017176731	0.0000000000


2.7552313899	1.4896346661	0.0000000000


2.6179017012	1.5632907782	0.0000000000


2.4645766597	1.6184720372	0.0000000000


2.2968158958	1.6499152892	0.0000000000


2.1179158771	1.6511519255	0.0000000000


1.9342459114	1.6147061156	0.0000000000


1.7571907968	1.5333933971	0.0000000000


1.6047870184	1.4040935510	0.0000000000


1.4995180267	1.2345031557	0.0000000000


1.4579407407	1.0472351089	0.0000000000


1.4790397484	0.8711112551	0.0000000000


1.5468058627	0.7261915661	0.0000000000


1.6421984712	0.6195464157	0.0000000000


1.7502346072	0.5500849098	0.0000000000


1.8609125156	0.5135451738	0.0000000000


1.9679572095	0.5050868981	0.0000000000


2.0674903930	0.5202617093	0.0000000000


2.1570957477	0.5552557594	0.0000000000


2.2352341287	0.6068661298	0.0000000000


2.3008898938	0.6724002997	0.0000000000


2.3533574588	0.7495668114	0.0000000000


2.3921109981	0.8363778175	0.0000000000


2.4167235521	0.9310670003	0.0000000000


2.4268159447	1.0320207157	0.0000000000


2.4220241801	1.1377187267	0.0000000000


2.4019788656	1.2466807604	0.0000000000


2.3662932206	1.3574152700	0.0000000000


2.3145583167	1.4683668516	0.0000000000


2.2463459592	1.5778586044	0.0000000000


2.1612215743	1.6840253150	0.0000000000


2.0587721752	1.7847327410	0.0000000000


1.9386587566	1.8774777383	0.0000000000


1.8007095785	1.9592642710	0.0000000000


1.6450827346	2.0264535433	0.0000000000


1.4725456751	2.0745978714	0.0000000000


1.2849470532	2.0983000727	0.0000000000


1.0859825830	2.0912201178	0.0000000000


0.8823295151	2.0465229525	0.0000000000


0.6849757004	1.9583380467	0.0000000000


0.5097768790	1.8249055469	0.0000000000


0.3750405863	1.6529512718	0.0000000000


0.2946502538	1.4596041718	0.0000000000


0.2709205218	1.2672700156	0.0000000000


0.2946223405	1.0945092775	0.0000000000


0.3513946575	0.9512857240	0.0000000000


0.4275831102	0.8401816294	0.0000000000


0.5125984373	0.7595826886	0.0000000000


0.5989813981	0.7061527040	0.0000000000


0.6817008015	0.6761835522	0.0000000000


0.7574133381	0.6661866015	0.0000000000


0.8238901171	0.6730896952	0.0000000000


0.8796167539	0.6942568619	0.0000000000


0.9235252693	0.7274388688	0.0000000000


0.9548159433	0.7707030524	0.0000000000


0.9728377186	0.8223618000	0.0000000000


0.9770057013	0.8809057141	0.0000000000


0.9667415605	0.9449415101	0.0000000000


0.9414274935	1.0131318608	0.0000000000


0.9003676109	1.0841326154	0.0000000000


0.8427528501	1.1565209097	0.0000000000


0.7676275707	1.2287047710	0.0000000000


0.6738588832	1.2987998672	0.0000000000


0.5601156029	1.3644505575	0.0000000000


0.4248773371	1.4225582821	0.0000000000


0.2665274827	1.4688589792	0.0000000000


0.0836658048	1.4972688909	0.0000000000


-0.1240290531	1.4989430099	0.0000000000


-0.3536606049	1.4612841109	0.0000000000


-0.5946171376	1.3684303564	0.0000000000


-0.8227388760	1.2078277660	0.0000000000


-1.0037897911	0.9857694778	0.0000000000


-1.1161710184	0.7324201088	0.0000000000


-1.1636923472	0.4798272170	0.0000000000


-1.1621186483	0.2459961797	0.0000000000


-1.1264696961	0.0374257454	0.0000000000


-1.0677075011	-0.1448750297	0.0000000000


-0.9933001724	-0.3018860952	0.0000000000


-0.9083576531	-0.4350731402	0.0000000000


-0.8165207587	-0.5458319349	0.0000000000


-0.7205528773	-0.6353241796	0.0000000000


-0.6227186910	-0.7044666589	0.0000000000


-0.5250266524	-0.7539774622	0.0000000000


-0.4293872101	-0.7844421082	0.0000000000


-0.3377193901	-0.7963877652	0.0000000000


-0.2520246090	-0.7903657974	0.0000000000


-0.1744355942	-0.7670493964	0.0000000000


-0.1072370744	-0.7273565075	0.0000000000


-0.0528409664	-0.6726077077	0.0000000000


-0.0136811276	-0.6047192776	0.0000000000


0.0080233547	-0.5264037483	0.0000000000


0.0106803821	-0.4412941924	0.0000000000


-0.0061172280	-0.3538394441	0.0000000000


-0.0410856427	-0.2688173186	0.0000000000


-0.0911471127	-0.1905045538	0.0000000000


-0.1519573277	-0.1218675870	0.0000000000


-0.2188467858	-0.0642237409	0.0000000000


-0.2876642315	-0.0174735246	0.0000000000


-0.3551961570	0.0193777129	0.0000000000


-0.4191949959	0.0477273361	0.0000000000


-0.4782080749	0.0690500754	0.0000000000


-0.5313633477	0.0847316059	0.0000000000


-0.5781851085	0.0960056219	0.0000000000


-0.6184578319	0.1039453959	0.0000000000


-0.6521330761	0.1094792322	0.0000000000


-0.6792686204	0.1134138038	0.0000000000


-0.6999899188	0.1164580214	0.0000000000


-0.7144664693	0.1192445533	0.0000000000


-0.7228980396	0.1223482022	0.0000000000


-0.7255074383	0.1263012209	0.0000000000


-0.7225377173	0.1316059473	0.0000000000


-0.7142524782	0.1387451895	0.0000000000


-0.7009384620	0.1481907266	0.0000000000


-0.6829099197	0.1604101998	0.0000000000


-0.6605144640	0.1758725545	0.0000000000


-0.6341402157	0.1950520947	0.0000000000


-0.6042241230	0.2184310962	0.0000000000


-0.5712613488	0.2465008307	0.0000000000


-0.5358156187	0.2797607421	0.0000000000


-0.4985303901	0.3187154234	0.0000000000


-0.4601406652	0.3638689391	0.0000000000


-0.4214852282	0.4157159442	0.0000000000


-0.3835190390	0.4747289551	0.0000000000


-0.3473254661	0.5413410173	0.0000000000


-0.3141279642	0.6159228831	0.0000000000


-0.2853006500	0.6987536280	0.0000000000


-0.2623769274	0.7899833836	0.0000000000


-0.2470547231	0.8895865480	0.0000000000


-0.2411958511	0.9973035131	0.0000000000


-0.2468152951	1.1125688134	0.0000000000


-0.2660535516	1.2344240652	0.0000000000


-0.3011214973	1.3614159161	0.0000000000


-0.3542028269	1.4914837852	0.0000000000


-0.4272953448	1.6218512835	0.0000000000


-0.5219728709	1.7489505570	0.0000000000


-0.6390610851	1.8684297497	0.0000000000


-0.7782524075	1.9753126253	0.0000000000


-0.9377409744	2.0643762210	0.0000000000


-1.1140213292	2.1307587121	0.0000000000


-1.3020116106	2.1706954995	0.0000000000


-1.4955736976	2.1821584108	0.0000000000


-1.6883193861	2.1651495881	0.0000000000


-1.8744361068	2.1215396415	0.0000000000


-2.0492692213	2.0545524554	0.0000000000


-2.2095495531	1.9681255132	0.0000000000


-2.3533208873	1.8663503700	0.0000000000


-2.4796997744	1.7530909314	0.0000000000


-2.5885889050	1.6317808167	0.0000000000


-2.6804172278	1.5053541001	0.0000000000


-2.7559356835	1.3762569895	0.0000000000


-2.8160706405	1.2464996414	0.0000000000


-2.8618255513	1.1177221558	0.0000000000


-2.8942187094	0.9912605640	0.0000000000


-2.9142462930	0.8682062505	0.0000000000


-2.9228623482	0.7494565814	0.0000000000


-2.9209697481	0.6357567085	0.0000000000


-2.9094180750	0.5277334769	0.0000000000


-2.8890057602	0.4259226666	0.0000000000


-2.8604847874	0.3307907890	0.0000000000


-2.8245669179	0.2427525188	0.0000000000


-2.7819308293	0.1621846568	0.0000000000


-2.7332298504	0.0894373392	0.0000000000


-2.6791001677	0.0248430457	0.0000000000


-2.6201695141	-0.0312761880	0.0000000000


-2.5570664487	-0.0786030745	0.0000000000


-2.4904304155	-0.1168207408	0.0000000000


-2.4209228375	-0.1456097210	0.0000000000


-2.3492395659	-0.1646463749	0.0000000000


-2.2761250669	-0.1736029962	0.0000000000


-2.2023887822	-0.1721500788	0.0000000000


-2.1289241340	-0.1599614916	0.0000000000


-2.0567306355	-0.1367236888	0.0000000000


-1.9869394603	-0.1021506102	0.0000000000


-1.9208425269	-0.0560066233	0.0000000000


-1.8599245169	0.0018592181	0.0000000000


-1.8058959939	0.0714632177	0.0000000000


-1.7607235403	0.1526158439	0.0000000000


-1.7266490133	0.2448230104	0.0000000000


-1.7061840523	0.3471542393	0.0000000000


-1.7020576072	0.4580763334	0.0000000000


-1.7170847709	0.5752623591	0.0000000000


-1.7539195000	0.6954080564	0.0000000000


-1.8146632012	0.8141227390	0.0000000000


-1.9003429193	0.9259994565	0.0000000000


-2.0103577949	1.0249775745	0.0000000000


-2.1420946978	1.1050406381	0.0000000000


-2.2909482463	1.1611259410	0.0000000000


-2.4508543065	1.1899459281	0.0000000000


-2.6151918219	1.1904001362	0.0000000000


-2.7777174285	1.1634525909	0.0000000000


-2.9332282650	1.1116118867	0.0000000000


-3.0778425474	1.0382775206	0.0000000000


-3.2089678278	0.9471672526	0.0000000000


-3.3250963112	0.8419192502	0.0000000000


-3.4255469829	0.7258672702	0.0000000000


-3.5102248919	0.6019449509	0.0000000000


-3.5794261008	0.4726706585	0.0000000000


-3.6336922610	0.3401753028	0.0000000000


-3.6737080169	0.2062487804	0.0000000000


-3.7002315569	0.0723911255	0.0000000000


-3.7140492825	-0.0601386985	0.0000000000


-3.7159473689	-0.1902793957	0.0000000000


-3.7066948600	-0.3171301732	0.0000000000


-3.6870345056	-0.4399195972	0.0000000000


-3.6576787307	-0.5579797959	0.0000000000


-3.6193089772	-0.6707252025	0.0000000000


-3.5725772611	-0.7776350548	0.0000000000


-3.5181091934	-0.8782389501	0.0000000000


-3.4565080019	-0.9721048646	0.0000000000


-3.3883592864	-1.0588291495	0.0000000000


-3.3142363776	-1.1380281128	0.0000000000


-3.2347062764	-1.2093308791	0.0000000000


-3.1503362297	-1.2723733009	0.0000000000


-3.0617010716	-1.3267927591	0.0000000000


-2.9693915293	-1.3722237665	0.0000000000


-2.8740237653	-1.4082943653	0.0000000000


-2.7762505173	-1.4346234057	0.0000000000


-2.6767742913	-1.4508189218	0.0000000000


-2.5763631916	-1.4564780017	0.0000000000


-2.4758701012	-1.4511888192	0.0000000000


-2.3762560780	-1.4345358902	0.0000000000


-2.2786189513	-1.4061102313	0.0000000000


-2.1842281352	-1.3655270132	0.0000000000


-2.0945664526	-1.3124546796	0.0000000000


-2.0113789653	-1.2466615144	0.0000000000


-1.9367268008	-1.1680884046	0.0000000000


-1.8730395972	-1.0769599668	0.0000000000


-1.8231515211	-0.9739492855	0.0000000000


-1.7902902596	-0.8604111801	0.0000000000


-1.7779642031	-0.7386876216	0.0000000000


-1.7896650133	-0.6124524910	0.0000000000


-1.8282950184	-0.4869846219	0.0000000000


-1.8952982545	-0.3691450475	0.0000000000


-1.9896838586	-0.2667745194	0.0000000000


-2.1074218183	-0.1874045808	0.0000000000


-2.2417496280	-0.1366586405	0.0000000000


-2.3844543529	-0.1171263632	0.0000000000


-2.5275114842	-0.1282706880	0.0000000000


-2.6643021799	-0.1672209159	0.0000000000


-2.7900861725	-0.2298637543	0.0000000000


-2.9018934702	-0.3117508352	0.0000000000


-2.9981497152	-0.4086591869	0.0000000000


-3.0782654181	-0.5168529528	0.0000000000


-3.1422936622	-0.6331550717	0.0000000000


-3.1906797391	-0.7549207292	0.0000000000


-3.2240912249	-0.8799704882	0.0000000000


-3.2433081550	-1.0065139002	0.0000000000


-3.2491546872	-1.1330776938	0.0000000000


-3.2424581567	-1.2584437185	0.0000000000


-3.2240257283	-1.3815975403	0.0000000000


-3.1946321399	-1.5016867882	0.0000000000


-3.1550143315	-1.6179877620	0.0000000000


-3.1058702831	-1.7298787660	0.0000000000


-3.0478603795	-1.8368188006	0.0000000000


-2.9816102608	-1.9383304719	0.0000000000


-2.9077145231	-2.0339862005	0.0000000000


-2.8267408989	-2.1233970027	0.0000000000


-2.7392347105	-2.2062032746	0.0000000000


-2.6457235027	-2.2820671346	0.0000000000


-2.5467218349	-2.3506659797	0.0000000000


-2.4427362657	-2.4116869862	0.0000000000


-2.3342706044	-2.4648223519	0.0000000000


-2.2218315459	-2.5097651216	0.0000000000


-2.1059348398	-2.5462054884	0.0000000000


-1.9871121946	-2.5738275006	0.0000000000


-1.8659191717	-2.5923061538	0.0000000000


-1.7429443994	-2.6013048988	0.0000000000


-1.6188205308	-2.6004736750	0.0000000000


-1.4942375006	-2.5894476860	0.0000000000


-1.3699588026	-2.5678473012	0.0000000000


-1.2468417345	-2.5352797329	0.0000000000


-1.1258628405	-2.4913435597	0.0000000000


-1.0081501311	-2.4356378589	0.0000000000


-0.8950240344	-2.3677788461	0.0000000000


-0.7880493275	-2.2874287964	0.0000000000


-0.6891001805	-2.1943451176	0.0000000000


-0.6004391120	-2.0884624716	0.0000000000


-0.5248061943	-1.9700286810	0.0000000000


-0.4655030103	-1.8398261947	0.0000000000


-0.4264280734	-1.6995224399	0.0000000000


-0.4119626040	-1.5521906958	0.0000000000


-0.4265074587	-1.4029849987	0.0000000000


-0.4733782193	-1.2597455914	0.0000000000


-0.5529044201	-1.1328846690	0.0000000000


-0.6603765690	-1.0335908214	0.0000000000


-0.7856886737	-0.9703014746	0.0000000000


-0.9160127244	-0.9456633884	0.0000000000


-1.0398060343	-0.9565243327	0.0000000000


-1.1491783671	-0.9964255419	0.0000000000


-1.2399477996	-1.0581972603	0.0000000000


-1.3105947913	-1.1354132358	0.0000000000


-1.3611755384	-1.2228498677	0.0000000000


-1.3925572567	-1.3164440576	0.0000000000


-1.4059638361	-1.4130856221	0.0000000000


-1.4027308160	-1.5103957135	0.0000000000


-1.3841831111	-1.6065409705	0.0000000000


-1.3515798531	-1.7000910407	0.0000000000


-1.3060943388	-1.7899134678	0.0000000000


-1.2488115877	-1.8750973573	0.0000000000


-1.1807342177	-1.9548982180	0.0000000000


-1.1027917967	-2.0286981156	0.0000000000


-1.0158512086	-2.0959768630	0.0000000000


-0.9207268247	-2.1562912057	0.0000000000


-0.8181899182	-2.2092598551	0.0000000000


-0.7089770951	-2.2545528594	0.0000000000


-0.5937976695	-2.2918842414	0.0000000000


-0.4733399843	-2.3210071369	0.0000000000


-0.3482767001	-2.3417108799	0.0000000000


-0.2192690746	-2.3538196192	0.0000000000


-0.0869702438	-2.3571921488	0.0000000000


0.0479724951	-2.3517226897	0.0000000000


0.1849164133	-2.3373423976	0.0000000000


0.3232231102	-2.3140213832	0.0000000000


0.4622593186	-2.2817710336	0.0000000000


0.6013987618	-2.2406464182	0.0000000000


0.7400250409	-2.1907485488	0.0000000000


0.8775354989	-2.1322262555	0.0000000000


1.0133459622	-2.0652774380	0.0000000000


1.1468962033	-1.9901494581	0.0000000000


1.2776559124	-1.9071384662	0.0000000000


1.4051309084	-1.8165874969	0.0000000000


1.5288692736	-1.7188832334	0.0000000000


1.6484670645	-1.6144514223	0.0000000000


1.7635732536	-1.5037510162	0.0000000000


1.8738935765	-1.3872672154	0.0000000000


1.9791930221	-1.2655036766	0.0000000000


2.0792967872	-1.1389742244	0.0000000000


2.1740896239	-1.0081944444	0.0000000000


2.2635136197	-0.8736735477	0.0000000000


2.3475645631	-0.7359068647	0.0000000000


2.4262871291	-0.5953692679	0.0000000000


2.4997691889	-0.4525097391	0.0000000000


2.5681355689	-0.3077472016	0.0000000000


2.6315415865	-0.1614676446	0.0000000000


2.6901666545	-0.0140224835	0.0000000000


2.7442082004	0.1342719636	0.0000000000


2.7938760828	0.2831340481	0.0000000000


2.8393876270	0.4323155948	0.0000000000


2.8809633442	0.5816001279	0.0000000000


2.9188233492	0.7308006954	0.0000000000


2.9531844540	0.8797574490	0.0000000000


2.9842578877	1.0283351117	0.0000000000


3.0122475782	1.1764204372	0.0000000000


3.0373489203	1.3239197394	0.0000000000


3.0597479561	1.4707565497	0.0000000000


3.0796208944	1.6168694360	0.0000000000


3.0971339036	1.7622100050	0.0000000000


3.1124431186	1.9067410960	0.0000000000


3.1256948113	2.0504351654	0.0000000000


3.1370256815	2.1932728545	0.0000000000


3.1465632334	2.3352417301	0.0000000000


3.1544262097	2.4763351845	0.0000000000


3.1607250594	2.6165514793	0.0000000000


3.1655624235	2.7558929199	0.0000000000


3.1690336238	2.8943651445	0.0000000000


3.1712271456	3.0319765153	0.0000000000


3.1722251070	3.1687375988	0.0000000000


3.1721037098	3.3046607229	0.0000000000


3.1709336685	3.4397596021	0.0000000000


3.1687806159	3.5740490205	0.0000000000


3.1657054839	3.7075445645	0.0000000000


3.1617648593	3.8402623985	0.0000000000


3.1570113156	3.9722190775	0.0000000000


3.1514937204	4.1034313905	0.0000000000


3.1452575204	4.2339162315	0.0000000000


3.1383450049	4.3636904918	0.0000000000


3.1307955483	4.4927709729	0.0000000000


3.1226458343	4.6211743152	0.0000000000


3.1139300615	4.7489169399	0.0000000000


3.1046801332	4.8760150039	0.0000000000


3.0949258316	5.0024843630	0.0000000000


3.0846949777	5.1283405449	0.0000000000


3.0740135787	5.2535987274	0.0000000000


3.0629059630	5.3782737241	0.0000000000


3.0513949047	5.5023799736	0.0000000000


3.0395017375	5.6259315337	0.0000000000


3.0272464598	5.7489420781	0.0000000000


3.0146478313	5.8714248965	0.0000000000


3.0017234616	5.9933928964	0.0000000000


2.9884898922	6.1148586072	0.0000000000


2.9749626715	6.2358341855	0.0000000000


2.9611564243	6.3563314216	0.0000000000


2.9470849158	6.4763617467	0.0000000000


2.9327611100	6.5959362415	0.0000000000


2.9181972247	6.7150656442	0.0000000000


2.9034047814	6.8337603604	0.0000000000


2.8883946518	6.9520304714	0.0000000000


2.8731771005	7.0698857446	0.0000000000


2.8577618250	7.1873356422	0.0000000000


2.8421579920	7.3043893313	0.0000000000


2.8263742719	7.4210556928	0.0000000000


2.8104188700	7.5373433313	0.0000000000


2.7942995556	7.6532605838	0.0000000000


2.7780236899	7.7688155293	0.0000000000


2.7615982502	7.8840159967	0.0000000000


2.7450298541	7.9988695744	0.0000000000


2.7283247809	8.1133836182	0.0000000000


2.7114889921	8.2275652592	0.0000000000


2.6945281501	8.3414214122	0.0000000000


2.6774476359	8.4549587831	0.0000000000


2.6602525653	8.5681838763	0.0000000000


2.6429478047	8.6811030019	0.0000000000


2.6255379848	8.7937222825	0.0000000000


2.6080275143	8.9060476601	0.0000000000


2.5904205921	9.0180849023	0.0000000000


2.5727212194	9.1298396085	0.0000000000


2.5549332102	9.2413172162	0.0000000000


2.5370602017	9.3525230063	0.0000000000


2.5191056638	9.4634621087	0.0000000000


2.5010729081	9.5741395081	0.0000000000


2.4829650965	9.6845600483	0.0000000000


2.4647852488	9.7947284380	0.0000000000


2.4465362503	9.9046492548	0.0000000000


2.4282208588	10.0143269503	0.0000000000


2.4098417109	10.1237658541	0.0000000000


2.3914013286	10.2329701780	0.0000000000


2.3729021247	10.3419440204	0.0000000000


2.3543464084	10.4506913700	0.0000000000


2.3357363905	10.5592161092	0.0000000000


2.3170741884	10.6675220182	0.0000000000


2.2983618301	10.7756127782	0.0000000000


2.2796012591	10.8834919748	0.0000000000


2.2607943384	10.9911631010	0.0000000000


2.2419428539	11.0986295604	0.0000000000


2.2230485187	11.2058946704	0.0000000000


2.2041129758	11.3129616645	0.0000000000


2.1851378019	11.4198336955	0.0000000000


2.1661245104	11.5265138378	0.0000000000


2.1470745540	11.6330050901	0.0000000000


2.1279893278	11.7393103780	0.0000000000


2.1088701717	11.8454325558	0.0000000000


2.0897183728	11.9513744094	0.0000000000


2.0705351682	12.0571386578	0.0000000000


2.0513217465	12.1627279558	0.0000000000


2.0320792506	12.2681448956	0.0000000000


2.0128087792	12.3733920091	0.0000000000


1.9935113891	12.4784717692	0.0000000000


1.9741880966	12.5833865922	0.0000000000


1.9548398796	12.6881388391	0.0000000000


1.9354676790	12.7927308175	0.0000000000


1.9160724002	12.8971647833	0.0000000000


1.8966549148	13.0014429417	0.0000000000


1.8772160618	13.1055674495	0.0000000000


1.8577566492	13.2095404159	0.0000000000


1.8382774548	13.3133639042	0.0000000000


1.8187792281	13.4170399330	0.0000000000


1.7992626907	13.5205704776	0.0000000000


1.7797285379	13.6239574713	0.0000000000


1.7601774397	13.7272028063	0.0000000000


1.7406100417	13.8303083353	0.0000000000


1.7210269660	13.9332758724	0.0000000000


1.7014288123	14.0361071940	0.0000000000


1.6818161586	14.1388040403	0.0000000000


1.6621895620	14.2413681160	0.0000000000


1.6425495599	14.3438010912	0.0000000000


1.6228966702	14.4461046028	0.0000000000


1.6032313925	14.5482802548	0.0000000000


1.5835542082	14.6503296198	0.0000000000


1.5638655821	14.7522542394	0.0000000000


1.5441659621	14.8540556253	0.0000000000


1.5244557803	14.9557352600	0.0000000000


1.5047354535	15.0572945975	0.0000000000


1.4850053839	15.1587350642	0.0000000000


1.4652659591	15.2600580598	0.0000000000


1.4455175535	15.3612649574	0.0000000000


1.4257605278	15.4623571049	0.0000000000


1.4059952304	15.5633358252	0.0000000000


1.3862219971	15.6642024169	0.0000000000


1.3664411521	15.7649581552	0.0000000000


1.3466530078	15.8656042921	0.0000000000


1.3268578661	15.9661420575	0.0000000000


1.3070560179	16.0665726593	0.0000000000


1.2872477438	16.1668972840	0.0000000000


1.2674333147	16.2671170975	0.0000000000


1.2476129918	16.3672332456	0.0000000000


1.2277870271	16.4672468541	0.0000000000


1.2079556636	16.5671590298	0.0000000000


1.1881191358	16.6669708607	0.0000000000


1.1682776697	16.7666834164	0.0000000000


1.1484314833	16.8662977489	0.0000000000


1.1285807870	16.9658148926	0.0000000000


1.1087257834	17.0652358649	0.0000000000


1.0888666680	17.1645616669	0.0000000000


1.0690036292	17.2637932832	0.0000000000


1.0491368488	17.3629316829	0.0000000000


1.0292665017	17.4619778194	0.0000000000


1.0093927566	17.5609326315	0.0000000000


0.9895157763	17.6597970428	0.0000000000


0.9696357172	17.7585719632	0.0000000000


0.9497527302	17.8572582880	0.0000000000


0.9298669608	17.9558568992	0.0000000000


0.9099785488	18.0543686654	0.0000000000


0.8900876290	18.1527944423	0.0000000000


0.8701943312	18.2511350726	0.0000000000


0.8502987800	18.3493913868	0.0000000000


0.8304010958	18.4475642033	0.0000000000


0.8105013941	18.5456543284	0.0000000000


0.7905997861	18.6436625571	0.0000000000


0.7706963786	18.7415896730	0.0000000000


0.7507912746	18.8394364486	0.0000000000


0.7308845727	18.9372036457	0.0000000000


0.7109763680	19.0348920155	0.0000000000


0.6910667516	19.1325022989	0.0000000000


0.6711558112	19.2300352267	0.0000000000


0.6512436310	19.3274915199	0.0000000000


0.6313302916	19.4248718900	0.0000000000


0.6114158706	19.5221770389	0.0000000000


0.5915004424	19.6194076595	0.0000000000


0.5715840782	19.7165644356	0.0000000000


0.5516668465	19.8136480423	0.0000000000


0.5317488128	19.9106591461	0.0000000000


0.5118300399	20.0075984051	0.0000000000


0.4919105881	20.1044664694	0.0000000000


0.4719905149	20.2012639807	0.0000000000


0.4520698756	20.2979915734	0.0000000000


0.4321487231	20.3946498738	0.0000000000


0.4122271079	20.4912395011	0.0000000000


0.3923050784	20.5877610668	0.0000000000


0.3723826809	20.6842151755	0.0000000000


0.3524599598	20.7806024249	0.0000000000


0.3325369573	20.8769234057	0.0000000000


0.3126137141	20.9731787021	0.0000000000


0.2926902688	21.0693688915	0.0000000000


0.2727666586	21.1654945452	0.0000000000


0.2528429189	21.2615562281	0.0000000000


0.2329190837	21.3575544990	0.0000000000


0.2129951853	21.4534899110	0.0000000000


0.1930712551	21.5493630110	0.0000000000


0.1731473227	21.6451743403	0.0000000000


0.1532234167	21.7409244348	0.0000000000


0.1332995647	21.8366138247	0.0000000000


0.1133757929	21.9322430350	0.0000000000


0.0934521268	22.0278125853	0.0000000000


0.0735285907	22.1233229903	0.0000000000


0.0536052084	22.2187747594	0.0000000000


0.0336820026	22.3141683974	0.0000000000


0.0137589955	22.4095044039	0.0000000000


-0.0061637913	22.5047832739	0.0000000000


-0.0260863368	22.6000054979	0.0000000000


-0.0460086206	22.6951715615	0.0000000000


-0.0659306223	22.7902819461	0.0000000000


-0.0858523222	22.8853371284	0.0000000000


-0.1057737006	22.9803375809	0.0000000000


-0.1256947379	23.0752837716	0.0000000000


-0.1456154146	23.1701761644	0.0000000000


-0.1655357112	23.2650152187	0.0000000000


-0.1854556081	23.3598013899	0.0000000000


-0.2053750853	23.4545351291	0.0000000000


-0.2252941229	23.5492168832	0.0000000000


-0.2452127001	23.6438470948	0.0000000000


-0.2651307961	23.7384262025	0.0000000000


-0.2850483893	23.8329546404	0.0000000000


-0.3049654574	23.9274328385	0.0000000000


-0.3248819777	24.0218612222	0.0000000000


-0.3447979265	24.1162402128	0.0000000000


-0.3647132792	24.2105702267	0.0000000000


-0.3846280104	24.3048516758	0.0000000000


-0.4045420937	24.3990849673	0.0000000000


-0.4244555018	24.4932705033	0.0000000000


-0.4443682061	24.5874086809	0.0000000000


-0.4642801772	24.6814998918	0.0000000000


-0.4841913846	24.7755445225	0.0000000000


-0.5041017967	24.8695429536	0.0000000000


-0.5240113811	24.9634955597	0.0000000000


-0.5439201044	25.0574027095	0.0000000000


-0.5638279326	25.1512647655	0.0000000000


-0.5837348309	25.2450820835	0.0000000000


-0.6036407642	25.3388550128	0.0000000000


-0.6235456971	25.4325838961	0.0000000000


-0.6434495941	25.5262690692	0.0000000000


-0.6633524200	25.6199108611	0.0000000000


-0.6832541399	25.7135095942	0.0000000000


-0.7031547196	25.8070655840	0.0000000000


-0.7230541259	25.9005791399	0.0000000000


-0.7429523266	25.9940505647	0.0000000000


-0.7628492907	26.0874801555	0.0000000000


-0.7827449889	26.1808682035	0.0000000000


-0.8026393933	26.2742149946	0.0000000000


-0.8225324778	26.3675208100	0.0000000000


-0.8424242180	26.4607859258	0.0000000000


-0.8623145914	26.5540106143	0.0000000000


-0.8822035772	26.6471951435	0.0000000000


-0.9020911566	26.7403397782	0.0000000000


-0.9219773122	26.8334447794	0.0000000000


-0.9418620288	26.9265104057	0.0000000000


-0.9617452923	27.0195369126	0.0000000000


-0.9816270904	27.1125245531	0.0000000000


-1.0015074123	27.2054735781	0.0000000000


-1.0213862484	27.2983842361	0.0000000000


-1.0412635904	27.3912567739	0.0000000000


-1.0611394312	27.4840914363	0.0000000000


-1.0810137646	27.5768884662	0.0000000000


-1.1008865854	27.6696481052	0.0000000000


-1.1207578894	27.7623705930	0.0000000000


-1.1406276730	27.8550561680	0.0000000000


-1.1604959333	27.9477050668	0.0000000000


-1.1803626681	28.0403175249	0.0000000000


-1.2002278756	28.1328937762	0.0000000000


-1.2200915545	28.2254340531	0.0000000000


-1.2399537040	28.3179385868	0.0000000000


-1.2598143235	28.4104076069	0.0000000000


-1.2796734128	28.5028413417	0.0000000000


-1.2995309718	28.5952400180	0.0000000000


-1.3193870007	28.6876038614	0.0000000000


-1.3392414998	28.7799330958	0.0000000000


-1.3590944695	28.8722279439	0.0000000000


-1.3789459103	28.9644886267	0.0000000000


-1.3987958228	29.0567153639	0.0000000000


-1.4186442075	29.1489083738	0.0000000000


-1.4384910651	29.2410678731	0.0000000000


-1.4583363960	29.3331940769	0.0000000000


-1.4781802007	29.4252871990	0.0000000000


-1.4980224798	29.5173474515	0.0000000000


-1.5178632337	29.6093750451	0.0000000000


-1.5377024626	29.7013701889	0.0000000000


-1.5575401667	29.7933330903	0.0000000000


-1.5773763462	29.8852639554	0.0000000000


-1.5972110012	29.9771629885	0.0000000000


-1.6170441314	30.0690303924	0.0000000000


-1.6368757367	30.1608663683	0.0000000000


-1.6567058169	30.2526711157	0.0000000000


-1.6765343713	30.3444448328	0.0000000000


-1.6963613995	30.4361877159	0.0000000000


-1.7161869008	30.5278999598	0.0000000000


-1.7360108743	30.6195817577	0.0000000000


-1.7558333191	30.7112333012	0.0000000000


-1.7756542342	30.8028547801	0.0000000000


-1.7954736183	30.8944463829	0.0000000000


-1.8152914702	30.9860082963	0.0000000000


-1.8351077884	31.0775407055	0.0000000000


-1.8549225715	31.1690437940	0.0000000000


-1.8747358178	31.2605177437	0.0000000000


-1.8945475255	31.3519627350	0.0000000000


-1.9143576929	31.4433789466	0.0000000000


-1.9341663179	31.5347665557	0.0000000000


-1.9539733987	31.6261257380	0.0000000000


-1.9737789329	31.7174566675	0.0000000000


-1.9935829185	31.8087595165	0.0000000000


-2.0133853531	31.9000344561	0.0000000000


-2.0331862344	31.9912816556	0.0000000000


-2.0529855600	32.0825012829	0.0000000000


-2.0727833273	32.1736935043	0.0000000000


-2.0925795338	32.2648584845	0.0000000000


-2.1123741768	32.3559963869	0.0000000000


-2.1321672538	32.4471073732	0.0000000000


-2.1519587618	32.5381916037	0.0000000000


-2.1717486983	32.6292492373	0.0000000000


-2.1915370603	32.7202804314	0.0000000000


-2.2113238449	32.8112853417	0.0000000000


-2.2311090494	32.9022641228	0.0000000000


-2.2508926708	32.9932169278	0.0000000000


-2.2706747061	33.0841439082	0.0000000000


-2.2904551524	33.1750452143	0.0000000000


-2.3102340067	33.2659209948	0.0000000000


-2.3300112660	33.3567713971	0.0000000000


-2.3497869273	33.4475965675	0.0000000000


-2.3695609875	33.5383966504	0.0000000000


-2.3893334438	33.6291717894	0.0000000000


-2.4091042929	33.7199221264	0.0000000000


-2.4288735321	33.8106478021	0.0000000000


-2.4486411581	33.9013489559	0.0000000000


-2.4684071681	33.9920257259	0.0000000000


-2.4881715590	34.0826782489	0.0000000000


-2.5079343279	34.1733066605	0.0000000000


-2.5276954719	34.2639110950	0.0000000000


-2.5474549880	34.3544916854	0.0000000000


-2.5672128732	34.4450485635	0.0000000000


-2.5869691249	34.5355818599	0.0000000000


-2.6067237400	34.6260917040	0.0000000000


-2.6264767158	34.7165782240	0.0000000000


-2.6462280495	34.8070415470	0.0000000000


-2.6659777384	34.8974817986	0.0000000000


-2.6857257798	34.9878991037	0.0000000000


-2.7054721709	35.0782935858	0.0000000000


-2.7252169093	35.1686653673	0.0000000000


-2.7449599923	35.2590145695	0.0000000000


-2.7647014173	35.3493413126	0.0000000000


-2.7844411820	35.4396457156	0.0000000000


-2.8041792839	35.5299278966	0.0000000000


-2.8239157205	35.6201879725	0.0000000000


-2.8436504897	35.7104260593	0.0000000000


-2.8633835891	35.8006422717	0.0000000000


-2.8831150165	35.8908367235	0.0000000000


-2.9028447698	35.9810095275	0.0000000000


-2.9225728469	36.0711607955	0.0000000000


-2.9422992457	36.1612906383	0.0000000000


-2.9620239643	36.2513991655	0.0000000000


-2.9817470008	36.3414864861	0.0000000000


-3.0014683534	36.4315527079	0.0000000000


-3.0211880202	36.5215979377	0.0000000000


-3.0409059996	36.6116222814	0.0000000000


-3.0606222899	36.7016258441	0.0000000000


-3.0803368896	36.7916087299	0.0000000000


-3.1000497971	36.8815710419	0.0000000000


-3.1197610110	36.9715128824	0.0000000000


-3.1394705301	37.0614343527	0.0000000000


-3.1591783529	37.1513355534	0.0000000000


-3.1788844783	37.2412165842	0.0000000000


-3.1985889051	37.3310775436	0.0000000000


-3.2182916322	37.4209185298	0.0000000000


-3.2379926587	37.5107396398	0.0000000000


-3.2576919837	37.6005409698	0.0000000000


-3.2773896063	37.6903226153	0.0000000000


-3.2970855257	37.7800846709	0.0000000000


-3.3167797413	37.8698272304	0.0000000000


-3.3364722525	37.9595503869	0.0000000000


-3.3561630586	38.0492542327	0.0000000000


-3.3758521593	38.1389388592	0.0000000000


-3.3955395542	38.2286043572	0.0000000000


-3.4152252429	38.3182508166	0.0000000000


-3.4349092253	38.4078783268	0.0000000000


-3.4545915013	38.4974869762	0.0000000000


-3.4742720707	38.5870768525	0.0000000000


-3.4939509335	38.6766480429	0.0000000000


-3.5136280899	38.7662006338	0.0000000000


-3.5333035401	38.8557347107	0.0000000000


-3.5529772843	38.9452503588	0.0000000000


-3.5726493228	39.0347476622	0.0000000000


-3.5923196561	39.1242267046	0.0000000000


-3.6119882846	39.2136875689	0.0000000000


-3.6316552090	39.3031303375	0.0000000000


-3.6513204298	39.3925550921	0.0000000000


-3.6709839479	39.4819619136	0.0000000000


-3.6906457641	39.5713508825	0.0000000000


-3.7103058792	39.6607220785	0.0000000000


-3.7299642942	39.7500755808	0.0000000000


-3.7496210103	39.8394114680	0.0000000000


-3.7692760285	39.9287298180	0.0000000000


-3.7889293500	40.0180307081	0.0000000000


-3.8085809762	40.1073142152	0.0000000000


-3.8282309084	40.1965804156	0.0000000000


-3.8478791482	40.2858293847	0.0000000000


-3.8675256969	40.3750611977	0.0000000000


-3.8871705564	40.4642759293	0.0000000000


-3.9068137282	40.5534736532	0.0000000000


-3.9264552141	40.6426544431	0.0000000000


-3.9460950160	40.7318183718	0.0000000000


-3.9657331359	40.8209655117	0.0000000000


-3.9853695756	40.9100959347	0.0000000000


-4.0050043375	40.9992097123	0.0000000000


-4.0246374235	41.0883069153	0.0000000000


-4.0442688359	41.1773876140	0.0000000000


-4.0638985771	41.2664518785	0.0000000000


-4.0835266495	41.3554997781	0.0000000000


-4.1031530555	41.4445313817	0.0000000000


-4.1227777977	41.5335467579	0.0000000000


-4.1424008786	41.6225459747	0.0000000000


-4.1620223011	41.7115290997	0.0000000000


-4.1816420679	41.8004962001	0.0000000000


-4.2012601817	41.8894473424	0.0000000000


-4.2208766456	41.9783825931	0.0000000000


-4.2404914625	42.0673020179	0.0000000000


-4.2601046355	42.1562056823	0.0000000000


-4.2797161677	42.2450936512	0.0000000000


-4.2993260623	42.3339659894	0.0000000000


-4.3189343227	42.4228227610	0.0000000000


-4.3385409520	42.5116640299	0.0000000000


-4.3581459537	42.6004898595	0.0000000000


-4.3777493314	42.6893003129	0.0000000000


-4.3973510885	42.7780954528	0.0000000000


-4.4169512286	42.8668753416	0.0000000000


-4.4365497555	42.9556400411	0.0000000000


-4.4561466728	43.0443896131	0.0000000000


-4.4757419843	43.1331241188	0.0000000000


-4.4953356939	43.2218436192	0.0000000000


-4.5149278054	43.3105481749	0.0000000000


-4.5345183230	43.3992378463	0.0000000000


-4.5541072505	43.4879126931	0.0000000000


-4.5736945920	43.5765727753	0.0000000000


-4.5932803517	43.6652181521	0.0000000000


-4.6128645337	43.7538488825	0.0000000000


-4.6324471423	43.8424650254	0.0000000000


-4.6520281818	43.9310666392	0.0000000000


-4.6716076564	44.0196537822	0.0000000000


-4.6911855705	44.1082265122	0.0000000000


-4.7107619285	44.1967848871	0.0000000000


-4.7303367349	44.2853289640	0.0000000000


-4.7499099941	44.3738588003	0.0000000000


-4.7694817105	44.4623744528	0.0000000000


-4.7890518888	44.5508759782	0.0000000000


-4.8086205335	44.6393634330	0.0000000000


-4.8281876491	44.7278368732	0.0000000000


-4.8477532402	44.8162963549	0.0000000000


-4.8673173115	44.9047419338	0.0000000000


-4.8868798674	44.9931736655	0.0000000000


-4.9064409127	45.0815916053	0.0000000000


-4.9260004519	45.1699958083	0.0000000000


-4.9455584896	45.2583863294	0.0000000000


-4.9651150305	45.3467632234	0.0000000000


-4.9846700790	45.4351265448	0.0000000000


-5.0042236397	45.5234763478	0.0000000000


-5.0237757171	45.6118126867	0.0000000000


-5.0433263156	45.7001356154	0.0000000000


-5.0628754397	45.7884451876	0.0000000000


-5.0824230938	45.8767414570	0.0000000000


-5.1019692821	45.9650244769	0.0000000000


-5.1215140088	46.0532943004	0.0000000000


-5.1410572781	46.1415509807	0.0000000000


-5.1605990940	46.2297945705	0.0000000000


-5.1801394604	46.3180251223	0.0000000000


-5.1996783813	46.4062426885	0.0000000000


-5.2192158602	46.4944473212	0.0000000000


-5.2387519009	46.5826390723	0.0000000000


-5.2582865067	46.6708179934	0.0000000000


-5.2778196810	46.7589841358	0.0000000000


-5.2973514268	46.8471375506	0.0000000000


-5.3168817474	46.9352782884	0.0000000000


-5.3364106454	47.0234063997	0.0000000000


-5.3559381236	47.1115219343	0.0000000000


-5.3754641846	47.1996249420	0.0000000000


-5.3949888308	47.2877154719	0.0000000000


-5.4145120644	47.3757935727	0.0000000000


-5.4340338876	47.4638592928	0.0000000000


-5.4535543025	47.5519126799	0.0000000000


-5.4730733110	47.6399537813	0.0000000000


-5.4925909149	47.7279826439	0.0000000000


-5.5121071161	47.8159993138	0.0000000000


-5.5316219165	47.9040038370	0.0000000000


-5.5511353176	47.9919962587	0.0000000000


-5.5706473214	48.0799766236	0.0000000000


-5.5901579297	48.1679449761	0.0000000000


-5.6096671443	48.2559013600	0.0000000000


-5.6291749672	48.3438458187	0.0000000000


-5.6486814003	48.4317783951	0.0000000000


-5.6681864458	48.5196991320	0.0000000000


-5.6876901058	48.6076080715	0.0000000000


-5.7071923826	48.6955052554	0.0000000000


-5.7266932785	48.7833907255	0.0000000000


-5.7461927961	48.8712645228	0.0000000000


-5.7656909380	48.9591266886	0.0000000000


-5.7851877068	49.0469772634	0.0000000000


-5.8046831054	49.1348162879	0.0000000000


-5.8241771365	49.2226438023	0.0000000000


-5.8436698032	49.3104598468	0.0000000000


-5.8631611086	49.3982644612	0.0000000000


-5.8826510557	49.4860576853	0.0000000000


-5.9021396477	49.5738395588	0.0000000000


-5.9216268880	49.6616101209	0.0000000000


-5.9411127798	49.7493694110	0.0000000000


-5.9605973265	49.8371174682	0.0000000000


-5.9800805316	49.9248543315	0.0000000000


-5.9995623985	50.0125800397	0.0000000000


-6.0190429308	50.1002946315	0.0000000000


-6.0385221319	50.1879981456	0.0000000000


-6.0580000055	50.2756906203	0.0000000000


-6.0774765550	50.3633720941	0.0000000000


-6.0969517842	50.4510426051	0.0000000000


-6.1164256966	50.5387021915	0.0000000000


-6.1358982958	50.6263508910	0.0000000000


-6.1553695855	50.7139887417	0.0000000000


-6.1748395693	50.8016157812	0.0000000000


-6.1943082507	50.8892320471	0.0000000000


-6.2137756335	50.9768375769	0.0000000000


-6.2332417213	51.0644324078	0.0000000000


-6.2527065175	51.1520165771	0.0000000000


-6.2721700259	51.2395901218	0.0000000000


-6.2916322499	51.3271530789	0.0000000000


-6.3110931932	51.4147054851	0.0000000000


-6.3305528592	51.5022473772	0.0000000000


-6.3500112514	51.5897787916	0.0000000000


-6.3694683734	51.6772997649	0.0000000000


-6.3889242286	51.7648103331	0.0000000000


-6.4083788205	51.8523105325	0.0000000000


-6.4278321523	51.9398003990	0.0000000000


-6.4472842276	52.0272799685	0.0000000000


-6.4667350497	52.1147492766	0.0000000000


-6.4861846219	52.2022083589	0.0000000000


-6.5056329474	52.2896572508	0.0000000000


-6.5250800296	52.3770959875	0.0000000000


-6.5445258717	52.4645246042	0.0000000000


-6.5639704769	52.5519431358	0.0000000000


-6.5834138484	52.6393516171	0.0000000000


-6.6028559892	52.7267500828	0.0000000000


-6.6222969025	52.8141385673	0.0000000000


-6.6417365914	52.9015171051	0.0000000000


-6.6611750589	52.9888857303	0.0000000000


-6.6806123080	53.0762444769	0.0000000000


-6.7000483417	53.1635933789	0.0000000000


-6.7194831629	53.2509324699	0.0000000000


-6.7389167746	53.3382617836	0.0000000000


-6.7583491796	53.4255813534	0.0000000000


-6.7777803808	53.5128912125	0.0000000000


-6.7972103810	53.6001913940	0.0000000000


-6.8166391830	53.6874819310	0.0000000000


-6.8360667895	53.7747628561	0.0000000000


-6.8554932032	53.8620342020	0.0000000000


-6.8749184269	53.9492960011	0.0000000000


-6.8943424632	54.0365482859	0.0000000000


-6.9137653148	54.1237910884	0.0000000000


-6.9331869842	54.2110244406	0.0000000000


-6.9526074740	54.2982483744	0.0000000000


-6.9720267869	54.3854629214	0.0000000000


-6.9914449252	54.4726681132	0.0000000000


-7.0108618914	54.5598639812	0.0000000000


-7.0302776882	54.6470505564	0.0000000000


-7.0496923178	54.7342278700	0.0000000000


-7.0691057827	54.8213959528	0.0000000000


-7.0885180854	54.9085548356	0.0000000000


-7.1079292280	54.9957045489	0.0000000000


-7.1273392131	55.0828451231	0.0000000000


-7.1467480428	55.1699765885	0.0000000000


-7.1661557196	55.2570989752	0.0000000000


-7.1855622455	55.3442123131	0.0000000000


-7.2049676230	55.4313166320	0.0000000000


-7.2243718542	55.5184119615	0.0000000000


-7.2437749413	55.6054983311	0.0000000000


-7.2631768865	55.6925757700	0.0000000000


-7.2825776920	55.7796443075	0.0000000000


-7.3019773598	55.8667039725	0.0000000000


-7.3213758922	55.9537547939	0.0000000000


-7.3407732911	56.0407968004	0.0000000000


-7.3601695588	56.1278300205	0.0000000000


-7.3795646972	56.2148544826	0.0000000000


-7.3989587083	56.3018702150	0.0000000000


-7.4183515943	56.3888772457	0.0000000000


-7.4377433571	56.4758756027	0.0000000000


-7.4571339987	56.5628653137	0.0000000000


-7.4765235211	56.6498464064	0.0000000000


-7.4959119263	56.7368189083	0.0000000000


-7.5152992162	56.8237828467	0.0000000000


-7.5346853927	56.9107382488	0.0000000000


-7.5540704578	56.9976851417	0.0000000000


-7.5734544133	57.0846235522	0.0000000000


-7.5928372612	57.1715535072	0.0000000000


-7.6122190034	57.2584750332	0.0000000000


-7.6315996416	57.3453881566	0.0000000000


-7.6509791778	57.4322929039	0.0000000000


-7.6703576139	57.5191893012	0.0000000000


-7.6897349516	57.6060773745	0.0000000000


-7.7091111927	57.6929571497	0.0000000000


-7.7284863392	57.7798286527	0.0000000000


-7.7478603928	57.8666919090	0.0000000000


-7.7672333553	57.9535469441	0.0000000000


-7.7866052284	58.0403937833	0.0000000000


-7.8059760140	58.1272324519	0.0000000000


-7.8253457139	58.2140629750	0.0000000000


-7.8447143298	58.3008853774	0.0000000000


-7.8640818634	58.3876996840	0.0000000000


-7.8834483166	58.4745059195	0.0000000000


-7.9028136910	58.5613041083	0.0000000000


-7.9221779885	58.6480942750	0.0000000000


-7.9415412107	58.7348764437	0.0000000000


-7.9609033594	58.8216506387	0.0000000000


-7.9802644362	58.9084168839	0.0000000000


-7.9996244431	58.9951752033	0.0000000000


-8.0189833815	59.0819256205	0.0000000000


-8.0383412533	59.1686681593	0.0000000000


-8.0576980602	59.2554028432	0.0000000000


-8.0770538038	59.3421296955	0.0000000000


-8.0964084859	59.4288487395	0.0000000000


-8.1157621083	59.5155599983	0.0000000000


-8.1351146725	59.6022634950	0.0000000000


-8.1544661803	59.6889592524	0.0000000000


-8.1738166333	59.7756472934	0.0000000000


-8.1931660334	59.8623276406	0.0000000000


-8.2125143822	59.9490003164	0.0000000000


-8.2318616813	60.0356653435	0.0000000000


-8.2512079325	60.1223227440	0.0000000000


-8.2705531375	60.2089725402	0.0000000000


-8.2898972979	60.2956147541	0.0000000000


-8.3092404155	60.3822494076	0.0000000000


-8.3285824920	60.4688765227	0.0000000000


-8.3479235291	60.5554961211	0.0000000000


-8.3672635284	60.6421082244	0.0000000000


-8.3866024917	60.7287128541	0.0000000000


-8.4059404207	60.8153100316	0.0000000000


-8.4252773171	60.9018997782	0.0000000000


-8.4446131826	60.9884821151	0.0000000000


-8.4639480190	61.0750570634	0.0000000000


-8.4832818278	61.1616246441	0.0000000000


-8.5026146110	61.2481848780	0.0000000000


-8.5219463701	61.3347377859	0.0000000000


-8.5412771070	61.4212833885	0.0000000000


-8.5606068233	61.5078217064	0.0000000000


-8.5799355208	61.5943527599	0.0000000000


-8.5992632013	61.6808765696	0.0000000000


-8.6185898664	61.7673931555	0.0000000000


-8.6379155180	61.8539025380	0.0000000000


-8.6572401578	61.9404047371	0.0000000000


-8.6765637875	62.0268997726	0.0000000000


-8.6958864090	62.1133876647	0.0000000000


-8.7152080240	62.1998684329	0.0000000000


-8.7345286343	62.2863420971	0.0000000000


-8.7538482416	62.3728086767	0.0000000000


-8.7731668479	62.4592681914	0.0000000000


-8.7924844548	62.5457206605	0.0000000000


-8.8118010642	62.6321661034	0.0000000000


-8.8311166779	62.7186045393	0.0000000000


-8.8504312977	62.8050359874	0.0000000000


-8.8697449254	62.8914604667	0.0000000000


-8.8890575629	62.9778779962	0.0000000000


-8.9083692121	63.0642885948	0.0000000000


-8.9276798748	63.1506922814	0.0000000000


-8.9469895527	63.2370890746	0.0000000000


-8.9662982479	63.3234789931	0.0000000000


-8.9856059622	63.4098620555	0.0000000000


-9.0049126974	63.4962382803	0.0000000000


-9.0242184555	63.5826076859	0.0000000000


-9.0435232384	63.6689702906	0.0000000000


-9.0628270479	63.7553261128	0.0000000000


-9.0821298860	63.8416751705	0.0000000000


-9.1014317546	63.9280174819	0.0000000000


-9.1207326556	64.0143530651	0.0000000000


-9.1400325910	64.1006819380	0.0000000000


-9.1593315627	64.1870041185	0.0000000000


-9.1786295728	64.2733196245	0.0000000000


-9.1979266230	64.3596284736	0.0000000000


-9.2172227156	64.4459306837	0.0000000000


-9.2365178523	64.5322262724	0.0000000000


-9.2558120352	64.6185152571	0.0000000000


-9.2751052664	64.7047976555	0.0000000000


-9.2943975477	64.7910734850	0.0000000000


-9.3136888813	64.8773427629	0.0000000000


-9.3329792692	64.9636055065	0.0000000000


-9.3522687133	65.0498617332	0.0000000000


-9.3715572158	65.1361114601	0.0000000000


-9.3908447786	65.2223547045	0.0000000000


-9.4101314039	65.3085914833	0.0000000000


-9.4294170936	65.3948218136	0.0000000000


-9.4487018499	65.4810457125	0.0000000000


-9.4679856749	65.5672631968	0.0000000000


-9.4872685705	65.6534742835	0.0000000000


-9.5065505389	65.7396789893	0.0000000000


-9.5258315822	65.8258773312	0.0000000000


-9.5451117025	65.9120693258	0.0000000000


-9.5643909018	65.9982549898	0.0000000000


-9.5836691823	66.0844343400	0.0000000000


-9.6029465460	66.1706073929	0.0000000000


-9.6222229951	66.2567741651	0.0000000000


-9.6414985316	66.3429346731	0.0000000000


-9.6607731577	66.4290889335	0.0000000000


-9.6800468755	66.5152369627	0.0000000000


-9.6993196869	66.6013787772	0.0000000000


-9.7185915943	66.6875143932	0.0000000000


-9.7378625995	66.7736438273	0.0000000000


-9.7571327047	66.8597670957	0.0000000000


-9.7764019119	66.9458842146	0.0000000000


-9.7956702233	67.0319952004	0.0000000000


-9.8149376408	67.1181000693	0.0000000000


-9.8342041664	67.2041988374	0.0000000000


-9.8534698023	67.2902915209	0.0000000000


-9.8727345503	67.3763781359	0.0000000000


-9.8919984125	67.4624586985	0.0000000000


-9.9112613908	67.5485332247	0.0000000000


-9.9305234871	67.6346017306	0.0000000000


-9.9497847033	67.7206642321	0.0000000000


-9.9690450412	67.8067207450	0.0000000000


-9.9883045028	67.8927712854	0.0000000000


-10.0075630898	67.9788158689	0.0000000000


-10.0268208040	68.0648545113	0.0000000000


-10.0460776470	68.1508872283	0.0000000000


-10.0653336206	68.2369140356	0.0000000000


-10.0845887264	68.3229349487	0.0000000000


-10.1038429661	68.4089499831	0.0000000000


-10.1230963411	68.4949591541	0.0000000000


-10.1423488531	68.5809624770	0.0000000000


-10.1616005035	68.6669599670	0.0000000000


-10.1808512938	68.7529516393	0.0000000000


-10.2001012254	68.8389375088	0.0000000000


-10.2193502998	68.9249175904	0.0000000000


-10.2385985184	69.0108918989	0.0000000000


-10.2578458824	69.0968604489	0.0000000000


-10.2770923934	69.1828232549	0.0000000000


-10.2963380526	69.2687803314	0.0000000000


-10.3155828615	69.3547316928	0.0000000000


-10.3348268213	69.4406773532	0.0000000000


-10.3540699335	69.5266173268	0.0000000000


-10.3733121995	69.6125516276	0.0000000000


-10.3925536207	69.6984802695	0.0000000000


-10.4117941985	69.7844032664	0.0000000000


-10.4310339343	69.8703206321	0.0000000000


-10.4502728295	69.9562323802	0.0000000000


-10.4695108858	70.0421385245	0.0000000000


-10.4887481044	70.1280390784	0.0000000000


-10.5079844871	70.2139340556	0.0000000000


-10.5272200352	70.2998234693	0.0000000000


-10.5464547503	70.3857073331	0.0000000000


-10.5656886341	70.4715856603	0.0000000000


-10.5849216881	70.5574584642	0.0000000000


-10.6041539139	70.6433257581	0.0000000000


-10.6233853131	70.7291875552	0.0000000000


-10.6426158874	70.8150438686	0.0000000000


-10.6618456384	70.9008947116	0.0000000000


-10.6810745677	70.9867400973	0.0000000000


-10.7003026771	71.0725800387	0.0000000000


-10.7195299681	71.1584145489	0.0000000000


-10.7387564426	71.2442436409	0.0000000000


-10.7579821021	71.3300673277	0.0000000000


-10.7772069483	71.4158856223	0.0000000000


-10.7964309830	71.5016985376	0.0000000000


-10.8156542079	71.5875060865	0.0000000000


-10.8348766247	71.6733082819	0.0000000000


-10.8540982350	71.7591051366	0.0000000000


-10.8733190406	71.8448966635	0.0000000000


-10.8925390431	71.9306828752	0.0000000000


-10.9117582444	72.0164637847	0.0000000000


-10.9309766460	72.1022394045	0.0000000000


-10.9501942497	72.1880097475	0.0000000000


-10.9694110572	72.2737748262	0.0000000000


-10.9886270701	72.3595346534	0.0000000000


-11.0078422902	72.4452892415	0.0000000000


-11.0270567192	72.5310386033	0.0000000000


-11.0462703586	72.6167827512	0.0000000000


-11.0654832103	72.7025216978	0.0000000000


-11.0846952758	72.7882554555	0.0000000000


-11.1039065568	72.8739840369	0.0000000000


-11.1231170549	72.9597074543	0.0000000000


-11.1423267719	73.0454257201	0.0000000000


-11.1615357093	73.1311388467	0.0000000000


-11.1807438687	73.2168468464	0.0000000000


-11.1999512518	73.3025497315	0.0000000000


-11.2191578602	73.3882475142	0.0000000000


-11.2383636955	73.4739402068	0.0000000000


-11.2575687593	73.5596278215	0.0000000000


-11.2767730531	73.6453103705	0.0000000000


-11.2959765786	73.7309878657	0.0000000000


-11.3151793373	73.8166603194	0.0000000000


-11.3343813307	73.9023277436	0.0000000000


-11.3535825605	73.9879901503	0.0000000000


-11.3727830280	74.0736475514	0.0000000000


-11.3919827350	74.1592999590	0.0000000000


-11.4111816828	74.2449473848	0.0000000000


-11.4303798730	74.3305898409	0.0000000000


-11.4495773070	74.4162273390	0.0000000000


-11.4687739865	74.5018598909	0.0000000000


-11.4879699128	74.5874875084	0.0000000000


-11.5071650874	74.6731102032	0.0000000000


-11.5263595117	74.7587279869	0.0000000000


-11.5455531873	74.8443408713	0.0000000000


-11.5647461155	74.9299488678	0.0000000000


-11.5839382978	75.0155519882	0.0000000000


-11.6031297357	75.1011502439	0.0000000000


-11.6223204304	75.1867436464	0.0000000000


-11.6415103834	75.2723322072	0.0000000000


-11.6606995961	75.3579159377	0.0000000000


-11.6798880699	75.4434948492	0.0000000000


-11.6990758061	75.5290689531	0.0000000000


-11.7182628062	75.6146382607	0.0000000000


-11.7374490714	75.7002027832	0.0000000000


-11.7566346031	75.7857625318	0.0000000000


-11.7758194026	75.8713175179	0.0000000000


-11.7950034713	75.9568677523	0.0000000000


-11.8141868105	76.0424132464	0.0000000000


-11.8333694214	76.1279540111	0.0000000000


-11.8525513054	76.2134900574	0.0000000000


-11.8717324638	76.2990213964	0.0000000000


-11.8909128978	76.3845480389	0.0000000000


-11.9100926088	76.4700699959	0.0000000000


-11.9292715980	76.5555872783	0.0000000000


-11.9484498666	76.6410998968	0.0000000000


-11.9676274158	76.7266078622	0.0000000000


-11.9868042471	76.8121111854	0.0000000000


-12.0059803614	76.8976098769	0.0000000000


-12.0251557602	76.9831039474	0.0000000000


-12.0443304446	77.0685934077	0.0000000000


-12.0635044158	77.1540782681	0.0000000000


-12.0826776750	77.2395585394	0.0000000000


-12.1018502235	77.3250342320	0.0000000000


-12.1210220624	77.4105053563	0.0000000000


-12.1401931928	77.4959719229	0.0000000000


-12.1593636160	77.5814339420	0.0000000000


-12.1785333332	77.6668914240	0.0000000000


-12.1977023454	77.7523443793	0.0000000000


-12.2168706539	77.8377928181	0.0000000000


-12.2360382598	77.9232367506	0.0000000000


-12.2552051642	78.0086761870	0.0000000000


-12.2743713683	78.0941111375	0.0000000000


-12.2935368733	78.1795416122	0.0000000000


-12.3127016801	78.2649676212	0.0000000000


-12.3318657901	78.3503891744	0.0000000000


-12.3510292042	78.4358062820	0.0000000000


-12.3701919235	78.5212189538	0.0000000000


-12.3893539493	78.6066271997	0.0000000000


-12.4085152826	78.6920310298	0.0000000000


-12.4276759244	78.7774304537	0.0000000000


-12.4468358759	78.8628254813	0.0000000000


-12.4659951381	78.9482161224	0.0000000000


-12.4851537122	79.0336023866	0.0000000000


-12.5043115992	79.1189842838	0.0000000000


-12.5234688001	79.2043618235	0.0000000000


-12.5426253161	79.2897350154	0.0000000000


-12.5617811482	79.3751038690	0.0000000000


-12.5809362975	79.4604683939	0.0000000000


-12.6000907649	79.5458285996	0.0000000000


-12.6192445517	79.6311844955	0.0000000000


-12.6383976587	79.7165360912	0.0000000000


-12.6575500871	79.8018833959	0.0000000000


-12.6767018379	79.8872264191	0.0000000000


-12.6958529121	79.9725651700	0.0000000000


-12.7150033108	80.0578996580	0.0000000000


-12.7341530350	80.1432298923	0.0000000000


-12.7533020857	80.2285558822	0.0000000000


-12.7724504639	80.3138776367	0.0000000000


-12.7915981708	80.3991951651	0.0000000000


-12.8107452072	80.4845084765	0.0000000000


-12.8298915742	80.5698175799	0.0000000000


-12.8490372728	80.6551224843	0.0000000000


-12.8681823040	80.7404231988	0.0000000000


-12.8873266689	80.8257197324	0.0000000000


-12.9064703685	80.9110120940	0.0000000000


-12.9256134036	80.9963002924	0.0000000000


-12.9447557755	81.0815843366	0.0000000000


-12.9638974850	81.1668642354	0.0000000000


-12.9830385331	81.2521399976	0.0000000000


-13.0021789209	81.3374116319	0.0000000000


-13.0213186494	81.4226791471	0.0000000000


-13.0404577195	81.5079425519	0.0000000000


-13.0595961323	81.5932018550	0.0000000000


-13.0787338887	81.6784570649	0.0000000000


-13.0978709897	81.7637081903	0.0000000000


-13.1170074363	81.8489552398	0.0000000000


-13.1361432296	81.9341982219	0.0000000000


-13.1552783705	82.0194371451	0.0000000000


-13.1744128600	82.1046720179	0.0000000000


-13.1935466990	82.1899028487	0.0000000000


-13.2126798887	82.2751296460	0.0000000000


-13.2318124299	82.3603524181	0.0000000000


-13.2509443236	82.4455711733	0.0000000000


-13.2700755709	82.5307859200	0.0000000000


-13.2892061728	82.6159966665	0.0000000000


-13.3083361301	82.7012034211	0.0000000000


-13.3274654440	82.7864061919	0.0000000000


-13.3465941153	82.8716049872	0.0000000000


-13.3657221451	82.9567998152	0.0000000000


-13.3848495345	83.0419906839	0.0000000000


-13.4039762842	83.1271776016	0.0000000000


-13.4231023955	83.2123605762	0.0000000000


-13.4422278692	83.2975396158	0.0000000000


-13.4613527063	83.3827147286	0.0000000000


-13.4804769079	83.4678859224	0.0000000000


-13.4996004748	83.5530532052	0.0000000000


-13.5187234083	83.6382165850	0.0000000000


-13.5378457091	83.7233760698	0.0000000000


-13.5569673784	83.8085316673	0.0000000000


-13.5760884170	83.8936833855	0.0000000000


-13.5952088261	83.9788312322	0.0000000000


-13.6143286067	84.0639752152	0.0000000000


-13.6334477596	84.1491153423	0.0000000000


-13.6525662860	84.2342516213	0.0000000000


-13.6716841867	84.3193840599	0.0000000000


-13.6908014630	84.4045126658	0.0000000000


-13.7099181157	84.4896374467	0.0000000000


-13.7290341458	84.5747584103	0.0000000000


-13.7481495544	84.6598755641	0.0000000000


-13.7672643426	84.7449889159	0.0000000000


-13.7863785112	84.8300984732	0.0000000000


-13.8054920613	84.9152042436	0.0000000000


-13.8246049940	85.0003062346	0.0000000000


-13.8437173103	85.0854044538	0.0000000000


-13.8628290111	85.1704989086	0.0000000000


-13.8819400976	85.2555896065	0.0000000000


-13.9010505707	85.3406765551	0.0000000000


-13.9201604315	85.4257597617	0.0000000000


-13.9392696810	85.5108392337	0.0000000000


-13.9583783203	85.5959149786	0.0000000000


-13.9774863503	85.6809870037	0.0000000000


-13.9965937722	85.7660553164	0.0000000000


-14.0157005869	85.8511199241	0.0000000000


-14.0348067956	85.9361808340	0.0000000000


-14.0539123992	86.0212380534	0.0000000000


-14.0730173988	86.1062915897	0.0000000000


-14.0921217955	86.1913414501	0.0000000000


-14.1112255902	86.2763876418	0.0000000000


-14.1303287841	86.3614301722	0.0000000000


-14.1494313783	86.4464690483	0.0000000000


-14.1685333737	86.5315042775	0.0000000000


-14.1876347714	86.6165358668	0.0000000000


-14.2067355725	86.7015638236	0.0000000000


-14.2258357781	86.7865881548	0.0000000000


-14.2449353891	86.8716088678	0.0000000000


-14.2640344068	86.9566259695	0.0000000000


-14.2831328320	87.0416394671	0.0000000000


-14.3022306660	87.1266493678	0.0000000000


-14.3213279097	87.2116556785	0.0000000000


-14.3404245642	87.2966584065	0.0000000000


-14.3595206306	87.3816575587	0.0000000000


-14.3786161099	87.4666531422	0.0000000000


-14.3977110033	87.5516451641	0.0000000000


-14.4168053116	87.6366336314	0.0000000000


-14.4358990361	87.7216185511	0.0000000000


-14.4549921777	87.8065999302	0.0000000000


-14.4740847376	87.8915777757	0.0000000000


-14.4931767166	87.9765520946	0.0000000000


-14.5122681160	88.0615228940	0.0000000000


-14.5313589366	88.1464901807	0.0000000000


-14.5504491796	88.2314539618	0.0000000000


-14.5695388460	88.3164142441	0.0000000000


-14.5886279367	88.4013710347	0.0000000000


-14.6077164527	88.4863243404	0.0000000000


-14.6268043951	88.5712741682	0.0000000000


-14.6458917649	88.6562205249	0.0000000000


-14.6649785629	88.7411634175	0.0000000000


-14.6840647903	88.8261028528	0.0000000000


-14.7031504478	88.9110388377	0.0000000000


-14.7222355364	88.9959713789	0.0000000000


-14.7413200571	89.0809004834	0.0000000000


-14.7604040107	89.1658261578	0.0000000000


-14.7794873982	89.2507484090	0.0000000000


-14.7985702204	89.3356672436	0.0000000000


-14.8176524781	89.4205826684	0.0000000000


-14.8367341723	89.5054946901	0.0000000000


-14.8558153038	89.5904033152	0.0000000000


-14.8748958733	89.6753085504	0.0000000000


-14.8939758817	89.7602104021	0.0000000000


-14.9130553298	89.8451088771	0.0000000000


-14.9321342184	89.9300039816	0.0000000000


-14.9512125484	90.0148957223	0.0000000000


-14.9702903204	90.0997841054	0.0000000000


-14.9893675354	90.1846691374	0.0000000000


-15.0084441940	90.2695508246	0.0000000000


-15.0275202972	90.3544291733	0.0000000000


-15.0465958456	90.4393041898	0.0000000000


-15.0656708401	90.5241758803	0.0000000000


-15.0847452815	90.6090442510	0.0000000000


-15.1038191706	90.6939093082	0.0000000000


-15.1228925083	90.7787710579	0.0000000000


-15.1419652953	90.8636295063	0.0000000000


-15.1610375325	90.9484846595	0.0000000000


-15.1801092207	91.0333365237	0.0000000000


-15.1991803608	91.1181851049	0.0000000000


-15.2182509536	91.2030304091	0.0000000000


-15.2373210000	91.2878724423	0.0000000000


-15.2563905007	91.3727112107	0.0000000000


-15.2754594568	91.4575467202	0.0000000000


-15.2945278691	91.5423789768	0.0000000000


-15.3135957384	91.6272079864	0.0000000000


-15.3326630656	91.7120337552	0.0000000000


-15.3517298516	91.7968562889	0.0000000000


-15.3707960973	91.8816755936	0.0000000000


-15.3898618036	91.9664916751	0.0000000000


-15.4089269713	92.0513045395	0.0000000000


-15.4279916014	92.1361141925	0.0000000000


-15.4470556947	92.2209206402	0.0000000000


-15.4661192522	92.3057238884	0.0000000000


-15.4851822748	92.3905239429	0.0000000000


-15.5042447632	92.4753208097	0.0000000000


-15.5233067185	92.5601144946	0.0000000000


-15.5423681416	92.6449050035	0.0000000000


-15.5614290332	92.7296923421	0.0000000000


-15.5804893945	92.8144765164	0.0000000000


-15.5995492261	92.8992575321	0.0000000000


-15.6186085290	92.9840353950	0.0000000000


-15.6376673042	93.0688101110	0.0000000000


-15.6567255525	93.1535816858	0.0000000000


-15.6757832747	93.2383501252	0.0000000000


-15.6948404719	93.3231154351	0.0000000000


-15.7138971448	93.4078776210	0.0000000000


-15.7329532943	93.4926366888	0.0000000000


-15.7520089214	93.5773926442	0.0000000000


-15.7710640270	93.6621454930	0.0000000000


-15.7901186118	93.7468952408	0.0000000000


-15.8091726767	93.8316418933	0.0000000000


-15.8282262227	93.9163854563	0.0000000000


-15.8472792506	94.0011259355	0.0000000000


-15.8663317613	94.0858633364	0.0000000000


-15.8853837556	94.1705976647	0.0000000000


-15.9044352344	94.2553289261	0.0000000000


-15.9234861985	94.3400571263	0.0000000000


-15.9425366488	94.4247822708	0.0000000000


-15.9615865861	94.5095043652	0.0000000000


-15.9806360113	94.5942234152	0.0000000000


-15.9996849253	94.6789394263	0.0000000000


-16.0187333287	94.7636524041	0.0000000000


-16.0377812226	94.8483623542	0.0000000000


-16.0568286077	94.9330692820	0.0000000000


-16.0758754848	95.0177731932	0.0000000000


-16.0949218547	95.1024740933	0.0000000000


-16.1139677184	95.1871719877	0.0000000000


-16.1330130765	95.2718668820	0.0000000000


-16.1520579299	95.3565587816	0.0000000000


-16.1711022794	95.4412476920	0.0000000000


-16.1901461258	95.5259336187	0.0000000000


-16.2091894699	95.6106165671	0.0000000000


-16.2282323125	95.6952965426	0.0000000000


-16.2472746544	95.7799735507	0.0000000000


-16.2663164964	95.8646475967	0.0000000000


-16.2853578391	95.9493186860	0.0000000000


-16.3043986835	96.0339868241	0.0000000000


-16.3234390304	96.1186520162	0.0000000000


-16.3424788803	96.2033142677	0.0000000000


-16.3615182342	96.2879735840	0.0000000000


-16.3805570928	96.3726299703	0.0000000000


-16.3995954569	96.4572834320	0.0000000000


-16.4186333271	96.5419339743	0.0000000000


-16.4376707043	96.6265816026	0.0000000000


-16.4567075892	96.7112263220	0.0000000000


-16.4757439826	96.7958681379	0.0000000000


-16.4947798851	96.8805070555	0.0000000000


-16.5138152976	96.9651430799	0.0000000000


-16.5328502207	97.0497762165	0.0000000000


-16.5518846552	97.1344064703	0.0000000000


-16.5709186018	97.2190338465	0.0000000000


-16.5899520612	97.3036583504	0.0000000000


-16.6089850342	97.3882799871	0.0000000000


-16.6280175214	97.4728987616	0.0000000000


-16.6470495236	97.5575146792	0.0000000000


-16.6660810415	97.6421277449	0.0000000000


-16.6851120757	97.7267379638	0.0000000000


-16.7041426270	97.8113453409	0.0000000000


-16.7231726962	97.8959498814	0.0000000000


-16.7422022837	97.9805515903	0.0000000000


-16.7612313905	98.0651504726	0.0000000000


-16.7802600171	98.1497465333	0.0000000000


-16.7992881642	98.2343397775	0.0000000000


-16.8183158326	98.3189302101	0.0000000000


-16.8373430228	98.4035178360	0.0000000000


-16.8563697357	98.4881026603	0.0000000000


-16.8753959718	98.5726846879	0.0000000000


-16.8944217318	98.6572639237	0.0000000000


-16.9134470163	98.7418403726	0.0000000000


-16.9324718262	98.8264140396	0.0000000000


-16.9514961619	98.9109849295	0.0000000000


-16.9705200242	98.9955530471	0.0000000000


-16.9895434138	99.0801183974	0.0000000000


-17.0085663312	99.1646809852	0.0000000000


-17.0275887772	99.2492408153	0.0000000000


-17.0466107523	99.3337978925	0.0000000000


-17.0656322573	99.4183522216	0.0000000000


-17.0846532927	99.5029038074	0.0000000000


-17.1036738592	99.5874526547	0.0000000000


-17.1226939575	99.6719987682	0.0000000000


-17.1417135882	99.7565421527	0.0000000000


-17.1607327519	99.8410828129	0.0000000000


-17.1797514493	99.9256207534	0.0000000000


-17.1987696810	100.0101559791	0.0000000000


-17.2177874475	100.0946884945	0.0000000000


-17.2368047496	100.1792183044	0.0000000000


-17.2558215879	100.2637454134	0.0000000000


-17.2748379630	100.3482698262	0.0000000000


-17.2938538755	100.4327915473	0.0000000000


-17.3128693260	100.5173105814	0.0000000000


-17.3318843151	100.6018269331	0.0000000000


-17.3508988435	100.6863406070	0.0000000000


-17.3699129118	100.7708516075	0.0000000000


-17.3889265206	100.8553599394	0.0000000000


-17.4079396704	100.9398656072	0.0000000000


-17.4269523620	101.0243686153	0.0000000000


-17.4459645959	101.1088689682	0.0000000000


-17.4649763727	101.1933666706	0.0000000000


-17.4839876930	101.2778617268	0.0000000000


-17.5029985574	101.3623541414	0.0000000000


-17.5220089666	101.4468439188	0.0000000000


-17.5410189211	101.5313310634	0.0000000000


-17.5600284215	101.6158155798	0.0000000000


-17.5790374684	101.7002974722	0.0000000000


-17.5980460625	101.7847767452	0.0000000000


-17.6170542042	101.8692534030	0.0000000000


-17.6360618943	101.9537274502	0.0000000000


-17.6550691333	102.0381988910	0.0000000000


-17.6740759217	102.1226677298	0.0000000000


-17.6930822603	102.2071339710	0.0000000000


-17.7120881495	102.2915976188	0.0000000000


-17.7310935900	102.3760586777	0.0000000000


-17.7500985824	102.4605171518	0.0000000000


-17.7691031272	102.5449730456	0.0000000000


-17.7881072250	102.6294263632	0.0000000000


-17.8071108764	102.7138771089	0.0000000000


-17.8261140821	102.7983252870	0.0000000000


-17.8451168425	102.8827709018	0.0000000000


-17.8641191583	102.9672139574	0.0000000000


-17.8831210301	103.0516544580	0.0000000000


-17.9021224584	103.1360924079	0.0000000000


-17.9211234439	103.2205278113	0.0000000000


