-2.6608807010	-0.0000000000	-0.0000000000


-2.6603443485	-0.0270163442	0.0000000000


-2.6592715103	-0.0540272403	0.0000000000


-2.6576620027	-0.0810272331	0.0000000000


-2.6555155914	-0.1080108568	0.0000000000


-2.6528319919	-0.1349726309	0.0000000000


-2.6496108690	-0.1619070565	0.0000000000


-2.6458518370	-0.1888086127	0.0000000000


-2.6415544595	-0.2156717525	0.0000000000


-2.6367182496	-0.2424908990	0.0000000000


-2.6313426696	-0.2692604413	0.0000000000


-2.6254271312	-0.2959747307	0.0000000000


-2.6189709952	-0.3226280765	0.0000000000


-2.6119735719	-0.3492147417	0.0000000000


-2.6044341207	-0.3757289390	0.0000000000


-2.5963518501	-0.4021648265	0.0000000000


-2.5877259180	-0.4285165029	0.0000000000


-2.5785554316	-0.4547780035	0.0000000000


-2.5688394475	-0.4809432950	0.0000000000


-2.5585769714	-0.5070062713	0.0000000000


-2.5477669586	-0.5329607482	0.0000000000


-2.5364083141	-0.5588004581	0.0000000000


-2.5244998923	-0.5845190458	0.0000000000


-2.5120404974	-0.6101100619	0.0000000000


-2.4990288838	-0.6355669584	0.0000000000


-2.4854637558	-0.6608830819	0.0000000000


-2.4713437685	-0.6860516687	0.0000000000


-2.4566675276	-0.7110658380	0.0000000000


-2.4414335899	-0.7359185857	0.0000000000


-2.4256404639	-0.7606027779	0.0000000000


-2.4092866103	-0.7851111439	0.0000000000


-2.3923704421	-0.8094362692	0.0000000000


-2.3748903259	-0.8335705879	0.0000000000


-2.3568445822	-0.8575063751	0.0000000000


-2.3382314865	-0.8812357390	0.0000000000


-2.3190492701	-0.9047506119	0.0000000000


-2.2992961211	-0.9280427420	0.0000000000


-2.2789701860	-0.9511036841	0.0000000000


-2.2580695707	-0.9739247896	0.0000000000


-2.2365923421	-0.9964971970	0.0000000000


-2.2145365302	-1.0188118210	0.0000000000


-2.1919001295	-1.0408593416	0.0000000000


-2.1686811018	-1.0626301924	0.0000000000


-2.1448773778	-1.0841145485	0.0000000000


-2.1204868609	-1.1053023141	0.0000000000


-2.0955074291	-1.1261831083	0.0000000000


-2.0699369394	-1.1467462519	0.0000000000


-2.0437732308	-1.1669807520	0.0000000000


-2.0170141288	-1.1868752866	0.0000000000


-1.9896574500	-1.2064181880	0.0000000000


-1.9617010074	-1.2255974261	0.0000000000


-1.9331426162	-1.2444005893	0.0000000000


-1.9039800998	-1.2628148658	0.0000000000


-1.8742112973	-1.2808270234	0.0000000000


-1.8438340714	-1.2984233876	0.0000000000


-1.8128463167	-1.3155898191	0.0000000000


-1.7812459698	-1.3323116902	0.0000000000


-1.7490310200	-1.3485738592	0.0000000000


-1.7161995208	-1.3643606439	0.0000000000


-1.6827496039	-1.3796557930	0.0000000000


-1.6486794933	-1.3944424567	0.0000000000


-1.6139875220	-1.4087031546	0.0000000000


-1.5786721499	-1.4224197426	0.0000000000


-1.5427319841	-1.4355733772	0.0000000000


-1.5061658013	-1.4481444780	0.0000000000


-1.4689725724	-1.4601126883	0.0000000000


-1.4311514907	-1.4714568325	0.0000000000


-1.3927020022	-1.4821548721	0.0000000000


-1.3536238399	-1.4921838584	0.0000000000


-1.3139170620	-1.5015198827	0.0000000000


-1.2735820944	-1.5101380236	0.0000000000


-1.2326197777	-1.5180122914	0.0000000000


-1.1910314203	-1.5251155695	0.0000000000


-1.1488188567	-1.5314195519	0.0000000000


-1.1059845133	-1.5368946784	0.0000000000


-1.0625314817	-1.5415100658	0.0000000000


-1.0184636000	-1.5452334355	0.0000000000


-0.9737855449	-1.5480310382	0.0000000000


-0.9285029330	-1.5498675751	0.0000000000


-0.8826224354	-1.5507061151	0.0000000000


-0.8361519057	-1.5505080102	0.0000000000


-0.7891005225	-1.5492328069	0.0000000000


-0.7414789498	-1.5468381569	0.0000000000


-0.6932995165	-1.5432797247	0.0000000000


-0.6445764170	-1.5385110958	0.0000000000


-0.5953259364	-1.5324836849	0.0000000000


-0.5455667025	-1.5251466467	0.0000000000


-0.4953199684	-1.5164467899	0.0000000000


-0.4446099276	-1.5063284995	0.0000000000


-0.3934640679	-1.4947336677	0.0000000000


-0.3419135655	-1.4816016396	0.0000000000


-0.2899937256	-1.4668691789	0.0000000000


-0.2377444722	-1.4504704581	0.0000000000


-0.1852108934	-1.4323370835	0.0000000000


-0.1324438445	-1.4123981628	0.0000000000


-0.0795006143	-1.3905804285	0.0000000000


-0.0264456567	-1.3668084301	0.0000000000


0.0266486099	-1.3410048134	0.0000000000


0.0797009366	-1.3130907063	0.0000000000


0.1326203143	-1.2829862354	0.0000000000


0.1853049870	-1.2506112016	0.0000000000


0.2376414229	-1.2158859442	0.0000000000


0.2895032623	-1.1787324310	0.0000000000


0.3407502743	-1.1390756101	0.0000000000


0.3912273642	-1.0968450630	0.0000000000


0.4407636906	-1.0519769956	0.0000000000


0.4891719678	-1.0044166014	0.0000000000


0.5362480500	-0.9541208155	0.0000000000


0.5817709143	-0.9010614657	0.0000000000


0.6255031801	-0.8452287946	0.0000000000


0.6671923179	-0.7866352916	0.0000000000


0.7065727065	-0.7253197218	0.0000000000


0.7433686891	-0.6613511780	0.0000000000


0.7772987476	-0.5948329168	0.0000000000


0.8080808553	-0.5259056691	0.0000000000


0.8354389762	-0.4547500666	0.0000000000


0.8591105575	-0.3815877944	0.0000000000


0.8788547168	-0.3066810998	0.0000000000


0.8944606785	-0.2303303648	0.0000000000


0.9057558874	-0.1528695853	0.0000000000


0.9126131571	-0.0746597967	0.0000000000


0.9149562161	0.0039192862	0.0000000000


0.9127631199	0.0824789297	0.0000000000


0.9060671827	0.1606316796	0.0000000000


0.8949553383	0.2380015481	0.0000000000


0.8795641017	0.3142333588	0.0000000000


0.8600735406	0.3890006332	0.0000000000


0.8366998313	0.4620115968	0.0000000000


0.8096870415	0.5330131101	0.0000000000


0.7792987673	0.6017925469	0.0000000000


0.7458101571	0.6681778218	0.0000000000


0.7095007246	0.7320358875	0.0000000000


0.6706481994	0.7932700788	0.0000000000


0.6295235323	0.8518166827	0.0000000000


0.5863870558	0.9076410780	0.0000000000


0.5414857198	0.9607337310	0.0000000000


0.4950512755	1.0111062636	0.0000000000


0.4472992541	1.0587877492	0.0000000000


0.3984285846	1.1038213304	0.0000000000


0.3486217030	1.1462612116	0.0000000000


0.2980450249	1.1861700387	0.0000000000


0.2468496696	1.2236166606	0.0000000000


0.1951723480	1.2586742456	0.0000000000


0.1431363436	1.2914187216	0.0000000000


0.0908525345	1.3219275017	0.0000000000


0.0384204156	1.3502784582	0.0000000000


-0.0140709044	1.3765491082	0.0000000000


-0.0665417510	1.4008159788	0.0000000000


-0.1189209880	1.4231541205	0.0000000000


-0.1711451844	1.4436367443	0.0000000000


-0.2231578461	1.4623349586	0.0000000000


-0.2749087130	1.4793175883	0.0000000000


-0.3263531185	1.4946510583	0.0000000000


-0.3774514102	1.5083993295	0.0000000000


-0.4281684255	1.5206238758	0.0000000000


-0.4784730207	1.5313836923	0.0000000000


-0.5283376470	1.5407353286	0.0000000000


-0.5777379702	1.5487329396	0.0000000000


-0.6266525306	1.5554283504	0.0000000000


-0.6750624379	1.5608711310	0.0000000000


-0.7229510988	1.5651086764	0.0000000000


-0.7703039731	1.5681862924	0.0000000000


-0.8171083559	1.5701472821	0.0000000000


-0.8633531826	1.5710330339	0.0000000000


-0.9090288552	1.5708831087	0.0000000000


-0.9541270863	1.5697353259	0.0000000000


-0.9986407602	1.5676258472	0.0000000000


-1.0425638084	1.5645892582	0.0000000000


-1.0858910979	1.5606586470	0.0000000000


-1.1286183320	1.5558656799	0.0000000000


-1.1707419614	1.5502406742	0.0000000000


-1.2122591041	1.5438126673	0.0000000000


-1.2531674746	1.5366094827	0.0000000000


-1.2934653206	1.5286577928	0.0000000000


-1.3331513665	1.5199831776	0.0000000000


-1.3722247620	1.5106101801	0.0000000000


-1.4106850369	1.5005623578	0.0000000000


-1.4485320582	1.4898623308	0.0000000000


-1.4857659908	1.4785318283	0.0000000000


-1.5223872613	1.4665917323	0.0000000000


-1.5583965245	1.4540621214	0.0000000000


-1.5937946341	1.4409623131	0.0000000000


-1.6285826174	1.4273109038	0.0000000000


-1.6627616529	1.4131258067	0.0000000000


-1.6963330507	1.3984242878	0.0000000000


-1.7292982356	1.3832229983	0.0000000000


-1.7616587315	1.3675380059	0.0000000000


-1.7934161467	1.3513848234	0.0000000000


-1.8245721613	1.3347784358	0.0000000000


-1.8551285156	1.3177333266	0.0000000000


-1.8850869990	1.3002635012	0.0000000000


-1.9144494405	1.2823825107	0.0000000000


-1.9432176995	1.2641034735	0.0000000000


-1.9713936583	1.2454390957	0.0000000000


-1.9989792143	1.2264016910	0.0000000000


-2.0259762739	1.2070031993	0.0000000000


-2.0523867460	1.1872552044	0.0000000000


-2.0782125370	1.1671689507	0.0000000000


-2.1034555459	1.1467553591	0.0000000000


-2.1281176596	1.1260250425	0.0000000000


-2.1522007493	1.1049883199	0.0000000000


-2.1757066667	1.0836552303	0.0000000000


-2.1986372408	1.0620355455	0.0000000000


-2.2209942748	1.0401387830	0.0000000000


-2.2427795437	1.0179742175	0.0000000000


-2.2639947917	0.9955508923	0.0000000000


-2.2846417304	0.9728776302	0.0000000000


-2.3047220362	0.9499630436	0.0000000000


-2.3242373492	0.9268155446	0.0000000000


-2.3431892710	0.9034433545	0.0000000000


-2.3615793638	0.8798545124	0.0000000000


-2.3794091486	0.8560568845	0.0000000000


-2.3966801043	0.8320581719	0.0000000000


-2.4133936664	0.8078659191	0.0000000000


-2.4295512262	0.7834875216	0.0000000000


-2.4451541299	0.7589302338	0.0000000000


-2.4602036777	0.7342011759	0.0000000000


-2.4747011237	0.7093073417	0.0000000000


-2.4886476756	0.6842556056	0.0000000000


-2.5020444949	0.6590527290	0.0000000000


-2.5148926976	0.6337053674	0.0000000000


-2.5271933560	0.6082200756	0.0000000000


-2.5389474995	0.5826033121	0.0000000000


-2.5501561156	0.5568614428	0.0000000000


-2.5608201498	0.5310007428	0.0000000000


-2.5709405036	0.5050273998	0.0000000000


-2.5805180315	0.4789475168	0.0000000000


-2.5895535376	0.4527671182	0.0000000000


-2.5980477738	0.4264921555	0.0000000000


-2.6060014384	0.4001285146	0.0000000000


-2.6134151763	0.3736820214	0.0000000000


-2.6202895795	0.3471584478	0.0000000000


-2.6266251878	0.3205635169	0.0000000000


-2.6324224893	0.2939029071	0.0000000000


-2.6376819215	0.2671822565	0.0000000000


-2.6424038709	0.2404071668	0.0000000000


-2.6465886739	0.2135832073	0.0000000000


-2.6502366166	0.1867159184	0.0000000000


-2.6533479350	0.1598108157	0.0000000000


-2.6559228152	0.1328733932	0.0000000000


-2.6579613931	0.1059091277	0.0000000000


-2.6594637546	0.0789234819	0.0000000000


-2.6604299355	0.0519219082	0.0000000000


-2.6608599213	0.0249098525	0.0000000000


-2.6607536474	-0.0021072422	0.0000000000


-2.6601109991	-0.0291239319	0.0000000000


-2.6589318111	-0.0561347683	0.0000000000


-2.6572158679	-0.0831342949	0.0000000000


-2.6549629034	-0.1101170431	0.0000000000


-2.6521726011	-0.1370775289	0.0000000000


-2.6488445939	-0.1640102484	0.0000000000


-2.6449784639	-0.1909096748	0.0000000000


-2.6405737427	-0.2177702540	0.0000000000


-2.6356299108	-0.2445864008	0.0000000000


-2.6301463980	-0.2713524950	0.0000000000


-2.6241225832	-0.2980628772	0.0000000000


-2.6175577940	-0.3247118451	0.0000000000


-2.6104513071	-0.3512936488	0.0000000000


-2.6028023479	-0.3778024869	0.0000000000


-2.5946100903	-0.4042325016	0.0000000000


-2.5858736571	-0.4305777751	0.0000000000


-2.5765921193	-0.4568323239	0.0000000000


-2.5667644961	-0.4829900948	0.0000000000


-2.5563897553	-0.5090449591	0.0000000000


-2.5454668125	-0.5349907082	0.0000000000


-2.5339945314	-0.5608210472	0.0000000000


-2.5219717240	-0.5865295893	0.0000000000


-2.5093971510	-0.6121098493	0.0000000000


-2.4962695230	-0.6375552372	0.0000000000


-2.4825875025	-0.6628590510	0.0000000000


-2.4683497067	-0.6880144714	0.0000000000


-2.4535547115	-0.7130145571	0.0000000000


-2.4382010530	-0.7378522423	0.0000000000


-2.4222872273	-0.7625203356	0.0000000000


-2.4058116873	-0.7870115160	0.0000000000


-2.3887728375	-0.8113183261	0.0000000000


-2.3711690312	-0.8354331624	0.0000000000


-2.3529985696	-0.8593482636	0.0000000000


-2.3342597032	-0.8830557000	0.0000000000


-2.3149506338	-0.9065473626	0.0000000000


-2.2950695169	-0.9298149540	0.0000000000


-2.2746144641	-0.9528499785	0.0000000000


-2.2535835453	-0.9756437324	0.0000000000


-2.2319747907	-0.9981872943	0.0000000000


-2.2097861931	-1.0204715142	0.0000000000


-2.1870157099	-1.0424870029	0.0000000000


-2.1636612658	-1.0642241202	0.0000000000


-2.1397207549	-1.0856729629	0.0000000000


-2.1151920440	-1.1068233518	0.0000000000


-2.0900729755	-1.1276648182	0.0000000000


-2.0643613706	-1.1481865898	0.0000000000


-2.0380550337	-1.1683775755	0.0000000000


-2.0111517564	-1.1882263497	0.0000000000


-1.9836493222	-1.2077211356	0.0000000000


-1.9555455120	-1.2268497875	0.0000000000


-1.9268381097	-1.2455997727	0.0000000000


-1.8975249091	-1.2639581511	0.0000000000


-1.8676037210	-1.2819115554	0.0000000000


-1.8370723810	-1.2994461689	0.0000000000


-1.8059287592	-1.3165477022	0.0000000000


-1.7741707691	-1.3332013693	0.0000000000


-1.7417963799	-1.3493918618	0.0000000000


-1.7088036274	-1.3651033213	0.0000000000


-1.6751906290	-1.3803193109	0.0000000000


-1.6409555976	-1.3950227847	0.0000000000


-1.6060968592	-1.4091960553	0.0000000000


-1.5706128712	-1.4228207601	0.0000000000


-1.5345022432	-1.4358778247	0.0000000000


-1.4977637599	-1.4483474248	0.0000000000


-1.4603964070	-1.4602089458	0.0000000000


-1.4223993991	-1.4714409395	0.0000000000


-1.3837722117	-1.4820210792	0.0000000000


-1.3445146162	-1.4919261109	0.0000000000


-1.3046267192	-1.5011318028	0.0000000000


-1.2641090056	-1.5096128911	0.0000000000


-1.2229623879	-1.5173430229	0.0000000000


-1.1811882596	-1.5242946953	0.0000000000


-1.1387885561	-1.5304391916	0.0000000000


-1.0957658231	-1.5357465123	0.0000000000


-1.0521232933	-1.5401853039	0.0000000000


-1.0078649747	-1.5437227828	0.0000000000


-0.9629957510	-1.5463246592	0.0000000000


-0.9175214937	-1.5479550621	0.0000000000


-0.8714491818	-1.5485764675	0.0000000000


-0.8247870253	-1.5481496210	0.0000000000


-0.7775446011	-1.5466334490	0.0000000000


-0.7297330116	-1.5439849594	0.0000000000


-0.6813650700	-1.5401591414	0.0000000000


-0.6324555119	-1.5351088677	0.0000000000


-0.5830212323	-1.5287848015	0.0000000000


-0.5330815488	-1.5211353078	0.0000000000


-0.4826584957	-1.5121063695	0.0000000000


-0.4317771524	-1.5016415117	0.0000000000


-0.3804660094	-1.4896817373	0.0000000000


-0.3287573774	-1.4761654778	0.0000000000


-0.2766878436	-1.4610285648	0.0000000000


-0.2242987790	-1.4442042305	0.0000000000


-0.1716369019	-1.4256231436	0.0000000000


-0.1187549015	-1.4052134921	0.0000000000


-0.0657121257	-1.3829011263	0.0000000000


-0.0125753348	-1.3586097750	0.0000000000


0.0405804762	-1.3322613552	0.0000000000


0.0936711898	-1.3037763956	0.0000000000


0.1466026146	-1.2730745990	0.0000000000


0.1992694820	-1.2400755735	0.0000000000


0.2515544042	-1.2046997632	0.0000000000


0.3033268185	-1.1668696169	0.0000000000


0.3544419513	-1.1265110306	0.0000000000


0.4047398497	-1.0835551045	0.0000000000


0.4540445442	-1.0379402500	0.0000000000


0.5021634250	-0.9896146759	0.0000000000


0.5488869347	-0.9385392725	0.0000000000


0.5939887015	-0.8846908875	0.0000000000


0.6372262565	-0.8280659593	0.0000000000


0.6783424912	-0.7686844323	0.0000000000


0.7170680138	-0.7065938211	0.0000000000


0.7531245482	-0.6418732304	0.0000000000


0.7862294796	-0.5746370687	0.0000000000


0.8161015809	-0.5050381273	0.0000000000


0.8424678534	-0.4332696524	0.0000000000


0.8650712839	-0.3595660204	0.0000000000


0.8836791710	-0.2842016653	0.0000000000


0.8980915318	-0.2074879998	0.0000000000


0.9081489871	-0.1297682313	0.0000000000


0.9137394729	-0.0514101833	0.0000000000


0.9148031664	0.0272025388	0.0000000000


0.9113351422	0.1056804872	0.0000000000


0.9033854916	0.1836387181	0.0000000000


0.8910568966	0.2607067871	0.0000000000


0.8744999119	0.3365376910	0.0000000000


0.8539064268	0.4108151949	0.0000000000


0.8295019107	0.4832591937	0.0000000000


0.8015370921	0.5536289837	0.0000000000


0.7702796710	0.6217245307	0.0000000000


0.7360065621	0.6873859805	0.0000000000


0.6989970192	0.7504917550	0.0000000000


0.6595268478	0.8109556189	0.0000000000


0.6178637806	0.8687230860	0.0000000000


0.5742639897	0.9237674926	0.0000000000


0.5289696365	0.9760860025	0.0000000000


0.4822073213	1.0256957388	0.0000000000


0.4341872778	1.0726301787	0.0000000000


0.3851031580	1.1169358905	0.0000000000


0.3351322660	1.1586696501	0.0000000000


0.2844361170	1.1978959462	0.0000000000


0.2331612179	1.2346848579	0.0000000000


0.1814399885	1.2691102785	0.0000000000


0.1293917570	1.3012484493	0.0000000000


0.0771237823	1.3311767683	0.0000000000


0.0247322690	1.3589728339	0.0000000000


-0.0276966510	1.3847136899	0.0000000000


-0.0800859851	1.4084752398	0.0000000000


-0.1323670053	1.4303318010	0.0000000000


-0.1844784365	1.4503557742	0.0000000000


-0.2363657106	1.4686174076	0.0000000000


-0.2879802840	1.4851846365	0.0000000000


-0.3392790184	1.5001229838	0.0000000000


-0.3902236193	1.5134955092	0.0000000000


-0.4407801300	1.5253627956	0.0000000000


-0.4909184759	1.5357829656	0.0000000000


-0.5406120554	1.5448117193	0.0000000000


-0.5898373731	1.5525023900	0.0000000000


-0.6385737111	1.5589060115	0.0000000000


-0.6868028350	1.5640713939	0.0000000000


-0.7345087306	1.5680452054	0.0000000000


-0.7816773690	1.5708720577	0.0000000000


-0.8282964962	1.5725945926	0.0000000000


-0.8743554451	1.5732535692	0.0000000000


-0.9198449675	1.5728879503	0.0000000000


-0.9647570838	1.5715349873	0.0000000000


-1.0090849485	1.5692303026	0.0000000000


-1.0528227303	1.5660079699	0.0000000000


-1.0959655037	1.5619005915	0.0000000000


-1.1385091534	1.5569393718	0.0000000000


-1.1804502874	1.5511541892	0.0000000000


-1.2217861594	1.5445736631	0.0000000000


-1.2625146000	1.5372252190	0.0000000000


-1.3026339535	1.5291351494	0.0000000000


-1.3421430226	1.5203286726	0.0000000000


-1.3810410178	1.5108299877	0.0000000000


-1.4193275122	1.5006623270	0.0000000000


-1.4570024009	1.4898480059	0.0000000000


-1.4940658645	1.4784084698	0.0000000000


-1.5305183358	1.4663643382	0.0000000000


-1.5663604707	1.4537354471	0.0000000000


-1.6015931210	1.4405408889	0.0000000000


-1.6362173105	1.4267990493	0.0000000000


-1.6702342135	1.4125276434	0.0000000000


-1.7036451346	1.3977437490	0.0000000000


-1.7364514916	1.3824638386	0.0000000000


-1.7686547992	1.3667038091	0.0000000000


-1.8002566548	1.3504790101	0.0000000000


-1.8312587252	1.3338042714	0.0000000000


-1.8616627351	1.3166939277	0.0000000000


-1.8914704562	1.2991618429	0.0000000000


-1.9206836981	1.2812214330	0.0000000000


-1.9493042988	1.2628856876	0.0000000000


-1.9773341176	1.2441671902	0.0000000000


-2.0047750276	1.2250781378	0.0000000000


-2.0316289094	1.2056303592	0.0000000000


-2.0578976455	1.1858353322	0.0000000000


-2.0835831146	1.1657042007	0.0000000000


-2.1086871872	1.1452477898	0.0000000000


-2.1332117213	1.1244766212	0.0000000000


-2.1571585585	1.1034009272	0.0000000000


-2.1805295204	1.0820306645	0.0000000000


-2.2033264057	1.0603755264	0.0000000000


-2.2255509873	1.0384449560	0.0000000000


-2.2472050093	1.0162481570	0.0000000000


-2.2682901854	0.9937941055	0.0000000000


-2.2888081963	0.9710915602	0.0000000000


-2.3087606882	0.9481490727	0.0000000000


-2.3281492708	0.9249749974	0.0000000000


-2.3469755158	0.9015775005	0.0000000000


-2.3652409559	0.8779645689	0.0000000000


-2.3829470833	0.8541440188	0.0000000000


-2.4000953485	0.8301235038	0.0000000000


-2.4166871597	0.8059105230	0.0000000000


-2.4327238816	0.7815124278	0.0000000000


-2.4482068347	0.7569364298	0.0000000000


-2.4631372947	0.7321896075	0.0000000000


-2.4775164919	0.7072789129	0.0000000000


-2.4913456105	0.6822111777	0.0000000000


-2.5046257881	0.6569931202	0.0000000000


-2.5173581154	0.6316313504	0.0000000000


-2.5295436359	0.6061323766	0.0000000000


-2.5411833453	0.5805026102	0.0000000000


-2.5522781913	0.5547483719	0.0000000000


-2.5628290734	0.5288758961	0.0000000000


-2.5728368428	0.5028913367	0.0000000000


-2.5823023016	0.4768007718	0.0000000000


-2.5912262035	0.4506102082	0.0000000000


-2.5996092529	0.4243255867	0.0000000000


-2.6074521051	0.3979527859	0.0000000000


-2.6147553660	0.3714976273	0.0000000000


-2.6215195923	0.3449658795	0.0000000000


-2.6277452911	0.3183632621	0.0000000000


-2.6334329197	0.2916954504	0.0000000000


-2.6385828861	0.2649680791	0.0000000000


-2.6431955481	0.2381867467	0.0000000000


-2.6472712140	0.2113570192	0.0000000000


-2.6508101421	0.1844844339	0.0000000000


-2.6538125406	0.1575745039	0.0000000000


-2.6562785679	0.1306327211	0.0000000000


-2.6582083322	0.1036645606	0.0000000000


-2.6596018915	0.0766754844	0.0000000000


-2.6604592536	0.0496709449	0.0000000000


-2.6607803762	0.0226563889	0.0000000000


-2.6605651665	-0.0043627389	0.0000000000


-2.6598134815	-0.0313809921	0.0000000000


-2.6585251276	-0.0583929185	0.0000000000


-2.6566998609	-0.0853930570	0.0000000000


-2.6543373867	-0.1123759335	0.0000000000


-2.6514373599	-0.1393360568	0.0000000000


-2.6479993847	-0.1662679156	0.0000000000


-2.6440230146	-0.1931659737	0.0000000000


-2.6395077522	-0.2200246670	0.0000000000


-2.6344530494	-0.2468383987	0.0000000000


-2.6288583071	-0.2736015362	0.0000000000


-2.6227228755	-0.3003084062	0.0000000000


-2.6160460535	-0.3269532911	0.0000000000


-2.6088270893	-0.3535304247	0.0000000000


-2.6010651800	-0.3800339876	0.0000000000


-2.5927594715	-0.4064581032	0.0000000000


-2.5839090588	-0.4327968332	0.0000000000


-2.5745129858	-0.4590441724	0.0000000000


-2.5645702455	-0.4851940449	0.0000000000


-2.5540797797	-0.5112402985	0.0000000000


-2.5430404795	-0.5371767000	0.0000000000


-2.5314511851	-0.5629969301	0.0000000000


-2.5193106859	-0.5886945778	0.0000000000


-2.5066177209	-0.6142631355	0.0000000000


-2.4933709785	-0.6396959927	0.0000000000


-2.4795690972	-0.6649864305	0.0000000000


-2.4652106654	-0.6901276156	0.0000000000


-2.4502942220	-0.7151125937	0.0000000000


-2.4348182566	-0.7399342833	0.0000000000


-2.4187812101	-0.7645854687	0.0000000000


-2.4021814753	-0.7890587931	0.0000000000


-2.3850173970	-0.8133467512	0.0000000000


-2.3672872732	-0.8374416816	0.0000000000


-2.3489893555	-0.8613357588	0.0000000000


-2.3301218504	-0.8850209849	0.0000000000


-2.3106829198	-0.9084891811	0.0000000000


-2.2906706824	-0.9317319783	0.0000000000


-2.2700832150	-0.9547408079	0.0000000000


-2.2489185540	-0.9775068919	0.0000000000


-2.2271746966	-1.0000212325	0.0000000000


-2.2048496032	-1.0222746011	0.0000000000


-2.1819411990	-1.0442575269	0.0000000000


-2.1584473765	-1.0659602852	0.0000000000


-2.1343659982	-1.0873728846	0.0000000000


-2.1096948989	-1.1084850538	0.0000000000


-2.0844318896	-1.1292862281	0.0000000000


-2.0585747606	-1.1497655342	0.0000000000


-2.0321212855	-1.1699117755	0.0000000000


-2.0050692257	-1.1897134153	0.0000000000


-1.9774163355	-1.2091585604	0.0000000000


-1.9491603671	-1.2282349428	0.0000000000


-1.9202990770	-1.2469299008	0.0000000000


-1.8908302328	-1.2652303592	0.0000000000


-1.8607516203	-1.2831228078	0.0000000000


-1.8300610524	-1.3005932798	0.0000000000


-1.7987563776	-1.3176273279	0.0000000000


-1.7668354911	-1.3342099992	0.0000000000


-1.7342963456	-1.3503258096	0.0000000000


-1.7011369639	-1.3659587154	0.0000000000


-1.6673554536	-1.3810920842	0.0000000000


-1.6329500219	-1.3957086638	0.0000000000


-1.5979189936	-1.4097905490	0.0000000000


-1.5622608298	-1.4233191473	0.0000000000


-1.5259741499	-1.4362751412	0.0000000000


-1.4890577549	-1.4486384501	0.0000000000


-1.4515106540	-1.4603881881	0.0000000000


-1.4133320942	-1.4715026205	0.0000000000


-1.3745215930	-1.4819591177	0.0000000000


-1.3350789747	-1.4917341058	0.0000000000


-1.2950044113	-1.5008030147	0.0000000000


-1.2542984677	-1.5091402237	0.0000000000


-1.2129621518	-1.5167190030	0.0000000000


-1.1709969715	-1.5235114529	0.0000000000


-1.1284049968	-1.5294884392	0.0000000000


-1.0851889304	-1.5346195253	0.0000000000


-1.0413521860	-1.5388729009	0.0000000000


-0.9968989757	-1.5422153072	0.0000000000


-0.9518344078	-1.5446119586	0.0000000000


-0.9061645967	-1.5460264609	0.0000000000


-0.8598967849	-1.5464207267	0.0000000000


-0.8130394807	-1.5457548874	0.0000000000


-0.7656026116	-1.5439872034	0.0000000000


-0.7175976962	-1.5410739716	0.0000000000


-0.6690380374	-1.5369694324	0.0000000000


-0.6199389377	-1.5316256766	0.0000000000


-0.5703179422	-1.5249925538	0.0000000000


-0.5201951087	-1.5170175837	0.0000000000


-0.4695933118	-1.5076458739	0.0000000000


-0.4185385819	-1.4968200454	0.0000000000


-0.3670604855	-1.4844801712	0.0000000000


-0.3151925488	-1.4705637321	0.0000000000


-0.2629727299	-1.4550055955	0.0000000000


-0.2104439451	-1.4377380249	0.0000000000


-0.1576546516	-1.4186907288	0.0000000000


-0.1046594924	-1.3977909598	0.0000000000


-0.0515200065	-1.3749636789	0.0000000000


0.0016945947	-1.3501317978	0.0000000000


0.0549065812	-1.3232165225	0.0000000000


0.1080287944	-1.2941378170	0.0000000000


0.1609636753	-1.2628150164	0.0000000000


0.2136022441	-1.2291676178	0.0000000000


0.2658230486	-1.1931162834	0.0000000000


0.3174911066	-1.1545840930	0.0000000000


0.3684568834	-1.1134980845	0.0000000000


0.4185553535	-1.0697911208	0.0000000000


0.4676052194	-1.0234041182	0.0000000000


0.5154083732	-0.9742886624	0.0000000000


0.5617497137	-0.9224100241	0.0000000000


0.6063974487	-0.8677505599	0.0000000000


0.6491040304	-0.8103134533	0.0000000000


0.6896078850	-0.7501267004	0.0000000000


0.7276360904	-0.6872471917	0.0000000000


0.7629081373	-0.6217646723	0.0000000000


0.7951408590	-0.5538052956	0.0000000000


0.8240545348	-0.4835344263	0.0000000000


0.8493800595	-0.4111583090	0.0000000000


0.8708669354	-0.3369242189	0.0000000000


0.8882916905	-0.2611187646	0.0000000000


0.9014661922	-0.1840641330	0.0000000000


0.9102452295	-0.1061122378	0.0000000000


0.9145327145	-0.0276369573	0.0000000000


0.9142859216	0.0509751263	0.0000000000


0.9095173439	0.1293348799	0.0000000000


0.9002939804	0.2070609340	0.0000000000


0.8867341322	0.2837894100	0.0000000000


0.8690020407	0.3591823907	0.0000000000


0.8473008904	0.4329346404	0.0000000000


0.8218648071	0.5047782946	0.0000000000


0.7929504913	0.5744854683	0.0000000000


0.7608290610	0.6418689268	0.0000000000


0.7257785530	0.7067811046	0.0000000000


0.6880773869	0.7691118322	0.0000000000


0.6479989538	0.8287851581	0.0000000000


0.6058073673	0.8857556211	0.0000000000


0.5617543237	0.9400042835	0.0000000000


0.5160769574	0.9915347640	0.0000000000


0.4689965462	1.0403694494	0.0000000000


0.4207179097	1.0865459969	0.0000000000


0.3714293505	1.1301141950	0.0000000000


0.3213030016	1.1711332093	0.0000000000


0.2704954639	1.2096692114	0.0000000000


0.2191486366	1.2457933736	0.0000000000


0.1673906648	1.2795801969	0.0000000000


0.1153369456	1.3111061380	0.0000000000


0.0630911485	1.3404484978	0.0000000000


0.0107462188	1.3676845325	0.0000000000


-0.0416146563	1.3928907569	0.0000000000


-0.0939171351	1.4161424048	0.0000000000


-0.1460948677	1.4375130226	0.0000000000


-0.1980887072	1.4570741703	0.0000000000


-0.2498459855	1.4748952105	0.0000000000


-0.3013198523	1.4910431683	0.0000000000


-0.3524686759	1.5055826480	0.0000000000


-0.4032555005	1.5185757940	0.0000000000


-0.4536475576	1.5300822870	0.0000000000


-0.5036158261	1.5401593672	0.0000000000


-0.5531346376	1.5488618776	0.0000000000


-0.6021813223	1.5562423229	0.0000000000


-0.6507358925	1.5623509396	0.0000000000


-0.6987807586	1.5672357731	0.0000000000


-0.7463004757	1.5709427603	0.0000000000


-0.7932815166	1.5735158151	0.0000000000


-0.8397120691	1.5749969148	0.0000000000


-0.8855818545	1.5754261866	0.0000000000


-0.9308819658	1.5748419933	0.0000000000


-0.9756047225	1.5732810170	0.0000000000


-1.0197435407	1.5707783406	0.0000000000


-1.0632928172	1.5673675266	0.0000000000


-1.1062478255	1.5630806929	0.0000000000


-1.1486046226	1.5579485863	0.0000000000


-1.1903599653	1.5520006513	0.0000000000


-1.2315112358	1.5452650974	0.0000000000


-1.2720563740	1.5377689618	0.0000000000


-1.3119938176	1.5295381702	0.0000000000


-1.3513224477	1.5205975935	0.0000000000


-1.3900415402	1.5109711022	0.0000000000


-1.4281507221	1.5006816180	0.0000000000


-1.4656499320	1.4897511619	0.0000000000


-1.5025393847	1.4782009007	0.0000000000


-1.5388195394	1.4660511905	0.0000000000


-1.5744910708	1.4533216177	0.0000000000


-1.6095548430	1.4400310380	0.0000000000


-1.6440118868	1.4261976131	0.0000000000


-1.6778633779	1.4118388460	0.0000000000


-1.7111106181	1.3969716131	0.0000000000


-1.7437550184	1.3816121960	0.0000000000


-1.7757980830	1.3657763107	0.0000000000


-1.8072413958	1.3494791352	0.0000000000


-1.8380866073	1.3327353362	0.0000000000


-1.8683354235	1.3155590937	0.0000000000


-1.8979895953	1.2979641249	0.0000000000


-1.9270509093	1.2799637062	0.0000000000


-1.9555211794	1.2615706948	0.0000000000


-1.9834022389	1.2427975483	0.0000000000


-2.0106959339	1.2236563441	0.0000000000


-2.0374041169	1.2041587970	0.0000000000


-2.0635286411	1.1843162770	0.0000000000


-2.0890713555	1.1641398249	0.0000000000


-2.1140340999	1.1436401682	0.0000000000


-2.1384187012	1.1228277354	0.0000000000


-2.1622269693	1.1017126704	0.0000000000


-2.1854606939	1.0803048455	0.0000000000


-2.2081216412	1.0586138741	0.0000000000


-2.2302115514	1.0366491227	0.0000000000


-2.2517321359	1.0144197227	0.0000000000


-2.2726850754	0.9919345809	0.0000000000


-2.2930720176	0.9692023905	0.0000000000


-2.3128945753	0.9462316404	0.0000000000


-2.3321543250	0.9230306255	0.0000000000


-2.3508528055	0.8996074553	0.0000000000


-2.3689915161	0.8759700629	0.0000000000


-2.3865719159	0.8521262134	0.0000000000


-2.4035954224	0.8280835117	0.0000000000


-2.4200634107	0.8038494104	0.0000000000


-2.4359772127	0.7794312173	0.0000000000


-2.4513381161	0.7548361020	0.0000000000


-2.4661473640	0.7300711035	0.0000000000


-2.4804061541	0.7051431361	0.0000000000


-2.4941156380	0.6800589962	0.0000000000


-2.5072769213	0.6548253682	0.0000000000


-2.5198910625	0.6294488303	0.0000000000


-2.5319590729	0.6039358607	0.0000000000


-2.5434819165	0.5782928423	0.0000000000


-2.5544605091	0.5525260690	0.0000000000


-2.5648957187	0.5266417502	0.0000000000


-2.5747883648	0.5006460160	0.0000000000


-2.5841392184	0.4745449223	0.0000000000


-2.5929490017	0.4483444553	0.0000000000


-2.6012183881	0.4220505363	0.0000000000


-2.6089480017	0.3956690261	0.0000000000


-2.6161384177	0.3692057295	0.0000000000


-2.6227901618	0.3426663998	0.0000000000


-2.6289037104	0.3160567426	0.0000000000


-2.6344794901	0.2893824204	0.0000000000


-2.6395178782	0.2626490563	0.0000000000


-2.6440192021	0.2358622384	0.0000000000


-2.6479837396	0.2090275236	0.0000000000


-2.6514117185	0.1821504412	0.0000000000


-2.6543033167	0.1552364972	0.0000000000


-2.6566586621	0.1282911781	0.0000000000


-2.6584778325	0.1013199543	0.0000000000


-2.6597608558	0.0743282842	0.0000000000


-2.6605077093	0.0473216181	0.0000000000


-2.6607183204	0.0203054013	0.0000000000


-2.6603925660	-0.0067149215	0.0000000000


-2.6595302725	-0.0337339028	0.0000000000


-2.6581312161	-0.0607460884	0.0000000000


-2.6561951223	-0.0877460141	0.0000000000


-2.6537216660	-0.1147282011	0.0000000000


-2.6507104714	-0.1416871531	0.0000000000


-2.6471611121	-0.1686173518	0.0000000000


-2.6430731108	-0.1955132536	0.0000000000


-2.6384459393	-0.2223692850	0.0000000000


-2.6332790185	-0.2491798394	0.0000000000


-2.6275717184	-0.2759392725	0.0000000000


-2.6213233579	-0.3026418986	0.0000000000


-2.6145332047	-0.3292819861	0.0000000000


-2.6072004755	-0.3558537537	0.0000000000


-2.5993243358	-0.3823513655	0.0000000000


-2.5909038999	-0.4087689270	0.0000000000


-2.5819382308	-0.4351004806	0.0000000000


-2.5724263405	-0.4613400007	0.0000000000


-2.5623671896	-0.4874813891	0.0000000000


-2.5517596877	-0.5135184699	0.0000000000


-2.5406026932	-0.5394449847	0.0000000000


-2.5288950136	-0.5652545874	0.0000000000


-2.5166354054	-0.5909408386	0.0000000000


-2.5038225743	-0.6164972003	0.0000000000


-2.4904551756	-0.6419170300	0.0000000000


-2.4765318141	-0.6671935751	0.0000000000


-2.4620510446	-0.6923199662	0.0000000000


-2.4470113720	-0.7172892114	0.0000000000


-2.4314112519	-0.7420941891	0.0000000000


-2.4152490909	-0.7667276415	0.0000000000


-2.3985232473	-0.7911821674	0.0000000000


-2.3812320314	-0.8154502147	0.0000000000


-2.3633737064	-0.8395240728	0.0000000000


-2.3449464889	-0.8633958641	0.0000000000


-2.3259485505	-0.8870575364	0.0000000000


-2.3063780179	-0.9105008531	0.0000000000


-2.2862329747	-0.9337173849	0.0000000000


-2.2655114624	-0.9566984996	0.0000000000


-2.2442114820	-0.9794353522	0.0000000000


-2.2223309957	-1.0019188747	0.0000000000


-2.1998679285	-1.0241397643	0.0000000000


-2.1768201708	-1.0460884726	0.0000000000


-2.1531855800	-1.0677551931	0.0000000000


-2.1289619840	-1.0891298482	0.0000000000


-2.1041471834	-1.1102020763	0.0000000000


-2.0787389550	-1.1309612172	0.0000000000


-2.0527350558	-1.1513962978	0.0000000000


-2.0261332265	-1.1714960156	0.0000000000


-1.9989311964	-1.1912487235	0.0000000000


-1.9711266883	-1.2106424111	0.0000000000


-1.9427174242	-1.2296646877	0.0000000000


-1.9137011314	-1.2483027620	0.0000000000


-1.8840755497	-1.2665434223	0.0000000000


-1.8538384386	-1.2843730150	0.0000000000


-1.8229875865	-1.3017774216	0.0000000000


-1.7915208196	-1.3187420352	0.0000000000


-1.7594360131	-1.3352517348	0.0000000000


-1.7267311021	-1.3512908585	0.0000000000


-1.6934040955	-1.3668431754	0.0000000000


-1.6594530899	-1.3818918554	0.0000000000


-1.6248762858	-1.3964194377	0.0000000000


-1.5896720058	-1.4104077968	0.0000000000


-1.5538387140	-1.4238381073	0.0000000000


-1.5173750381	-1.4366908062	0.0000000000


-1.4802797944	-1.4489455528	0.0000000000


-1.4425520148	-1.4605811866	0.0000000000


-1.4041909771	-1.4715756828	0.0000000000


-1.3651962390	-1.4819061046	0.0000000000


-1.3255676759	-1.4915485532	0.0000000000


-1.2853055225	-1.5004781153	0.0000000000


-1.2444104200	-1.5086688066	0.0000000000


-1.2028834680	-1.5160935126	0.0000000000


-1.1607262828	-1.5227239269	0.0000000000


-1.1179410627	-1.5285304847	0.0000000000


-1.0745306599	-1.5334822939	0.0000000000


-1.0304986622	-1.5375470625	0.0000000000


-0.9858494837	-1.5406910220	0.0000000000


-0.9405884656	-1.5428788484	0.0000000000


-0.8947219902	-1.5440735783	0.0000000000


-0.8482576078	-1.5442365236	0.0000000000


-0.8012041788	-1.5433271820	0.0000000000


-0.7535720330	-1.5413031457	0.0000000000


-0.7053731482	-1.5381200089	0.0000000000


-0.6566213498	-1.5337312734	0.0000000000


-0.6073325355	-1.5280882556	0.0000000000


-0.5575249257	-1.5211399949	0.0000000000


-0.5072193453	-1.5128331664	0.0000000000


-0.4564395379	-1.5031119994	0.0000000000


-0.4052125188	-1.4919182069	0.0000000000


-0.3535689680	-1.4791909278	0.0000000000


-0.3015436703	-1.4648666885	0.0000000000


-0.2491760044	-1.4488793897	0.0000000000


-0.1965104877	-1.4311603268	0.0000000000


-0.1435973795	-1.4116382525	0.0000000000


-0.0904933471	-1.3902394946	0.0000000000


-0.0372621988	-1.3668881415	0.0000000000


0.0160243159	-1.3415063152	0.0000000000


0.0692856380	-1.3140145488	0.0000000000


0.1224314657	-1.2843322951	0.0000000000


0.1753607637	-1.2523785921	0.0000000000


0.2279607279	-1.2180729187	0.0000000000


0.2801057253	-1.1813362729	0.0000000000


0.3316562404	-1.1420925138	0.0000000000


0.3824578694	-1.1002700032	0.0000000000


0.4323404207	-1.0558035871	0.0000000000


0.4811171976	-1.0086369486	0.0000000000


0.5285845579	-0.9587253554	0.0000000000


0.5745218688	-0.9060388061	0.0000000000


0.6186919931	-0.8505655526	0.0000000000


0.6608424619	-0.7923159383	0.0000000000


0.7007074913	-0.7313264405	0.0000000000


0.7380109972	-0.6676637470	0.0000000000


0.7724707292	-0.6014286259	0.0000000000


0.8038035853	-0.5327592849	0.0000000000


0.8317320821	-0.4618338566	0.0000000000


0.8559918286	-0.3888716224	0.0000000000


0.8763397125	-0.3141326026	0.0000000000


0.8925623537	-0.2379152123	0.0000000000


0.9044842589	-0.1605518241	0.0000000000


0.9119750319	-0.0824022680	0.0000000000


0.9149550026	-0.0038455296	0.0000000000


0.9133987349	0.0747298743	0.0000000000


0.9073360635	0.1529361836	0.0000000000


0.8968505568	0.2303965991	0.0000000000


0.8820755723	0.3067546696	0.0000000000


0.8631883059	0.3816822411	0.0000000000


0.8404024039	0.4548855395	0.0000000000


0.8139597811	0.5261091852	0.0000000000


0.7841222701	0.5951381546	0.0000000000


0.7511636401	0.6617978849	0.0000000000


0.7153623883	0.7259528399	0.0000000000


0.6769955593	0.7875039098	0.0000000000


0.6363337127	0.8463850248	0.0000000000


0.5936370423	0.9025593273	0.0000000000


0.5491525715	0.9560151884	0.0000000000


0.5031122985	1.0067622882	0.0000000000


0.4557321399	1.0548279170	0.0000000000


0.4072115170	1.1002535921	0.0000000000


0.3577334387	1.1430920454	0.0000000000


0.3074649505	1.1834045962	0.0000000000


0.2565578400	1.2212589029	0.0000000000


0.2051495094	1.2567270696	0.0000000000


0.1533639441	1.2898840755	0.0000000000


0.1013127246	1.3208064902	0.0000000000


0.0490960415	1.3495714376	0.0000000000


-0.0031963134	1.3762557720	0.0000000000


-0.0554839994	1.4009354345	0.0000000000


-0.1076952343	1.4236849582	0.0000000000


-0.1597659630	1.4445770981	0.0000000000


-0.2116390906	1.4636825608	0.0000000000


-0.2632637803	1.4810698180	0.0000000000


-0.3145948133	1.4968049846	0.0000000000


-0.3655920091	1.5109517496	0.0000000000


-0.4162197010	1.5235713489	0.0000000000


-0.4664462648	1.5347225697	0.0000000000


-0.5162436933	1.5444617804	0.0000000000


-0.5655872164	1.5528429781	0.0000000000


-0.6144549594	1.5599178514	0.0000000000


-0.6628276371	1.5657358518	0.0000000000


-0.7106882807	1.5703442727	0.0000000000


-0.7580219930	1.5737883322	0.0000000000


-0.8048157295	1.5761112588	0.0000000000


-0.8510581031	1.5773543772	0.0000000000


-0.8967392091	1.5775571945	0.0000000000


-0.9418504684	1.5767574846	0.0000000000


-0.9863844880	1.5749913709	0.0000000000


-1.0303349357	1.5722934071	0.0000000000


-1.0736964277	1.5686966540	0.0000000000


-1.1164644281	1.5642327550	0.0000000000


-1.1586351596	1.5589320073	0.0000000000


-1.2002055218	1.5528234302	0.0000000000


-1.2411730197	1.5459348307	0.0000000000


-1.2815356982	1.5382928657	0.0000000000


-1.3212920841	1.5299231004	0.0000000000


-1.3604411332	1.5208500651	0.0000000000


-1.3989821838	1.5110973080	0.0000000000


-1.4369149139	1.5006874455	0.0000000000


-1.4742393033	1.4896422099	0.0000000000


-1.5109555990	1.4779824949	0.0000000000


-1.5470642844	1.4657283974	0.0000000000


-1.5825660515	1.4528992588	0.0000000000


-1.6174617758	1.4395137026	0.0000000000


-1.6517524933	1.4255896704	0.0000000000


-1.6854393804	1.4111444566	0.0000000000


-1.7185237353	1.3961947400	0.0000000000


-1.7510069612	1.3807566146	0.0000000000


-1.7828905515	1.3648456185	0.0000000000


-1.8141760759	1.3484767609	0.0000000000


-1.8448651683	1.3316645484	0.0000000000


-1.8749595155	1.3144230089	0.0000000000


-1.9044608474	1.2967657152	0.0000000000


-1.9333709275	1.2787058065	0.0000000000


-1.9616915452	1.2602560096	0.0000000000


-1.9894245080	1.2414286584	0.0000000000


-2.0165716348	1.2222357124	0.0000000000


-2.0431347497	1.2026887747	0.0000000000


-2.0691156771	1.1827991086	0.0000000000


-2.0945162358	1.1625776540	0.0000000000


-2.1193382354	1.1420350419	0.0000000000


-2.1435834716	1.1211816093	0.0000000000


-2.1672537227	1.1000274128	0.0000000000


-2.1903507465	1.0785822419	0.0000000000


-2.2128762769	1.0568556311	0.0000000000


-2.2348320216	1.0348568717	0.0000000000


-2.2562196594	1.0125950236	0.0000000000


-2.2770408380	0.9900789257	0.0000000000


-2.2972971722	0.9673172061	0.0000000000


-2.3169902418	0.9443182926	0.0000000000


-2.3361215904	0.9210904210	0.0000000000


-2.3546927235	0.8976416454	0.0000000000


-2.3727051076	0.8739798456	0.0000000000


-2.3901601686	0.8501127364	0.0000000000


-2.4070592913	0.8260478746	0.0000000000


-2.4234038180	0.8017926673	0.0000000000


-2.4391950476	0.7773543790	0.0000000000


-2.4544342354	0.7527401382	0.0000000000


-2.4691225919	0.7279569449	0.0000000000


-2.4832612822	0.7030116765	0.0000000000


-2.4968514261	0.6779110943	0.0000000000


-2.5098940965	0.6526618495	0.0000000000


-2.5223903202	0.6272704891	0.0000000000


-2.5343410766	0.6017434614	0.0000000000


-2.5457472977	0.5760871216	0.0000000000


-2.5566098680	0.5503077371	0.0000000000


-2.5669296237	0.5244114926	0.0000000000


-2.5767073530	0.4984044950	0.0000000000


-2.5859437957	0.4722927784	0.0000000000


-2.5946396427	0.4460823086	0.0000000000


-2.6027955363	0.4197789880	0.0000000000


-2.6104120699	0.3933886599	0.0000000000


-2.6174897876	0.3669171127	0.0000000000


-2.6240291844	0.3403700848	0.0000000000


-2.6300307060	0.3137532681	0.0000000000


-2.6354947485	0.2870723126	0.0000000000


-2.6404216585	0.2603328303	0.0000000000


-2.6448117330	0.2335403991	0.0000000000


-2.6486652192	0.2067005669	0.0000000000


-2.6519823147	0.1798188555	0.0000000000


-2.6547631669	0.1529007644	0.0000000000


-2.6570078734	0.1259517744	0.0000000000


-2.6587164818	0.0989773519	0.0000000000


-2.6598889894	0.0719829520	0.0000000000


-2.6605253434	0.0449740228	0.0000000000


-2.6606254407	0.0179560090	0.0000000000


-2.6601891279	-0.0090656448	0.0000000000


-2.6592162011	-0.0360854898	0.0000000000


-2.6577064059	-0.0630980694	0.0000000000


-2.6556594373	-0.0900979157	0.0000000000


-2.6530749398	-0.1170795454	0.0000000000


-2.6499525068	-0.1440374564	0.0000000000


-2.6462916814	-0.1709661235	0.0000000000


-2.6420919553	-0.1978599948	0.0000000000


-2.6373527695	-0.2247134877	0.0000000000


-2.6320735140	-0.2515209850	0.0000000000


-2.6262535275	-0.2782768308	0.0000000000


-2.6198920978	-0.3049753264	0.0000000000


-2.6129884612	-0.3316107259	0.0000000000


-2.6055418028	-0.3581772324	0.0000000000


-2.5975512566	-0.3846689934	0.0000000000


-2.5890159050	-0.4110800960	0.0000000000


-2.5799347790	-0.4374045631	0.0000000000


-2.5703068584	-0.4636363479	0.0000000000


-2.5601310717	-0.4897693296	0.0000000000


-2.5494062957	-0.5157973084	0.0000000000


-2.5381313563	-0.5417140002	0.0000000000


-2.5263050281	-0.5675130315	0.0000000000


-2.5139260344	-0.5931879340	0.0000000000


-2.5009930478	-0.6187321390	0.0000000000


-2.4875046900	-0.6441389714	0.0000000000


-2.4734595322	-0.6694016441	0.0000000000


-2.4588560952	-0.6945132514	0.0000000000


-2.4436928501	-0.7194667628	0.0000000000


-2.4279682180	-0.7442550163	0.0000000000


-2.4116805713	-0.7688707113	0.0000000000


-2.3948282334	-0.7933064015	0.0000000000


-2.3774094800	-0.8175544871	0.0000000000


-2.3594225393	-0.8416072076	0.0000000000


-2.3408655929	-0.8654566328	0.0000000000


-2.3217367772	-0.8890946547	0.0000000000


-2.3020341835	-0.9125129788	0.0000000000


-2.2817558601	-0.9357031141	0.0000000000


-2.2608998131	-0.9586563640	0.0000000000


-2.2394640081	-0.9813638155	0.0000000000


-2.2174463718	-1.0038163291	0.0000000000


-2.1948447940	-1.0260045271	0.0000000000


-2.1716571297	-1.0479187818	0.0000000000


-2.1478812015	-1.0695492038	0.0000000000


-2.1235148024	-1.0908856280	0.0000000000


-2.0985556985	-1.1119176008	0.0000000000


-2.0730016327	-1.1326343654	0.0000000000


-2.0468503284	-1.1530248466	0.0000000000


-2.0200994934	-1.1730776352	0.0000000000


-1.9927468248	-1.1927809709	0.0000000000


-1.9647900140	-1.2121227250	0.0000000000


-1.9362267529	-1.2310903814	0.0000000000


-1.9070547397	-1.2496710174	0.0000000000


-1.8772716863	-1.2678512825	0.0000000000


-1.8468753264	-1.2856173770	0.0000000000


-1.8158634240	-1.3029550284	0.0000000000


-1.7842337835	-1.3198494672	0.0000000000


-1.7519842602	-1.3362854012	0.0000000000


-1.7191127726	-1.3522469879	0.0000000000


-1.6856173160	-1.3677178057	0.0000000000


-1.6514959768	-1.3826808234	0.0000000000


-1.6167469500	-1.3971183675	0.0000000000


-1.5813685567	-1.4110120884	0.0000000000


-1.5453592652	-1.4243429236	0.0000000000


-1.5087177133	-1.4370910597	0.0000000000


-1.4714427343	-1.4492358914	0.0000000000


-1.4335333844	-1.4607559783	0.0000000000


-1.3949889746	-1.4716289998	0.0000000000


-1.3558091056	-1.4818317061	0.0000000000


-1.3159937066	-1.4913398676	0.0000000000


-1.2755430786	-1.5001282206	0.0000000000


-1.2344579430	-1.5081704103	0.0000000000


-1.1927394955	-1.5154389303	0.0000000000


-1.1503894662	-1.5219050591	0.0000000000


-1.1074101870	-1.5275387930	0.0000000000


-1.0638046667	-1.5323087755	0.0000000000


-1.0195766748	-1.5361822231	0.0000000000


-0.9747308357	-1.5391248480	0.0000000000


-0.9292727336	-1.5411007767	0.0000000000


-0.8832090298	-1.5420724661	0.0000000000


-0.8365475951	-1.5420006153	0.0000000000


-0.7892976562	-1.5408440762	0.0000000000


-0.7414699619	-1.5385597606	0.0000000000


-0.6930769674	-1.5351025465	0.0000000000


-0.6441330421	-1.5304251842	0.0000000000


-0.5946547024	-1.5244782020	0.0000000000


-0.5446608713	-1.5172098159	0.0000000000


-0.4941731710	-1.5085658428	0.0000000000


-0.4432162492	-1.4984896215	0.0000000000


-0.3918181446	-1.4869219452	0.0000000000


-0.3400106949	-1.4738010080	0.0000000000


-0.2878299930	-1.4590623735	0.0000000000


-0.2353168934	-1.4426389706	0.0000000000


-0.1825175767	-1.4244611246	0.0000000000


-0.1294841732	-1.4044566359	0.0000000000


-0.0762754512	-1.3825509164	0.0000000000


-0.0229575729	-1.3586672006	0.0000000000


0.0303950822	-1.3327268484	0.0000000000


0.0836990253	-1.3046497610	0.0000000000


0.1368607040	-1.2743549366	0.0000000000


0.1897754931	-1.2417611924	0.0000000000


0.2423266459	-1.2067880875	0.0000000000


0.2943842296	-1.1693570819	0.0000000000


0.3458040784	-1.1293929713	0.0000000000


0.3964268115	-1.0868256347	0.0000000000


0.4460769797	-1.0415921340	0.0000000000


0.4945624220	-0.9936391950	0.0000000000


0.5416739352	-0.9429260865	0.0000000000


0.5871853811	-0.8894278966	0.0000000000


0.6308543740	-0.8331391701	0.0000000000


0.6724237064	-0.7740778336	0.0000000000


0.7116236707	-0.7122892776	0.0000000000


0.7481754251	-0.6478504018	0.0000000000


0.7817955063	-0.5808733649	0.0000000000


0.8122015297	-0.5115087087	0.0000000000


0.8391190102	-0.4399474862	0.0000000000


0.8622891112	-0.3664219999	0.0000000000


0.8814769785	-0.2912047989	0.0000000000


0.8964801696	-0.2146056691	0.0000000000


0.9071365812	-0.1369665168	0.0000000000


0.9133312192	-0.0586542463	0.0000000000


0.9150011976	0.0199480319	0.0000000000


0.9121384779	0.0984509185	0.0000000000


0.9047900750	0.1764690697	0.0000000000


0.8930557139	0.2536312132	0.0000000000


0.8770831871	0.3295891303	0.0000000000


0.8570618758	0.4040250376	0.0000000000


0.8332150399	0.4766570135	0.0000000000


0.8057915215	0.5472423397	0.0000000000


0.7750574672	0.6155788378	0.0000000000


0.7412885648	0.6815044430	0.0000000000


0.7047631500	0.7448953569	0.0000000000


0.6657563934	0.8056631598	0.0000000000


0.6245356456	0.8637512542	0.0000000000


0.5813569156	0.9191309644	0.0000000000


0.5364623878	0.9717975604	0.0000000000


0.4900788398	1.0217664007	0.0000000000


0.4424168076	1.0690693323	0.0000000000


0.3936703443	1.1137514273	0.0000000000


0.3440172306	1.1558680979	0.0000000000


0.2936195142	1.1954825949	0.0000000000


0.2426242745	1.2326638788	0.0000000000


0.1911645291	1.2674848354	0.0000000000


0.1393602187	1.3000208017	0.0000000000


0.0873192201	1.3303483652	0.0000000000


0.0351383545	1.3585444000	0.0000000000


-0.0170956371	1.3846853037	0.0000000000


-0.0693051642	1.4088464037	0.0000000000


-0.1214209155	1.4311015050	0.0000000000


-0.1733810495	1.4515225530	0.0000000000


-0.2251304500	1.4701793913	0.0000000000


-0.2766200450	1.4871395967	0.0000000000


-0.3278061875	1.5024683745	0.0000000000


-0.3786500946	1.5162285034	0.0000000000


-0.4291173413	1.5284803178	0.0000000000


-0.4791774046	1.5392817209	0.0000000000


-0.5288032538	1.5486882198	0.0000000000


-0.5779709836	1.5567529777	0.0000000000


-0.6266594841	1.5635268788	0.0000000000


-0.6748501467	1.5690586024	0.0000000000


-0.7225265997	1.5733947023	0.0000000000


-0.7696744732	1.5765796903	0.0000000000


-0.8162811871	1.5786561215	0.0000000000


-0.8623357635	1.5796646800	0.0000000000


-0.9078286569	1.5796442641	0.0000000000


-0.9527516040	1.5786320698	0.0000000000


-0.9970974883	1.5766636725	0.0000000000


-1.0408602191	1.5737731064	0.0000000000


-1.0840346235	1.5699929405	0.0000000000


-1.1266163489	1.5653543523	0.0000000000


-1.1686017766	1.5598871983	0.0000000000


-1.2099879435	1.5536200806	0.0000000000


-1.2507724720	1.5465804114	0.0000000000


-1.2909535075	1.5387944742	0.0000000000


-1.3305296616	1.5302874808	0.0000000000


-1.3694999619	1.5210836272	0.0000000000


-1.4078638055	1.5112061451	0.0000000000


-1.4456209191	1.5006773516	0.0000000000


-1.4827713209	1.4895186956	0.0000000000


-1.5193152882	1.4777508021	0.0000000000


-1.5552533271	1.4653935143	0.0000000000


-1.5905861453	1.4524659325	0.0000000000


-1.6253146279	1.4389864522	0.0000000000


-1.6594398154	1.4249727991	0.0000000000


-1.6929628838	1.4104420624	0.0000000000


-1.7258851267	1.3954107267	0.0000000000


-1.7582079390	1.3798947018	0.0000000000


-1.7899328025	1.3639093508	0.0000000000


-1.8210612723	1.3474695173	0.0000000000


-1.8515949651	1.3305895502	0.0000000000


-1.8815355484	1.3132833278	0.0000000000


-1.9108847307	1.2955642810	0.0000000000


-1.9396442523	1.2774454142	0.0000000000


-1.9678158779	1.2589393258	0.0000000000


-1.9954013889	1.2400582280	0.0000000000


-2.0224025769	1.2208139643	0.0000000000


-2.0488212381	1.2012180279	0.0000000000


-2.0746591674	1.1812815773	0.0000000000


-2.0999181540	1.1610154526	0.0000000000


-2.1245999769	1.1404301901	0.0000000000


-2.1487064008	1.1195360367	0.0000000000


-2.1722391726	1.0983429632	0.0000000000


-2.1952000181	1.0768606774	0.0000000000


-2.2175906392	1.0550986360	0.0000000000


-2.2394127111	1.0330660565	0.0000000000


-2.2606678801	1.0107719282	0.0000000000


-2.2813577612	0.9882250231	0.0000000000


-2.3014839362	0.9654339057	0.0000000000


-2.3210479523	0.9424069426	0.0000000000


-2.3400513199	0.9191523125	0.0000000000


-2.3584955119	0.8956780140	0.0000000000


-2.3763819617	0.8719918750	0.0000000000


-2.3937120625	0.8481015604	0.0000000000


-2.4104871662	0.8240145799	0.0000000000


-2.4267085825	0.7997382957	0.0000000000


-2.4423775778	0.7752799295	0.0000000000


-2.4574953747	0.7506465696	0.0000000000


-2.4720631514	0.7258451775	0.0000000000


-2.4860820409	0.7008825941	0.0000000000


-2.4995531305	0.6757655462	0.0000000000


-2.5124774614	0.6505006525	0.0000000000


-2.5248560282	0.6250944290	0.0000000000


-2.5366897787	0.5995532950	0.0000000000


-2.5479796133	0.5738835782	0.0000000000


-2.5587263847	0.5480915200	0.0000000000


-2.5689308979	0.5221832809	0.0000000000


-2.5785939099	0.4961649448	0.0000000000


-2.5877161290	0.4700425245	0.0000000000


-2.5962982152	0.4438219660	0.0000000000


-2.6043407799	0.4175091530	0.0000000000


-2.6118443855	0.3911099115	0.0000000000


-2.6188095453	0.3646300142	0.0000000000


-2.6252367237	0.3380751848	0.0000000000


-2.6311263356	0.3114511017	0.0000000000


-2.6364787466	0.2847634029	0.0000000000


-2.6412942729	0.2580176894	0.0000000000


-2.6455731810	0.2312195295	0.0000000000


-2.6493156878	0.2043744624	0.0000000000


-2.6525219602	0.1774880026	0.0000000000


-2.6551921156	0.1505656432	0.0000000000


-2.6573262211	0.1236128601	0.0000000000


-2.6589242939	0.0966351155	0.0000000000


-2.6599863012	0.0696378617	0.0000000000


-2.6605121597	0.0426265451	0.0000000000


-2.6605017360	0.0156066095	0.0000000000


-2.6599548464	-0.0114164997	0.0000000000


-2.6588712565	-0.0384373322	0.0000000000


-2.6572506815	-0.0654504289	0.0000000000


-2.6550927858	-0.0924503179	0.0000000000


-2.6523971833	-0.1194315111	0.0000000000


-2.6491634369	-0.1463885001	0.0000000000


-2.6453910587	-0.1733157526	0.0000000000


-2.6410795098	-0.2002077082	0.0000000000


-2.6362282001	-0.2270587748	0.0000000000


-2.6308364885	-0.2538633243	0.0000000000


-2.6249036827	-0.2806156887	0.0000000000


-2.6184290390	-0.3073101560	0.0000000000


-2.6114117624	-0.3339409659	0.0000000000


-2.6038510063	-0.3605023055	0.0000000000


-2.5957458729	-0.3869883049	0.0000000000


-2.5870954128	-0.4133930330	0.0000000000


-2.5778986249	-0.4397104923	0.0000000000


-2.5681544568	-0.4659346147	0.0000000000


-2.5578618043	-0.4920592564	0.0000000000


-2.5470195118	-0.5180781931	0.0000000000


-2.5356263724	-0.5439851146	0.0000000000


-2.5236811274	-0.5697736196	0.0000000000


-2.5111824673	-0.5954372104	0.0000000000


-2.4981290310	-0.6209692869	0.0000000000


-2.4845194066	-0.6463631410	0.0000000000


-2.4703521316	-0.6716119507	0.0000000000


-2.4556256927	-0.6967087731	0.0000000000


-2.4403385266	-0.7216465389	0.0000000000


-2.4244890204	-0.7464180446	0.0000000000


-2.4080755115	-0.7710159463	0.0000000000


-2.3910962888	-0.7954327518	0.0000000000


-2.3735495929	-0.8196608133	0.0000000000


-2.3554336168	-0.8436923192	0.0000000000


-2.3367465072	-0.8675192859	0.0000000000


-2.3174863647	-0.8911335491	0.0000000000


-2.2976512454	-0.9145267550	0.0000000000


-2.2772391619	-0.9376903504	0.0000000000


-2.2562480848	-0.9606155728	0.0000000000


-2.2346759441	-0.9832934406	0.0000000000


-2.2125206309	-1.0057147415	0.0000000000


-2.1897799996	-1.0278700216	0.0000000000


-2.1664518697	-1.0497495730	0.0000000000


-2.1425340288	-1.0713434216	0.0000000000


-2.1180242349	-1.0926413138	0.0000000000


-2.0929202196	-1.1136327024	0.0000000000


-2.0672196917	-1.1343067323	0.0000000000


-2.0409203409	-1.1546522249	0.0000000000


-2.0140198421	-1.1746576620	0.0000000000


-1.9865158601	-1.1943111689	0.0000000000


-1.9584060552	-1.2136004959	0.0000000000


-1.9296880889	-1.2325130001	0.0000000000


-1.9003596306	-1.2510356247	0.0000000000


-1.8704183645	-1.2691548783	0.0000000000


-1.8398619986	-1.2868568124	0.0000000000


-1.8086882730	-1.3041269978	0.0000000000


-1.7768949703	-1.3209505000	0.0000000000


-1.7444799267	-1.3373118522	0.0000000000


-1.7114410445	-1.3531950281	0.0000000000


-1.6777763059	-1.3685834121	0.0000000000


-1.6434837884	-1.3834597681	0.0000000000


-1.6085616819	-1.3978062064	0.0000000000


-1.5730083074	-1.4116041488	0.0000000000


-1.5368221386	-1.4248342915	0.0000000000


-1.5000018251	-1.4374765661	0.0000000000


-1.4625462186	-1.4495100974	0.0000000000


-1.4244544020	-1.4609131601	0.0000000000


-1.3857257218	-1.4716631321	0.0000000000


-1.3463598242	-1.4817364447	0.0000000000


-1.3063566955	-1.4911085308	0.0000000000


-1.2657167064	-1.4997537698	0.0000000000


-1.2244406629	-1.5076454291	0.0000000000


-1.1825298611	-1.5147556025	0.0000000000


-1.1399861503	-1.5210551456	0.0000000000


-1.0968120024	-1.5265136068	0.0000000000


-1.0530105892	-1.5310991561	0.0000000000


-1.0085858702	-1.5347785090	0.0000000000


-0.9635426890	-1.5375168479	0.0000000000


-0.9178868828	-1.5392777394	0.0000000000


-0.8716254040	-1.5400230488	0.0000000000


-0.8247664565	-1.5397128511	0.0000000000


-0.7773196488	-1.5383053398	0.0000000000


-0.7292961654	-1.5357567335	0.0000000000


-0.6807089585	-1.5320211812	0.0000000000


-0.6315729633	-1.5270506679	0.0000000000


-0.5819053395	-1.5207949205	0.0000000000


-0.5317257412	-1.5132013180	0.0000000000


-0.4810566197	-1.5042148059	0.0000000000


-0.4299235626	-1.4937778202	0.0000000000


-0.3783556725	-1.4818302226	0.0000000000


-0.3263859907	-1.4683092526	0.0000000000


-0.2740519691	-1.4531495038	0.0000000000


-0.2213959961	-1.4362829280	0.0000000000


-0.1684659794	-1.4176388805	0.0000000000


-0.1153159920	-1.3971442141	0.0000000000


-0.0620069823	-1.3747234371	0.0000000000


-0.0086075534	-1.3502989506	0.0000000000


0.0448051899	-1.3237913840	0.0000000000


0.0981447262	-1.2951200527	0.0000000000


0.1513141426	-1.2642035625	0.0000000000


0.2042051083	-1.2309605923	0.0000000000


0.2566968148	-1.1953108886	0.0000000000


0.3086549100	-1.1571765093	0.0000000000


0.3599304630	-1.1164833549	0.0000000000


0.4103590123	-1.0731630275	0.0000000000


0.4597597662	-1.0271550518	0.0000000000


0.5079350447	-0.9784094859	0.0000000000


0.5546700721	-0.9268899336	0.0000000000


0.5997332518	-0.8725769465	0.0000000000


0.6428770713	-0.8154717709	0.0000000000


0.6838397988	-0.7556003455	0.0000000000


0.7223481264	-0.6930174037	0.0000000000


0.7581208980	-0.6278104617	0.0000000000


0.7908740076	-0.5601034123	0.0000000000


0.8203264776	-0.4900593763	0.0000000000


0.8462076129	-0.4178824291	0.0000000000


0.8682649881	-0.3438178178	0.0000000000


0.8862728788	-0.2681503339	0.0000000000


0.9000406036	-0.1912006277	0.0000000000


0.9094201542	-0.1133194214	0.0000000000


0.9143124603	-0.0348797995	0.0000000000


0.9146717062	0.0437320155	0.0000000000


0.9105072723	0.1221268001	0.0000000000


0.9018831076	0.1999226500	0.0000000000


0.8889146084	0.2767547337	0.0000000000


0.8717633259	0.3522838097	0.0000000000


0.8506300252	0.4262030040	0.0000000000


0.8257467204	0.4982425679	0.0000000000


0.7973683291	0.5681725558	0.0000000000


0.7657645179	0.6358035636	0.0000000000


0.7312121945	0.7009858085	0.0000000000


0.6939889508	0.7636069099	0.0000000000


0.6543676243	0.8235887531	0.0000000000


0.6126120168	0.8808837964	0.0000000000


0.5689737212	0.9354711275	0.0000000000


0.5236899448	0.9873525129	0.0000000000


0.4769821825	1.0365486178	0.0000000000


0.4290555876	1.0830955129	0.0000000000


0.3800988874	1.1270415337	0.0000000000


0.3302847088	1.1684445229	0.0000000000


0.2797701970	1.2073694534	0.0000000000


0.2286978307	1.2438864150	0.0000000000


0.1771963564	1.2780689350	0.0000000000


0.1253817841	1.3099925962	0.0000000000


0.0733583996	1.3397339169	0.0000000000


0.0212197610	1.3673694546	0.0000000000


-0.0309503403	1.3929751001	0.0000000000


-0.0830769707	1.4166255318	0.0000000000


-0.1350932036	1.4383938018	0.0000000000


-0.1869393329	1.4583510309	0.0000000000


-0.2385621496	1.4765661917	0.0000000000


-0.2899142826	1.4931059638	0.0000000000


-0.3409535990	1.5080346451	0.0000000000


-0.3916426622	1.5214141091	0.0000000000


-0.4419482425	1.5333037971	0.0000000000


-0.4918408774	1.5437607377	0.0000000000


-0.5412944765	1.5528395877	0.0000000000


-0.5902859666	1.5605926881	0.0000000000


-0.6387949743	1.5670701312	0.0000000000


-0.6868035419	1.5723198363	0.0000000000


-0.7342958727	1.5763876302	0.0000000000


-0.7812581040	1.5793173305	0.0000000000


-0.8276781028	1.5811508311	0.0000000000


-0.8735452846	1.5819281872	0.0000000000


-0.9188504497	1.5816876994	0.0000000000


-0.9635856384	1.5804659966	0.0000000000


-1.0077439999	1.5782981167	0.0000000000


-1.0513196759	1.5752175840	0.0000000000


-1.0943076959	1.5712564852	0.0000000000


-1.1367038833	1.5664455408	0.0000000000


-1.1785047718	1.5608141747	0.0000000000


-1.2197075295	1.5543905799	0.0000000000


-1.2603098916	1.5472017814	0.0000000000


-1.3003100995	1.5392736961	0.0000000000


-1.3397068459	1.5306311892	0.0000000000


-1.3784992264	1.5212981286	0.0000000000


-1.4166866944	1.5112974356	0.0000000000


-1.4542690222	1.5006511331	0.0000000000


-1.4912462647	1.4893803919	0.0000000000


-1.5276187274	1.4775055736	0.0000000000


-1.5633869370	1.4650462716	0.0000000000


-1.5985516157	1.4520213501	0.0000000000


-1.6331136569	1.4384489804	0.0000000000


-1.6670741045	1.4243466759	0.0000000000


-1.7004341331	1.4097313245	0.0000000000


-1.7331950309	1.3946192199	0.0000000000


-1.7653581839	1.3790260908	0.0000000000


-1.7969250615	1.3629671285	0.0000000000


-1.8278972039	1.3464570134	0.0000000000


-1.8582762103	1.3295099396	0.0000000000


-1.8880637284	1.3121396385	0.0000000000


-1.9172614448	1.2943594012	0.0000000000


-1.9458710769	1.2761820993	0.0000000000


-1.9738943641	1.2576202053	0.0000000000


-2.0013330619	1.2386858114	0.0000000000


-2.0281889346	1.2193906472	0.0000000000


-2.0544637499	1.1997460975	0.0000000000


-2.0801592739	1.1797632177	0.0000000000


-2.1052772659	1.1594527498	0.0000000000


-2.1298194743	1.1388251370	0.0000000000


-2.1537876330	1.1178905372	0.0000000000


-2.1771834574	1.0966588368	0.0000000000


-2.2000086415	1.0751396632	0.0000000000


-2.2222648554	1.0533423964	0.0000000000


-2.2439537418	1.0312761813	0.0000000000


-2.2650769146	1.0089499378	0.0000000000


-2.2856359562	0.9863723718	0.0000000000


-2.3056324158	0.9635519850	0.0000000000


-2.3250678077	0.9404970844	0.0000000000


-2.3439436097	0.9172157915	0.0000000000


-2.3622612619	0.8937160511	0.0000000000


-2.3800221649	0.8700056394	0.0000000000


-2.3972276792	0.8460921725	0.0000000000


-2.4138791243	0.8219831134	0.0000000000


-2.4299777770	0.7976857803	0.0000000000


-2.4455248715	0.7732073529	0.0000000000


-2.4605215980	0.7485548795	0.0000000000


-2.4749691023	0.7237352838	0.0000000000


-2.4888684854	0.6987553709	0.0000000000


-2.5022208025	0.6736218339	0.0000000000


-2.5150270629	0.6483412589	0.0000000000


-2.5272882295	0.6229201320	0.0000000000


-2.5390052183	0.5973648435	0.0000000000


-2.5501788982	0.5716816941	0.0000000000


-2.5608100905	0.5458769000	0.0000000000


-2.5708995689	0.5199565976	0.0000000000


-2.5804480591	0.4939268485	0.0000000000


-2.5894562383	0.4677936444	0.0000000000


-2.5979247357	0.4415629118	0.0000000000


-2.6058541316	0.4152405162	0.0000000000


-2.6132449576	0.3888322668	0.0000000000


-2.6200976964	0.3623439207	0.0000000000


-2.6264127816	0.3357811872	0.0000000000


-2.6321905977	0.3091497320	0.0000000000


-2.6374314797	0.2824551809	0.0000000000


-2.6421357133	0.2557031246	0.0000000000


-2.6463035346	0.2288991217	0.0000000000


-2.6499351301	0.2020487035	0.0000000000


-2.6530306365	0.1751573771	0.0000000000


-2.6555901407	0.1482306298	0.0000000000


-2.6576136797	0.1212739326	0.0000000000


-2.6591012402	0.0942927440	0.0000000000


-2.6600527591	0.0672925139	0.0000000000


-2.6604681229	0.0402786869	0.0000000000


-2.6603471678	0.0132567068	0.0000000000


-2.6596896795	-0.0137679805	0.0000000000


-2.6584953935	-0.0407899228	0.0000000000


-2.6567639942	-0.0678036579	0.0000000000


-2.6544951157	-0.0948037098	0.0000000000


-2.6516883411	-0.1217845852	0.0000000000


-2.6483432027	-0.1487407692	0.0000000000


-2.6444591817	-0.1756667221	0.0000000000


-2.6400357084	-0.2025568746	0.0000000000


-2.6350721616	-0.2294056248	0.0000000000


-2.6295678692	-0.2562073333	0.0000000000


-2.6235221076	-0.2829563199	0.0000000000


-2.6169341015	-0.3096468589	0.0000000000


-2.6098030246	-0.3362731750	0.0000000000


-2.6021279986	-0.3628294391	0.0000000000


-2.5939080938	-0.3893097637	0.0000000000


-2.5851423286	-0.4157081987	0.0000000000


-2.5758296700	-0.4420187262	0.0000000000


-2.5659690331	-0.4682352562	0.0000000000


-2.5555592811	-0.4943516215	0.0000000000


-2.5445992258	-0.5203615729	0.0000000000


-2.5330876271	-0.5462587735	0.0000000000


-2.5210231933	-0.5720367939	0.0000000000


-2.5084045815	-0.5976891063	0.0000000000


-2.4952303971	-0.6232090789	0.0000000000


-2.4814991944	-0.6485899701	0.0000000000


-2.4672094768	-0.6738249220	0.0000000000


-2.4523596970	-0.6989069544	0.0000000000


-2.4369482573	-0.7238289582	0.0000000000


-2.4209735100	-0.7485836882	0.0000000000


-2.4044337580	-0.7731637561	0.0000000000


-2.3873272550	-0.7975616234	0.0000000000


-2.3696522066	-0.8217695931	0.0000000000


-2.3514067706	-0.8457798021	0.0000000000


-2.3325890581	-0.8695842125	0.0000000000


-2.3131971342	-0.8931746029	0.0000000000


-2.2932290194	-0.9165425591	0.0000000000


-2.2726826906	-0.9396794646	0.0000000000


