0	2.53913	2.66088	3.53913	5.20001	1.00000	6.20001
1	2.53875	2.66048	3.52632	5.19923	0.99018	6.18637
2	2.53812	2.65982	3.50251	5.19794	0.97499	6.16058
3	2.53724	2.65890	3.46730	5.19613	0.95440	6.12228
4	2.53611	2.65771	3.42016	5.19382	0.92837	6.07094
5	2.53472	2.65626	3.36038	5.19099	0.89688	6.00595
6	2.53309	2.65455	3.28707	5.18765	0.85992	5.92653
7	2.53121	2.65258	3.19918	5.18379	0.81756	5.83182
8	2.52908	2.65034	3.09547	5.17942	0.77002	5.72095
9	2.52669	2.64785	2.97471	5.17454	0.71776	5.59317
10	2.52406	2.64508	2.83592	5.16914	0.66172	5.44834
11	2.52117	2.64206	2.67926	5.16323	0.60372	5.28779
12	2.51803	2.63877	2.50792	5.15680	0.54712	5.11613
13	2.51464	2.63521	2.33199	5.14986	0.49762	4.94455
14	2.51100	2.63140	2.17410	5.14240	0.46349	4.79444
15	2.50710	2.62731	2.06935	5.13442	0.45318	4.69513
16	2.50296	2.62297	2.04580	5.12592	0.46985	4.66744
17	2.49855	2.61835	2.09998	5.11691	0.50870	4.70722
18	2.49390	2.61347	2.20487	5.10737	0.56086	4.79315
19	2.48899	2.60833	2.33327	5.09731	0.61849	4.90346
20	2.48382	2.60291	2.46740	5.08673	0.67644	5.02284
21	2.47840	2.59723	2.59767	5.07563	0.73172	5.14206
22	2.47272	2.59129	2.71939	5.06401	0.78275	5.25594
23	2.46679	2.58507	2.83052	5.05186	0.82872	5.36167
24	2.46060	2.57858	2.93034	5.03918	0.86923	5.45781
25	2.45415	2.57183	3.01876	5.02598	0.90413	5.54365
26	2.44745	2.56480	3.09596	5.01225	0.93339	5.61889
27	2.44049	2.55750	3.16222	4.99799	0.95705	5.68342
28	2.43326	2.54994	3.21786	4.98320	0.97517	5.73725
29	2.42578	2.54210	3.26311	4.96788	0.98781	5.78036
30	2.41804	2.53398	3.29816	4.95202	0.99503	5.81276
31	2.41003	2.52559	3.32312	4.93563	0.99689	5.83435
32	2.40177	2.51693	3.33797	4.91870	0.99344	5.84501
33	2.39324	2.50799	3.34262	4.90123	0.98469	5.84450
34	2.38445	2.49878	3.33684	4.88323	0.97067	5.83246
35	2.37539	2.48929	3.32025	4.86468	0.95139	5.80842
36	2.36607	2.47952	3.29233	4.84559	0.92685	5.77175
37	2.35648	2.46947	3.25235	4.82596	0.89708	5.72163
38	2.34663	2.45915	3.19936	4.80578	0.86212	5.65702
39	2.33651	2.44854	3.13214	4.78505	0.82210	5.57666
40	2.32612	2.43765	3.04915	4.76377	0.77724	5.47902
41	2.31546	2.42648	2.94849	4.74194	0.72803	5.36235
42	2.30453	2.41503	2.82800	4.71956	0.67533	5.22480
43	2.29333	2.40329	2.68549	4.69662	0.62074	5.06489
44	2.28185	2.39127	2.51964	4.67312	0.56704	4.88255
45	2.27011	2.37896	2.33217	4.64907	0.51886	4.68152
46	2.25809	2.36636	2.13233	4.62445	0.48292	4.47330
47	2.24580	2.35348	1.94231	4.59927	0.46668	4.28042
48	2.23322	2.34030	1.79507	4.57353	0.47452	4.13117
49	2.22038	2.32684	1.71651	4.54722	0.50449	4.04326
50	2.20725	2.31308	1.70879	4.52034	0.54978	4.01486
51	2.19385	2.29904	1.75518	4.49288	0.60294	4.03204
52	2.18016	2.28470	1.83464	4.46486	0.65833	4.07920
53	2.16620	2.27006	1.93047	4.43626	0.71237	4.14378
54	2.15195	2.25513	2.03174	4.40708	0.76297	4.21692
55	2.13742	2.23991	2.13194	4.37733	0.80894	4.29271
56	2.12261	2.22439	2.22741	4.34700	0.84969	4.36732
57	2.10751	2.20857	2.31615	4.31608	0.88489	4.43826
58	2.09213	2.19245	2.39713	4.28458	0.91442	4.50393
59	2.07646	2.17603	2.46985	4.25249	0.93827	4.56330
60	2.06051	2.15931	2.53411	4.21982	0.95647	4.61568
61	2.04427	2.14229	2.58987	4.18656	0.96908	4.66060
62	2.02774	2.12497	2.63714	4.15270	0.97618	4.69768
63	2.01092	2.10734	2.67593	4.11826	0.97784	4.72664
64	1.99381	2.08942	2.70624	4.08323	0.97416	4.74718
65	1.97642	2.07119	2.72799	4.04760	0.96520	4.75896
66	1.95873	2.05265	2.74104	4.01138	0.95106	4.76161
67	1.94076	2.03381	2.74512	3.97457	0.93183	4.75461
68	1.92249	2.01467	2.73986	3.93716	0.90761	4.73735
69	1.90394	1.99523	2.72467	3.89916	0.87854	4.70898
70	1.88509	1.97548	2.69876	3.86057	0.84482	4.66845
71	1.86596	1.95543	2.66107	3.82139	0.80673	4.61438
72	1.84654	1.93508	2.61014	3.78162	0.76472	4.54502
73	1.82683	1.91443	2.54408	3.74126	0.71949	4.45813
74	1.80684	1.89347	2.46048	3.70031	0.67215	4.35100
75	1.78656	1.87222	2.35639	3.65878	0.62442	4.22053
76	1.76600	1.85068	2.22862	3.61668	0.57896	4.06371
77	1.74516	1.82884	2.07468	3.57400	0.53959	3.87893
78	1.72405	1.80671	1.89477	3.53076	0.51112	3.66848
79	1.70266	1.78430	1.69496	3.48695	0.49827	3.44168
80	1.68100	1.76160	1.48905	3.44259	0.50364	3.21551
81	1.65907	1.73862	1.29591	3.39769	0.52626	3.00937
82	1.63689	1.71537	1.13347	3.35226	0.56222	2.83729
83	1.61445	1.69186	1.01411	3.30630	0.60667	2.70449
84	1.59176	1.66808	0.94273	3.25984	0.65533	2.60916
85	1.56883	1.64406	0.91636	3.21289	0.70497	2.54579
86	1.54568	1.61979	0.92598	3.16547	0.75330	2.50773
87	1.52230	1.59529	0.96018	3.11759	0.79872	2.48858
88	1.49871	1.57057	1.00870	3.06929	0.84010	2.48288
89	1.47493	1.54565	1.06388	3.02059	0.87663	2.48624
90	1.45097	1.52054	1.12059	2.97151	0.90772	2.49529
91	1.42684	1.49526	1.17561	2.92210	0.93293	2.50751
92	1.40257	1.46983	1.22705	2.87240	0.95193	2.52107
93	1.37818	1.44426	1.27385	2.82244	0.96447	2.53471
94	1.35369	1.41859	1.31550	2.77228	0.97032	2.54757
95	1.32912	1.39285	1.35185	2.72197	0.96933	2.55916
96	1.30451	1.36706	1.38301	2.67158	0.96134	2.56922
97	1.27990	1.34127	1.40926	2.62117	0.94622	2.57773
98	1.25532	1.31551	1.43100	2.57082	0.92386	2.58481
99	1.23081	1.28982	1.44878	2.52063	0.89419	2.59072
100	1.20642	1.26427	1.46320	2.47068	0.85719	2.59580
101	1.18220	1.23889	1.47494	2.42110	0.81295	2.60041
102	1.15823	1.21376	1.48465	2.37199	0.76174	2.60481
103	1.13455	1.18895	1.49284	2.32350	0.70423	2.60899
104	1.11124	1.16453	1.49960	2.27577	0.64179	2.61228
105	1.08839	1.14058	1.50407	2.22898	0.57713	2.61270
106	1.06608	1.11720	1.50347	2.18329	0.51540	2.60577
107	1.04441	1.09449	1.49204	2.13890	0.46541	2.58323
108	1.02348	1.07255	1.46142	2.09603	0.43898	2.53378
109	1.00339	1.05151	1.40689	2.05490	0.44463	2.45095
110	0.98428	1.03147	1.33502	2.01575	0.47985	2.34263
111	0.96626	1.01259	1.25874	1.97884	0.53351	2.22492
112	0.94945	0.99498	1.18787	1.94443	0.59438	2.11049
113	0.93400	0.97878	1.12709	1.91278	0.65508	2.00601
114	0.92003	0.96414	1.07749	1.88417	0.71149	1.91410
115	0.90767	0.95119	1.03816	1.85885	0.76151	1.83512
116	0.89703	0.94004	1.00718	1.83707	0.80409	1.76828
117	0.88824	0.93083	0.98216	1.81906	0.83877	1.71216
118	0.88138	0.92364	0.96064	1.80502	0.86539	1.66502
119	0.87654	0.91857	0.94024	1.79510	0.88400	1.62496
120	0.87377	0.91566	0.91877	1.78943	0.89476	1.59006
121	0.87310	0.91496	0.89427	1.78807	0.89798	1.55845
122	0.87455	0.91648	0.86504	1.79103	0.89412	1.52843
123	0.87809	0.92020	0.82957	1.79829	0.88382	1.49852
124	0.88369	0.92606	0.78663	1.80975	0.86796	1.46756
125	0.89128	0.93401	0.73522	1.82529	0.84776	1.43481
126	0.90077	0.94395	0.67468	1.84472	0.82492	1.40015
127	0.91205	0.95578	0.60487	1.86784	0.80166	1.36421
128	0.92503	0.96938	0.52646	1.89441	0.78087	1.32854
129	0.93956	0.98461	0.44142	1.92418	0.76595	1.29569
130	0.95553	1.00135	0.35389	1.95688	0.76050	1.26882
131	0.97280	1.01944	0.27194	1.99225	0.76753	1.25103
132	0.99125	1.03877	0.21119	2.03002	0.78873	1.24424
133	1.01074	1.05919	0.19479	2.06993	0.82392	1.24851
134	1.03115	1.08058	0.22808	2.11173	0.87127	1.26211
135	1.05237	1.10282	0.28819	2.15519	0.92802	1.28233
136	1.07429	1.12579	0.35572	2.20008	0.99118	1.30631
137	1.09681	1.14939	0.42190	2.24620	1.05810	1.33156
138	1.11984	1.17353	0.48317	2.29337	1.12664	1.35619
139	1.14329	1.19810	0.53808	2.34139	1.19518	1.37885
140	1.16709	1.22304	0.58610	2.39013	1.26256	1.39866
141	1.19116	1.24827	0.62713	2.43943	1.32798	1.41507
142	1.21544	1.27372	0.66126	2.48916	1.39092	1.42779
143	1.23988	1.29933	0.68867	2.53921	1.45105	1.43668
144	1.26443	1.32505	0.70961	2.58947	1.50823	1.44173
145	1.28903	1.35082	0.72435	2.63985	1.56243	1.44301
146	1.31364	1.37662	0.73318	2.69026	1.61371	1.44064
147	1.33824	1.40240	0.73642	2.74063	1.66222	1.43479
148	1.36278	1.42811	0.73443	2.79089	1.70821	1.42564
149	1.38724	1.45375	0.72760	2.84098	1.75197	1.41340
150	1.41159	1.47926	0.71643	2.89085	1.79387	1.39830
151	1.43581	1.50464	0.70150	2.94045	1.83435	1.38057
152	1.45988	1.52987	0.68353	2.98974	1.87391	1.36046
153	1.48377	1.55491	0.66346	3.03868	1.91313	1.33820
154	1.50748	1.57975	0.64249	3.08724	1.95268	1.31404
155	1.53099	1.60439	0.62218	3.13538	1.99327	1.28823
156	1.55429	1.62881	0.60445	3.18309	2.03570	1.26100
157	1.57736	1.65298	0.59170	3.23034	2.08084	1.23257
158	1.60020	1.67692	0.58663	3.27712	2.12961	1.20314
159	1.62280	1.70060	0.59200	3.32339	2.18297	1.17289
160	1.64514	1.72401	0.61029	3.36916	2.24190	1.14199
161	1.66723	1.74716	0.64318	3.41439	2.30741	1.11055
162	1.68906	1.77004	0.69140	3.45910	2.38044	1.07867
163	1.71062	1.79263	0.75475	3.50325	2.46192	1.04643
164	1.73191	1.81494	0.83242	3.54685	2.55265	1.01389
165	1.75292	1.83696	0.92326	3.58988	2.65331	0.98110
166	1.77366	1.85869	1.02606	3.63235	2.76444	0.94815
167	1.79411	1.88013	1.13962	3.67424	2.88632	0.91517
168	1.81429	1.90127	1.26277	3.71555	3.01900	0.88236
169	1.83417	1.92211	1.39432	3.75628	3.16220	0.85004
170	1.85378	1.94265	1.53297	3.79642	3.31522	0.81865
171	1.87309	1.96289	1.67719	3.83598	3.47687	0.78883
172	1.89212	1.98283	1.82518	3.87494	3.64538	0.76140
173	1.91085	2.00246	1.97470	3.91331	3.81830	0.73735
174	1.92930	2.02179	2.12310	3.95109	3.99250	0.71780
175	1.94746	2.04082	2.26738	3.98828	4.16426	0.70387
176	1.96533	2.05954	2.40441	4.02487	4.32956	0.69653
177	1.98290	2.07796	2.53124	4.06087	4.48450	0.69642
178	2.00019	2.09608	2.64548	4.09627	4.62577	0.70369
179	2.01719	2.11390	2.74560	4.13109	4.75111	0.71799
180	2.03390	2.13141	2.83098	4.16531	4.85939	0.73852
181	2.05032	2.14862	2.90184	4.19894	4.95057	0.76417
182	2.06646	2.16552	2.95899	4.23198	5.02541	0.79373
183	2.08231	2.18213	3.00356	4.26444	5.08516	0.82601
184	2.09787	2.19844	3.03681	4.29631	5.13128	0.85991
185	2.11314	2.21445	3.05998	4.32759	5.16526	0.89452
186	2.12814	2.23016	3.07420	4.35829	5.18850	0.92904
187	2.14284	2.24557	3.08047	4.38841	5.20225	0.96284
188	2.15727	2.26069	3.07961	4.41795	5.20762	0.99542
189	2.17141	2.27550	3.07235	4.44691	5.20554	1.02637
190	2.18527	2.29003	3.05926	4.47530	5.19682	1.05538
191	2.19885	2.30426	3.04082	4.50311	5.18212	1.08219
192	2.21215	2.31820	3.01742	4.53035	5.16201	1.10660
193	2.22517	2.33185	2.98936	4.55702	5.13699	1.12845
194	2.23792	2.34520	2.95689	4.58312	5.10748	1.14762
195	2.25038	2.35827	2.92023	4.60865	5.07383	1.16400
196	2.26258	2.37105	2.87955	4.63363	5.03638	1.17752
197	2.27450	2.38354	2.83498	4.65803	4.99542	1.18810
198	2.28614	2.39574	2.78665	4.68188	4.95124	1.19570
199	2.29751	2.40766	2.73469	4.70517	4.90412	1.20028
200	2.30861	2.41929	2.67922	4.72790	4.85434	1.20181
201	2.31944	2.43064	2.62036	4.75008	4.80221	1.20026
202	2.33000	2.44171	2.55827	4.77171	4.74806	1.19563
203	2.34029	2.45249	2.49317	4.79278	4.69226	1.18792
204	2.35031	2.46299	2.42530	4.81331	4.63525	1.17714
205	2.36007	2.47322	2.35500	4.83328	4.57753	1.16332
206	2.36956	2.48316	2.28274	4.85272	4.51971	1.14651
207	2.37878	2.49282	2.20911	4.87161	4.46251	1.12677
208	2.38774	2.50221	2.13493	4.88995	4.40679	1.10419
209	2.39643	2.51132	2.06127	4.90776	4.35358	1.07889
210	2.40486	2.52016	1.98956	4.92502	4.30413	1.05104
211	2.41303	2.52872	1.92166	4.94175	4.25990	1.02085
212	2.42094	2.53701	1.85993	4.95795	4.22263	0.98860
213	2.42859	2.54502	1.80731	4.97360	4.19434	0.95464
214	2.43597	2.55276	1.76733	4.98873	4.17729	0.91942
215	2.44310	2.56023	1.74392	5.00332	4.17398	0.88349
216	2.44996	2.56742	1.74114	5.01739	4.18705	0.84756
217	2.45657	2.57435	1.76262	5.03092	4.21906	0.81246
218	2.46292	2.58100	1.81089	5.04393	4.27223	0.77922
219	2.46902	2.58739	1.88675	5.05641	4.34808	0.74901
220	2.47485	2.59350	1.98892	5.06836	4.44692	0.72310
221	2.48044	2.59935	2.11395	5.07979	4.56748	0.70280
222	2.48576	2.60493	2.25657	5.09070	4.70661	0.68928
223	2.49083	2.61025	2.41033	5.10108	4.85941	0.68338
224	2.49565	2.61529	2.56840	5.11094	5.01979	0.68548
225	2.50021	2.62007	2.72446	5.12028	5.18132	0.69537
226	2.50452	2.62459	2.87337	5.12911	5.33822	0.71230
227	2.50857	2.62884	3.01153	5.13741	5.48594	0.73517
228	2.51238	2.63282	3.13680	5.14520	5.62143	0.76272
229	2.51592	2.63654	3.24825	5.15247	5.74297	0.79364
230	2.51922	2.64000	3.34583	5.15922	5.84996	0.82678
231	2.52227	2.64319	3.43003	5.16545	5.94247	0.86113
232	2.52506	2.64611	3.50161	5.17118	6.02107	0.89585
233	2.52760	2.64878	3.56146	5.17638	6.08652	0.93028
234	2.52989	2.65118	3.61050	5.18107	6.13971	0.96390
235	2.53194	2.65332	3.64958	5.18525	6.18151	0.99630
236	2.53372	2.65519	3.67949	5.18892	6.21277	1.02715
237	2.53526	2.65681	3.70094	5.19207	6.23426	1.05620
238	2.53655	2.65816	3.71454	5.19471	6.24670	1.08327
239	2.53759	2.65924	3.72082	5.19684	6.25069	1.10819
240	2.53838	2.66007	3.72024	5.19845	6.24680	1.13084
241	2.53892	2.66063	3.71319	5.19955	6.23550	1.15113
242	2.53921	2.66094	3.69999	5.20014	6.21722	1.16897
243	2.53924	2.66098	3.68093	5.20022	6.19233	1.18429
244	2.53903	2.66075	3.65623	5.19979	6.16114	1.19702
245	2.53857	2.66027	3.62607	5.19884	6.12392	1.20713
246	2.53786	2.65952	3.59060	5.19738	6.08092	1.21455
247	2.53689	2.65852	3.54994	5.19541	6.03236	1.21924
248	2.53568	2.65725	3.50418	5.19293	5.97841	1.22116
249	2.53422	2.65571	3.45338	5.18993	5.91925	1.22028
250	2.53251	2.65392	3.39758	5.18642	5.85503	1.21654
251	2.53054	2.65186	3.33682	5.18240	5.78591	1.20991
252	2.52833	2.64954	3.27113	5.17786	5.71204	1.20037
253	2.52586	2.64695	3.20052	5.17281	5.63359	1.18788
254	2.52314	2.64411	3.12501	5.16725	5.55074	1.17241
255	2.52017	2.64100	3.04467	5.16117	5.46372	1.15396
256	2.51695	2.63762	2.95956	5.15457	5.37282	1.13252
257	2.51348	2.63398	2.86982	5.14746	5.27838	1.10810
258	2.50976	2.63008	2.77570	5.13983	5.18089	1.08074
259	2.50578	2.62591	2.67755	5.13169	5.08097	1.05053
260	2.50155	2.62148	2.57595	5.12302	4.97944	1.01757
261	2.49706	2.61678	2.47179	5.11384	4.87742	0.98206
262	2.49232	2.61181	2.36639	5.10413	4.77637	0.94427
263	2.48733	2.60658	2.26171	5.09391	4.67825	0.90461
264	2.48208	2.60108	2.16058	5.08316	4.58560	0.86365
265	2.47658	2.59531	2.06699	5.07189	4.50170	0.82218
266	2.47082	2.58928	1.98631	5.06010	4.43063	0.78126
267	2.46480	2.58297	1.92531	5.04778	4.37721	0.74230
268	2.45853	2.57640	1.89156	5.03493	4.34670	0.70705
269	2.45200	2.56956	1.89204	5.02156	4.34404	0.67752
270	2.44521	2.56244	1.93091	5.00765	4.37272	0.65579
271	2.43816	2.55506	2.00749	4.99322	4.43335	0.64367
272	2.43086	2.54740	2.11574	4.97826	4.52281	0.64219
273	2.42329	2.53947	2.24591	4.96276	4.63452	0.65138
274	2.41546	2.53127	2.38733	4.94673	4.76004	0.67023
275	2.40737	2.52279	2.53076	4.93017	4.89098	0.69700
276	2.39902	2.51404	2.66954	4.91306	5.02050	0.72968
277	2.39041	2.50501	2.79954	4.89542	5.14373	0.76635
278	2.38153	2.49571	2.91859	4.87724	5.25766	0.80536
279	2.37239	2.48613	3.02587	4.85852	5.36072	0.84537
280	2.36298	2.47627	3.12135	4.83925	5.45225	0.88540
281	2.35331	2.46613	3.20545	4.81944	5.53221	0.92470
282	2.34337	2.45571	3.27877	4.79908	5.60093	0.96274
283	2.33316	2.44501	3.34202	4.77817	5.65888	0.99913
284	2.32268	2.43403	3.39590	4.75671	5.70662	1.03362
285	2.31193	2.42277	3.44106	4.73470	5.74474	1.06600
286	2.30092	2.41122	3.47811	4.71214	5.77379	1.09614
287	2.28963	2.39939	3.50759	4.68902	5.79431	1.12396
288	2.27806	2.38728	3.52998	4.66534	5.80678	1.14939
289	2.26623	2.37488	3.54570	4.64110	5.81163	1.17240
290	2.25412	2.36219	3.55512	4.61631	5.80924	1.19294
291	2.24174	2.34921	3.55856	4.59094	5.79997	1.21100
292	2.22907	2.33594	3.55628	4.56501	5.78410	1.22656
293	2.21614	2.32238	3.54851	4.53852	5.76189	1.23960
294	2.20292	2.30853	3.53543	4.51145	5.73357	1.25011
295	2.18943	2.29439	3.51721	4.48381	5.69931	1.25807
296	2.17565	2.27995	3.49395	4.45560	5.65928	1.26347
297	2.16159	2.26522	3.46575	4.42682	5.61358	1.26627
298	2.14726	2.25020	3.43267	4.39745	5.56231	1.26646
299	2.13263	2.23488	3.39473	4.36751	5.50553	1.26399
300	2.11773	2.21926	3.35193	4.33699	5.44328	1.25885
301	2.10254	2.20334	3.30426	4.30588	5.37556	1.25098
302	2.08707	2.18713	3.25165	4.27419	5.30237	1.24035
303	2.07131	2.17061	3.19401	4.24192	5.22366	1.22690
304	2.05526	2.15379	3.13124	4.20905	5.13935	1.21059
305	2.03892	2.13668	3.06318	4.17560	5.04937	1.19135
306	2.02230	2.11926	2.98965	4.14156	4.95361	1.16912
307	2.00539	2.10153	2.91043	4.10692	4.85192	1.14387
308	1.98819	2.08351	2.82529	4.07170	4.74417	1.11552
309	1.97070	2.06518	2.73393	4.03588	4.63021	1.08404
310	1.95292	2.04655	2.63604	3.99947	4.50990	1.04942
311	1.93485	2.02761	2.53129	3.96246	4.38314	1.01165
312	1.91649	2.00837	2.41937	3.92486	4.24988	0.97081
313	1.89784	1.98883	2.30000	3.88667	4.11025	0.92705
314	1.87890	1.96899	2.17306	3.84789	3.96461	0.88064
315	1.85968	1.94884	2.03873	3.80851	3.81374	0.83207
316	1.84016	1.92839	1.89780	3.76855	3.65917	0.78215
317	1.82036	1.90764	1.75220	3.72800	3.50353	0.73215
318	1.80028	1.88659	1.60593	3.68686	3.35126	0.68400
319	1.77991	1.86524	1.46638	3.64515	3.20917	0.64048
320	1.75925	1.84360	1.34575	3.60286	3.08675	0.60524
321	1.73832	1.82167	1.26061	3.55999	2.99506	0.58233
322	1.71712	1.79945	1.22654	3.51657	2.94326	0.57506
323	1.69564	1.77694	1.24852	3.47258	2.93401	0.58460
324	1.67389	1.75415	1.31657	3.42804	2.96163	0.60935
325	1.65188	1.73108	1.41285	3.38297	3.01517	0.64576
326	1.62961	1.70775	1.52101	3.33736	3.08314	0.68975
327	1.60709	1.68415	1.63011	3.29124	3.15640	0.73777
328	1.58433	1.66029	1.73402	3.24462	3.22883	0.78717
329	1.56133	1.63618	1.82980	3.19751	3.29672	0.83613
330	1.53810	1.61184	1.91631	3.14994	3.35805	0.88351
331	1.51465	1.58727	1.99338	3.10192	3.41186	0.92860
332	1.49100	1.56248	2.06130	3.05348	3.45783	0.97099
333	1.46716	1.53750	2.12060	3.00466	3.49601	1.01050
334	1.44314	1.51233	2.17188	2.95547	3.52666	1.04705
335	1.41896	1.48700	2.21578	2.90596	3.55018	1.08067
336	1.39465	1.46152	2.25289	2.85617	3.56699	1.11144
337	1.37022	1.43592	2.28380	2.80614	3.57756	1.13948
338	1.34570	1.41022	2.30906	2.75593	3.58236	1.16493
339	1.32112	1.38446	2.32918	2.70558	3.58185	1.18796
340	1.29651	1.35867	2.34464	2.65518	3.57651	1.20873
341	1.27190	1.33288	2.35590	2.60478	3.56678	1.22744
342	1.24733	1.30714	2.36340	2.55447	3.55312	1.24427
343	1.22286	1.28149	2.36756	2.50435	3.53597	1.25943
344	1.19852	1.25598	2.36878	2.45451	3.51577	1.27311
345	1.17438	1.23068	2.36747	2.40506	3.49297	1.28553
346	1.15049	1.20565	2.36401	2.35614	3.46801	1.29690
347	1.12693	1.18096	2.35880	2.30788	3.44135	1.30745
348	1.10376	1.15668	2.35221	2.26044	3.41343	1.31740
349	1.08107	1.13291	2.34465	2.21398	3.38473	1.32698
350	1.05896	1.10973	2.33649	2.16869	3.35571	1.33644
351	1.03752	1.08726	2.32812	2.12478	3.32685	1.34602
352	1.01685	1.06560	2.31995	2.08245	3.29865	1.35598
353	0.99707	1.04487	2.31236	2.04193	3.27159	1.36655
354	0.97829	1.02519	2.30574	2.00349	3.24617	1.37801
355	0.96065	1.00671	2.30049	1.96736	3.22288	1.39061
356	0.94427	0.98954	2.29697	1.93382	3.20221	1.40460
357	0.92929	0.97384	2.29556	1.90313	3.18463	1.42023
358	0.91583	0.95973	2.29660	1.87556	3.17058	1.43775
359	0.90401	0.94735	2.30043	1.85136	3.16050	1.45738
360	0.89397	0.93682	2.30736	1.83079	3.15477	1.47934
361	0.88579	0.92826	2.31764	1.81405	3.15373	1.50383
362	0.87958	0.92175	2.33152	1.80133	3.15767	1.53104
363	0.87541	0.91737	2.34919	1.79278	3.16683	1.56110
364	0.87332	0.91518	2.37081	1.78850	3.18139	1.59415
365	0.87334	0.91521	2.39648	1.78855	3.20145	1.63029
366	0.87547	0.91744	2.42627	1.79292	3.22707	1.66959
367	0.87969	0.92186	2.46021	1.80155	3.25823	1.71208
368	0.88594	0.92841	2.49827	1.81436	3.29486	1.75778
369	0.89416	0.93702	2.54040	1.83118	3.33685	1.80668
370	0.90424	0.94759	2.58651	1.85183	3.38403	1.85874
371	0.91609	0.96001	2.63649	1.87610	3.43619	1.91390
372	0.92959	0.97415	2.69020	1.90374	3.49311	1.97209
373	0.94461	0.98988	2.74749	1.93449	3.55451	2.03322
374	0.96101	1.00708	2.80819	1.96809	3.62014	2.09720
375	0.97868	1.02559	2.87211	2.00427	3.68971	2.16391
376	0.99748	1.04529	2.93908	2.04276	3.76293	2.23325
377	1.01728	1.06604	3.00892	2.08331	3.83953	2.30509
378	1.03796	1.08772	3.08144	2.12568	3.91923	2.37933
379	1.05942	1.11020	3.15646	2.16963	4.00176	2.45584
380	1.08155	1.13339	3.23382	2.21494	4.08686	2.53453
381	1.10425	1.15718	3.31334	2.26142	4.17430	2.61526
382	1.12742	1.18146	3.39488	2.30888	4.26384	2.69795
383	1.15099	1.20616	3.47827	2.35716	4.35527	2.78247
384	1.17489	1.23120	3.56337	2.40609	4.44838	2.86875
385	1.19903	1.25651	3.65006	2.45554	4.54299	2.95667
386	1.22337	1.28201	3.73822	2.50539	4.63893	3.04616
387	1.24785	1.30767	3.82771	2.55552	4.73605	3.13713
388	1.27242	1.33341	3.91845	2.60583	4.83418	3.22949
389	1.29703	1.35920	4.01032	2.65622	4.93321	3.32317
390	1.32164	1.38499	4.10323	2.70663	5.03300	3.41811
391	1.34622	1.41075	4.19711	2.75697	5.13346	3.51422
392	1.37074	1.43644	4.29187	2.80718	5.23446	3.61146
393	1.39516	1.46204	4.38743	2.85721	5.33593	3.70976
394	1.41947	1.48752	4.48374	2.90699	5.43778	3.80906
395	1.44365	1.51285	4.58072	2.95649	5.53993	3.90931
396	1.46766	1.53801	4.67833	3.00567	5.64231	4.01046
397	1.49150	1.56299	4.77650	3.05449	5.74486	4.11247
398	1.51514	1.58777	4.87520	3.10291	5.84753	4.21529
399	1.53858	1.61234	4.97437	3.15092	5.95025	4.31888
400	1.56181	1.63667	5.07398	3.19848	6.05298	4.42320
401	1.58481	1.66077	5.17398	3.24558	6.15569	4.52822
402	1.60757	1.68463	5.27434	3.29219	6.25832	4.63390
403	1.63008	1.70822	5.37504	3.33830	6.36086	4.74021
404	1.65234	1.73155	5.47603	3.38390	6.46326	4.84712
405	1.67435	1.75461	5.57729	3.42896	6.56549	4.95460
406	1.69609	1.77739	5.67880	3.47348	6.66754	5.06263
407	1.71756	1.79990	5.78053	3.51746	6.76938	5.17117
408	1.73876	1.82211	5.88247	3.56087	6.87099	5.28020
409	1.75969	1.84404	5.98458	3.60372	6.97235	5.38971
410	1.78033	1.86567	6.08686	3.64600	7.07344	5.49966
411	1.80069	1.88701	6.18928	3.68771	7.17425	5.61004
412	1.82077	1.90805	6.29184	3.72883	7.27477	5.72084
413	1.84057	1.92880	6.39450	3.76937	7.37498	5.83202
414	1.86007	1.94924	6.49727	3.80932	7.47487	5.94358
415	1.87929	1.96938	6.60013	3.84868	7.57444	6.05549
416	1.89823	1.98922	6.70307	3.88745	7.67368	6.16775
417	1.91687	2.00876	6.80607	3.92563	7.77258	6.28033
418	1.93522	2.02799	6.90913	3.96321	7.87113	6.39323
419	1.95328	2.04692	7.01223	4.00020	7.96933	6.50642
420	1.97106	2.06555	7.11538	4.03660	8.06718	6.61990
421	1.98854	2.08387	7.21855	4.07241	8.16467	6.73366
422	2.00573	2.10189	7.32175	4.10762	8.26179	6.84767
423	2.02264	2.11960	7.42496	4.14224	8.35855	6.96194
424	2.03926	2.13701	7.52818	4.17627	8.45494	7.07645
425	2.05558	2.15413	7.63141	4.20971	8.55097	7.19118
426	2.07162	2.17094	7.73464	4.24256	8.64663	7.30614
427	2.08738	2.18745	7.83785	4.27482	8.74191	7.42130
428	2.10285	2.20365	7.94106	4.30650	8.83683	7.53667
429	2.11803	2.21957	8.04425	4.33759	8.93138	7.65223
430	2.13293	2.23518	8.14742	4.36810	9.02556	7.76797
431	2.14754	2.25049	8.25057	4.39803	9.11937	7.88389
432	2.16187	2.26551	8.35369	4.42738	9.21281	7.99998
433	2.17592	2.28023	8.45678	4.45616	9.30589	8.11622
434	2.18969	2.29466	8.55983	4.48435	9.39861	8.23263
435	2.20318	2.30880	8.66285	4.51198	9.49096	8.34917
436	2.21639	2.32264	8.76583	4.53903	9.58296	8.46586
437	2.22932	2.33619	8.86877	4.56551	9.67459	8.58269
438	2.24197	2.34946	8.97166	4.59143	9.76587	8.69964
439	2.25435	2.36243	9.07451	4.61678	9.85680	8.81671
440	2.26646	2.37511	9.17731	4.64157	9.94738	8.93390
441	2.27828	2.38751	9.28006	4.66579	10.03761	9.05119
442	2.28984	2.39962	9.38276	4.68945	10.12749	9.16860
443	2.30112	2.41144	9.48540	4.71256	10.21703	9.28610
444	2.31213	2.42298	9.58799	4.73511	10.30624	9.40370
445	2.32287	2.43423	9.69053	4.75711	10.39510	9.52138
446	2.33334	2.44521	9.79301	4.77855	10.48364	9.63915
447	2.34355	2.45590	9.89543	4.79945	10.57185	9.75700
448	2.35348	2.46631	9.99779	4.81979	10.65973	9.87492
449	2.36315	2.47644	10.10009	4.83959	10.74729	9.99292
450	2.37255	2.48629	10.20233	4.85885	10.83453	10.11098
451	2.38169	2.49587	10.30451	4.87756	10.92145	10.22910
452	2.39056	2.50517	10.40663	4.89572	11.00807	10.34729
453	2.39917	2.51419	10.50869	4.91335	11.09438	10.46552
454	2.40751	2.52293	10.61068	4.93044	11.18038	10.58380
455	2.41559	2.53140	10.71260	4.94700	11.26608	10.70213
456	2.42341	2.53960	10.81447	4.96301	11.35149	10.82051
457	2.43097	2.54752	10.91627	4.97850	11.43661	10.93892
458	2.43828	2.55517	11.01800	4.99345	11.52143	11.05736
459	2.44532	2.56255	11.11967	5.00787	11.60598	11.17584
460	2.45210	2.56966	11.22127	5.02176	11.69024	11.29434
461	2.45862	2.57650	11.32280	5.03512	11.77422	11.41286
462	2.46489	2.58306	11.42427	5.04795	11.85794	11.53141
463	2.47090	2.58936	11.52568	5.06026	11.94139	11.64997
464	2.47665	2.59539	11.62701	5.07204	12.02457	11.76855
465	2.48215	2.60115	11.72828	5.08330	12.10749	11.88714
466	2.48739	2.60664	11.82949	5.09403	12.19016	12.00573
467	2.49238	2.61187	11.93062	5.10425	12.27257	12.12433
468	2.49711	2.61683	12.03169	5.11394	12.35474	12.24293
469	2.50159	2.62152	12.13269	5.12311	12.43667	12.36152
470	2.50581	2.62595	12.23363	5.13176	12.51836	12.48011
471	2.50978	2.63011	12.33450	5.13990	12.59981	12.59869
472	2.51350	2.63401	12.43530	5.14752	12.68104	12.71726
473	2.51697	2.63765	12.53604	5.15461	12.76204	12.83581
474	2.52018	2.64101	12.63671	5.16120	12.84282	12.95434
475	2.52315	2.64412	12.73731	5.16727	12.92338	13.07285
476	2.52586	2.64696	12.83785	5.17282	13.00373	13.19134
477	2.52832	2.64954	12.93832	5.17786	13.08388	13.30980
478	2.53053	2.65185	13.03872	5.18238	13.16382	13.42823
479	2.53248	2.65391	13.13906	5.18639	13.24356	13.54662
480	2.53419	2.65570	13.23933	5.18989	13.32312	13.66498
481	2.53565	2.65722	13.33954	5.19287	13.40248	13.78330
482	2.53685	2.65849	13.43968	5.19534	13.48166	13.90157
483	2.53781	2.65949	13.53975	5.19730	13.56066	14.01980
484	2.53852	2.66023	13.63976	5.19874	13.63948	14.13798
485	2.53897	2.66071	13.73971	5.19968	13.71814	14.25610
486	2.53918	2.66092	13.83959	5.20010	13.79664	14.37417
487	2.53913	2.66088	13.93941	5.20001	13.87497	14.49219
488	2.53884	2.66057	14.03916	5.19941	13.95315	14.61014
489	2.53829	2.66000	14.13885	5.19829	14.03118	14.72802
490	2.53750	2.65917	14.23848	5.19667	14.10907	14.84584
491	2.53645	2.65807	14.33804	5.19453	14.18682	14.96359
492	2.53516	2.65672	14.43754	5.19187	14.26443	15.08126
493	2.53361	2.65510	14.53698	5.18871	14.34192	15.19885
494	2.53182	2.65321	14.63635	5.18503	14.41928	15.31636
495	2.52977	2.65107	14.73566	5.18084	14.49653	15.43379
496	2.52747	2.64866	14.83491	5.17613	14.57366	15.55112
497	2.52492	2.64599	14.93410	5.17092	14.65069	15.66837
498	2.52212	2.64306	15.03323	5.16518	14.72762	15.78552
499	2.51907	2.63986	15.13229	5.15893	14.80446	15.90257
500	2.51577	2.63640	15.23130	5.15217	14.88120	16.01952
501	2.51221	2.63267	15.33024	5.14488	14.95786	16.13637
502	2.50840	2.62868	15.42913	5.13708	15.03445	16.25310
503	2.50434	2.62443	15.52795	5.12877	15.11096	16.36972
504	2.50003	2.61990	15.62672	5.11993	15.18741	16.48622
505	2.49546	2.61512	15.72542	5.11057	15.26380	16.60261
506	2.49063	2.61006	15.82407	5.10070	15.34014	16.71886
507	2.48556	2.60474	15.92265	5.09030	15.41643	16.83499
508	2.48023	2.59916	16.02118	5.07938	15.49269	16.95098
509	2.47464	2.59330	16.11965	5.06794	15.56891	17.06683
510	2.46879	2.58718	16.21806	5.05597	15.64510	17.18254
511	2.46269	2.58079	16.31642	5.04348	15.72128	17.29811
512	2.45633	2.57412	16.41471	5.03046	15.79745	17.41352
513	2.44972	2.56719	16.51295	5.01691	15.87361	17.52877
514	2.44285	2.55999	16.61114	5.00283	15.94978	17.64387
515	2.43571	2.55251	16.70927	4.98823	16.02595	17.75880
516	2.42832	2.54477	16.80734	4.97309	16.10215	17.87355
517	2.42067	2.53675	16.90535	4.95742	16.17837	17.98814
518	2.41275	2.52846	17.00331	4.94121	16.25463	18.10254
519	2.40458	2.51989	17.10121	4.92447	16.33092	18.21675
520	2.39614	2.51105	17.19906	4.90719	16.40727	18.33077
521	2.38744	2.50193	17.29686	4.88937	16.48368	18.44459
522	2.37847	2.49253	17.39460	4.87101	16.56016	18.55821
523	2.36924	2.48286	17.49229	4.85211	16.63671	18.67162
524	2.35975	2.47291	17.58992	4.83266	16.71335	18.78481
525	2.34998	2.46268	17.68750	4.81267	16.79008	18.89778
526	2.33995	2.45217	17.78502	4.79213	16.86692	19.01052
527	2.32966	2.44138	17.88250	4.77104	16.94388	19.12302
528	2.31909	2.43031	17.97992	4.74940	17.02096	19.23528
529	2.30825	2.41895	18.07729	4.72721	17.09817	19.34729
530	2.29715	2.40732	18.17460	4.70446	17.17554	19.45904
531	2.28577	2.39539	18.27187	4.68116	17.25306	19.57052
532	2.27411	2.38318	18.36908	4.65730	17.33074	19.68173
533	2.26219	2.37068	18.46624	4.63287	17.40861	19.79266
534	2.24999	2.35790	18.56336	4.60789	17.48667	19.90330
535	2.23751	2.34483	18.66042	4.58234	17.56493	20.01363
536	2.22476	2.33146	18.75743	4.55622	17.64341	20.12366
537	2.21173	2.31781	18.85439	4.52954	17.72212	20.23337
538	2.19842	2.30386	18.95130	4.50228	17.80107	20.34275
539	2.18483	2.28963	19.04817	4.47446	17.88028	20.45179
540	2.17096	2.27509	19.14498	4.44606	17.95976	20.56049
541	2.15682	2.26027	19.24174	4.41708	18.03953	20.66882
542	2.14238	2.24514	19.33846	4.38753	18.11959	20.77678
543	2.12767	2.22972	19.43513	4.35739	18.19997	20.88436
544	2.11267	2.21401	19.53175	4.32668	18.28069	20.99154
545	2.09739	2.19799	19.62832	4.29538	18.36175	21.09832
546	2.08182	2.18168	19.72485	4.26349	18.44318	21.20467
547	2.06596	2.16506	19.82133	4.23102	18.52499	21.31059
548	2.04982	2.14815	19.91776	4.19796	18.60721	21.41605
549	2.03339	2.13093	20.01414	4.16432	18.68985	21.52105
550	2.01667	2.11341	20.11048	4.13008	18.77293	21.62557
551	1.99966	2.09559	20.20678	4.09525	18.85647	21.72959
552	1.98236	2.07746	20.30303	4.05983	18.94050	21.83309
553	1.96478	2.05903	20.39923	4.02381	19.02503	21.93606
554	1.94690	2.04030	20.49539	3.98720	19.11009	22.03848
555	1.92874	2.02127	20.59150	3.95000	19.19570	22.14033
556	1.91028	2.00193	20.68757	3.91221	19.28189	22.24159
557	1.89154	1.98228	20.78359	3.87382	19.36869	22.34223
558	1.87250	1.96234	20.87957	3.83484	19.45611	22.44223
559	1.85318	1.94209	20.97551	3.79527	19.54419	22.54158
560	1.83357	1.92154	21.07140	3.75511	19.63296	22.64024
561	1.81367	1.90069	21.16725	3.71437	19.72245	22.73820
562	1.79349	1.87955	21.26306	3.67304	19.81269	22.83541
563	1.77303	1.85810	21.35882	3.63113	19.90371	22.93186
564	1.75229	1.83636	21.45455	3.58865	19.99554	23.02751
565	1.73126	1.81434	21.55023	3.54560	20.08823	23.12234
566	1.70997	1.79202	21.64587	3.50199	20.18181	23.21630
567	1.68840	1.76942	21.74146	3.45782	20.27631	23.30937
568	1.66656	1.74654	21.83702	3.41310	20.37179	23.40151
569	1.64447	1.72338	21.93254	3.36785	20.46828	23.49268
570	1.62211	1.69996	22.02801	3.32207	20.56582	23.58284
571	1.59951	1.67627	22.12345	3.27578	20.66447	23.67194
572	1.57666	1.65233	22.21884	3.22900	20.76427	23.75995
573	1.55359	1.62815	22.31419	3.18173	20.86527	23.84681
574	1.53028	1.60373	22.40951	3.13401	20.96753	23.93248
575	1.50677	1.57909	22.50478	3.08585	21.07109	24.01690
576	1.48305	1.55423	22.60002	3.03729	21.17602	24.10002
577	1.45915	1.52919	22.69522	2.98834	21.28238	24.18178
578	1.43508	1.50396	22.79038	2.93904	21.39022	24.26213
579	1.41085	1.47858	22.88550	2.88943	21.49962	24.34099
580	1.38650	1.45306	22.98058	2.83956	21.61063	24.41830
581	1.36204	1.42742	23.07563	2.78946	21.72333	24.49400
582	1.33749	1.40170	23.17063	2.73920	21.83780	24.56800
583	1.31290	1.37593	23.26560	2.68883	21.95409	24.64024
584	1.28828	1.35013	23.36054	2.63841	22.07229	24.71064
585	1.26368	1.32436	23.45543	2.58804	22.19247	24.77912
586	1.23914	1.29864	23.55029	2.53778	22.31470	24.84559
587	1.21471	1.27303	23.64512	2.48774	22.43908	24.90997
588	1.19043	1.24759	23.73991	2.43802	22.56566	24.97218
589	1.16636	1.22237	23.83466	2.38873	22.69453	25.03213
590	1.14258	1.19744	23.92938	2.34002	22.82576	25.08974
591	1.11914	1.17288	24.02406	2.29201	22.95941	25.14492
592	1.09612	1.14876	24.11870	2.24488	23.09554	25.19760
593	1.07362	1.12517	24.21332	2.19879	23.23421	25.24770
594	1.05172	1.10222	24.30789	2.15393	23.37547	25.29516
595	1.03052	1.08000	24.40244	2.11052	23.51933	25.33993
596	1.01013	1.05864	24.49695	2.06877	23.66581	25.38196
597	0.99067	1.03824	24.59142	2.02891	23.81490	25.42125
598	0.97226	1.01895	24.68587	1.99121	23.96656	25.45779
599	0.95503	1.00088	24.78028	1.95591	24.12074	25.49161
600	0.93910	0.98419	24.87465	1.92329	24.27734	25.52278
601	0.92461	0.96899	24.96899	1.89360	24.43624	25.55138
602	0.91169	0.95544	25.06331	1.86713	24.59727	25.57755
603	0.90045	0.94366	25.15758	1.84411	24.76023	25.60146
604	0.89102	0.93377	25.25183	1.82479	24.92489	25.62333
605	0.88349	0.92588	25.34604	1.80936	25.09096	25.64341
606	0.87795	0.92007	25.44023	1.79802	25.25814	25.66200
607	0.87447	0.91641	25.53438	1.79088	25.42610	25.67943
608	0.87309	0.91495	25.62850	1.78804	25.59448	25.69604
609	0.87381	0.91571	25.72259	1.78952	25.76294	25.71221
610	0.87665	0.91867	25.81664	1.79531	25.93109	25.72832
611	0.88155	0.92380	25.91067	1.80535	26.09861	25.74475
612	0.88847	0.93104	26.00467	1.81951	26.26515	25.76186
613	0.89732	0.94031	26.09863	1.83762	26.43040	25.78000
614	0.90801	0.95150	26.19257	1.85950	26.59410	25.79948
615	0.92042	0.96450	26.28647	1.88492	26.75599	25.82059
616	0.93444	0.97919	26.38035	1.91362	26.91589	25.84358
617	0.94993	0.99542	26.47419	1.94535	27.07363	25.86865
618	0.96677	1.01306	26.56801	1.97984	27.22907	25.89597
619	0.98483	1.03198	26.66179	2.01681	27.38214	25.92568
620	1.00398	1.05204	26.75555	2.05602	27.53276	25.95788
621	1.02409	1.07311	26.84928	2.09720	27.68090	25.99263
622	1.04504	1.09507	26.94298	2.14011	27.82656	26.02997
623	1.06674	1.11780	27.03665	2.18454	27.96974	26.06992
624	1.08907	1.14120	27.13029	2.23026	28.11046	26.11248
625	1.11193	1.16515	27.22390	2.27709	28.24877	26.15762
626	1.13525	1.18959	27.31749	2.32484	28.38472	26.20531
627	1.15894	1.21441	27.41104	2.37335	28.51837	26.25550
628	1.18292	1.23954	27.50457	2.42247	28.64977	26.30815
629	1.20714	1.26492	27.59807	2.47206	28.77899	26.36317
630	1.23153	1.29048	27.69154	2.52202	28.90611	26.42053
631	1.25605	1.31617	27.78498	2.57222	29.03118	26.48013
632	1.28063	1.34193	27.87840	2.62256	29.15430	26.54192
633	1.30525	1.36773	27.97179	2.67297	29.27552	26.60581
634	1.32985	1.39351	28.06515	2.72336	29.39491	26.67175
635	1.35442	1.41925	28.15848	2.77367	29.51254	26.73965
636	1.37891	1.44492	28.25179	2.82382	29.62848	26.80944
637	1.40330	1.47048	28.34507	2.87377	29.74279	26.88106
638	1.42756	1.49591	28.43833	2.92347	29.85554	26.95444
639	1.45168	1.52118	28.53155	2.97287	29.96677	27.02951
640	1.47564	1.54629	28.62475	3.02193	30.07656	27.10621
641	1.49942	1.57121	28.71793	3.07062	30.18495	27.18447
642	1.52299	1.59592	28.81108	3.11891	30.29199	27.26424
643	1.54637	1.62041	28.90420	3.16677	30.39774	27.34545
644	1.56952	1.64467	28.99729	3.21418	30.50224	27.42806
645	1.59243	1.66869	29.09037	3.26112	30.60554	27.51201
646	1.61511	1.69245	29.18341	3.30757	30.70769	27.59724
647	1.63755	1.71596	29.27643	3.35351	30.80872	27.68372
648	1.65972	1.73920	29.36942	3.39893	30.90867	27.77138
649	1.68164	1.76217	29.46239	3.44381	31.00758	27.86019
650	1.70329	1.78486	29.55534	3.48815	31.10549	27.95010
651	1.72467	1.80727	29.64825	3.53194	31.20242	28.04108
652	1.74578	1.82939	29.74115	3.57517	31.29842	28.13307
653	1.76661	1.85122	29.83402	3.61783	31.39352	28.22605
654	1.78716	1.87276	29.92686	3.65992	31.48774	28.31998
655	1.80743	1.89400	30.01968	3.70143	31.58111	28.41481
656	1.82742	1.91494	30.11248	3.74236	31.67366	28.51053
657	1.84712	1.93559	30.20525	3.78270	31.76542	28.60709
658	1.86653	1.95593	30.29800	3.82246	31.85641	28.70446
659	1.88565	1.97597	30.39072	3.86162	31.94665	28.80262
660	1.90449	1.99571	30.48342	3.90020	32.03616	28.90153
661	1.92303	2.01515	30.57610	3.93818	32.12498	29.00118
662	1.94129	2.03428	30.66875	3.97557	32.21311	29.10153
663	1.95925	2.05311	30.76138	4.01236	32.30058	29.20255
664	1.97693	2.07163	30.85399	4.04856	32.38741	29.30423
665	1.99432	2.08985	30.94658	4.08417	32.47361	29.40654
666	2.01142	2.10777	31.03914	4.11919	32.55920	29.50946
667	2.02822	2.12539	31.13167	4.15361	32.64421	29.61297
668	2.04474	2.14270	31.22419	4.18744	32.72864	29.71705
669	2.06098	2.15971	31.31668	4.22069	32.81251	29.82167
670	2.07692	2.17642	31.40915	4.25334	32.89584	29.92681
671	2.09258	2.19283	31.50160	4.28541	32.97864	30.03247
672	2.10795	2.20894	31.59403	4.31690	33.06092	30.13862
673	2.12304	2.22475	31.68643	4.34779	33.14270	30.24524
674	2.13784	2.24027	31.77881	4.37811	33.22399	30.35233
675	2.15236	2.25549	31.87117	4.40785	33.30480	30.45985
676	2.16660	2.27041	31.96351	4.43701	33.38515	30.56780
677	2.18056	2.28503	32.05583	4.46559	33.46505	30.67617
678	2.19423	2.29936	32.14812	4.49359	33.54450	30.78493
679	2.20763	2.31340	32.24039	4.52103	33.62352	30.89407
680	2.22074	2.32715	32.33265	4.54789	33.70212	31.00359
681	2.23358	2.34060	32.42488	4.57419	33.78030	31.11347
682	2.24614	2.35377	32.51709	4.59991	33.85809	31.22369
683	2.25843	2.36665	32.60928	4.62508	33.93549	31.33424
684	2.27044	2.37923	32.70144	4.64967	34.01250	31.44512
685	2.28218	2.39154	32.79359	4.67371	34.08914	31.55631
686	2.29364	2.40355	32.88572	4.69719	34.16541	31.66779
687	2.30483	2.41528	32.97782	4.72011	34.24133	31.77957
688	2.31576	2.42673	33.06991	4.74248	34.31690	31.89163
689	2.32641	2.43789	33.16197	4.76429	34.39213	32.00395
690	2.33679	2.44877	33.25402	4.78556	34.46702	32.11654
691	2.34690	2.45937	33.34604	4.80627	34.54160	32.22937
692	2.35675	2.46969	33.43805	4.82643	34.61585	32.34245
693	2.36632	2.47972	33.53003	4.84605	34.68980	32.45575
694	2.37564	2.48948	33.62200	4.86512	34.76344	32.56928
695	2.38468	2.49897	33.71395	4.88365	34.83679	32.68303
696	2.39347	2.50817	33.80587	4.90164	34.90984	32.79698
697	2.40199	2.51710	33.89778	4.91909	34.98262	32.91113
698	2.41025	2.52576	33.98966	4.93600	35.05511	33.02547
699	2.41824	2.53414	34.08153	4.95238	35.12734	33.14000
700	2.42597	2.54224	34.17338	4.96822	35.19931	33.25470
701	2.43345	2.55007	34.26521	4.98352	35.27101	33.36957
702	2.44066	2.55764	34.35702	4.99830	35.34247	33.48461
703	2.44762	2.56492	34.44881	5.01254	35.41368	33.59979
704	2.45431	2.57194	34.54058	5.02625	35.48465	33.71513
705	2.46075	2.57869	34.63234	5.03944	35.55538	33.83061
706	2.46693	2.58517	34.72407	5.05210	35.62589	33.94622
707	2.47285	2.59138	34.81579	5.06423	35.69617	34.06196
708	2.47852	2.59732	34.90749	5.07584	35.76624	34.17783
709	2.48393	2.60299	34.99917	5.08692	35.83609	34.29381
710	2.48909	2.60839	35.09083	5.09748	35.90574	34.40990
711	2.49399	2.61353	35.18247	5.10752	35.97519	34.52610
712	2.49864	2.61840	35.27410	5.11704	36.04444	34.64239
713	2.50303	2.62301	35.36570	5.12604	36.11349	34.75879
714	2.50717	2.62735	35.45729	5.13452	36.18237	34.87526
715	2.51106	2.63142	35.54886	5.14249	36.25106	34.99183
716	2.51470	2.63524	35.64042	5.14993	36.31957	35.10846
717	2.51808	2.63878	35.73195	5.15686	36.38791	35.22517
718	2.52121	2.64206	35.82347	5.16327	36.45609	35.34195
719	2.52409	2.64508	35.91497	5.16917	36.52411	35.45879
720	2.52671	2.64783	36.00645	5.17455	36.59197	35.57569
721	2.52909	2.65033	36.09792	5.17942	36.65967	35.69264
722	2.53122	2.65255	36.18936	5.18377	36.72723	35.80963
723	2.53309	2.65452	36.28079	5.18761	36.79465	35.92667
724	2.53471	2.65622	36.37221	5.19093	36.86193	36.04374
725	2.53609	2.65766	36.46360	5.19375	36.92908	36.16084
726	2.53721	2.65884	36.55498	5.19605	36.99610	36.27798
727	2.53808	2.65975	36.64635	5.19784	37.06300	36.39513
728	2.53870	2.66041	36.73769	5.19911	37.12978	36.51231
729	2.53908	2.66080	36.82902	5.19988	37.19644	36.62949
730	2.53920	2.66093	36.92033	5.20013	37.26300	36.74669
731	2.53907	2.66080	37.01163	5.19987	37.32945	36.86388
732	2.53869	2.66040	37.10291	5.19909	37.39580	36.98108
733	2.53806	2.65974	37.19417	5.19781	37.46206	37.09827
734	2.53719	2.65883	37.28541	5.19601	37.52823	37.21545
735	2.53606	2.65764	37.37664	5.19370	37.59432	37.33262
736	2.53468	2.65620	37.46786	5.19088	37.66032	37.44977
737	2.53305	2.65449	37.55905	5.18754	37.72625	37.56689
738	2.53117	2.65253	37.65023	5.18370	37.79212	37.68399
739	2.52904	2.65029	37.74140	5.17933	37.85791	37.80105
740	2.52666	2.64780	37.83255	5.17446	37.92365	37.91808
741	2.52403	2.64504	37.92368	5.16907	37.98933	38.03506
742	2.52114	2.64202	38.01480	5.16316	38.05496	38.15199
743	2.51801	2.63874	38.10590	5.15674	38.12055	38.26888
744	2.51462	2.63519	38.19698	5.14980	38.18610	38.38570
745	2.51098	2.63137	38.28805	5.14235	38.25161	38.50247
746	2.50708	2.62730	38.37911	5.13438	38.31709	38.61916
747	2.50294	2.62295	38.47015	5.12589	38.38256	38.73579
748	2.49854	2.61834	38.56117	5.11688	38.44800	38.85234
749	2.49388	2.61347	38.65218	5.10735	38.51343	38.96881
750	2.48898	2.60833	38.74317	5.09730	38.57886	39.08520
751	2.48381	2.60292	38.83414	5.08673	38.64429	39.20149
752	2.47840	2.59724	38.92511	5.07564	38.70972	39.31769
753	2.47272	2.59130	39.01605	5.06402	38.77516	39.43378
754	2.46679	2.58509	39.10698	5.05188	38.84062	39.54977
755	2.46061	2.57860	39.19790	5.03921	38.90610	39.66565
756	2.45416	2.57185	39.28880	5.02602	38.97161	39.78141
757	2.44746	2.56483	39.37969	5.01229	39.03716	39.89704
758	2.44050	2.55754	39.47056	4.99804	39.10275	40.01255
759	2.43328	2.54997	39.56141	4.98326	39.16839	40.12792
760	2.42580	2.54214	39.65226	4.96794	39.23408	40.24315
761	2.41806	2.53403	39.74308	4.95209	39.29984	40.35824
762	2.41006	2.52565	39.83390	4.93571	39.36567	40.47317
763	2.40180	2.51699	39.92469	4.91879	39.43157	40.58794
764	2.39327	2.50805	40.01548	4.90133	39.49756	40.70255
765	2.38448	2.49885	40.10625	4.88333	39.56365	40.81698
766	2.37543	2.48936	40.19700	4.86479	39.62983	40.93124
767	2.36611	2.47960	40.28774	4.84571	39.69611	41.04531
768	2.35653	2.46955	40.37846	4.82608	39.76252	41.15919
769	2.34668	2.45923	40.46918	4.80591	39.82905	41.27287
770	2.33656	2.44863	40.55987	4.78518	39.89571	41.38634
771	2.32617	2.43774	40.65056	4.76391	39.96251	41.49960
772	2.31551	2.42658	40.74123	4.74209	40.02947	41.61264
773	2.30458	2.41513	40.83188	4.71971	40.09658	41.72544
774	2.29339	2.40340	40.92252	4.69678	40.16386	41.83801
775	2.28192	2.39138	41.01315	4.67329	40.23132	41.95033
776	2.27017	2.37907	41.10376	4.64924	40.29897	42.06239
777	2.25816	2.36648	41.19436	4.62464	40.36683	42.17418
778	2.24586	2.35360	41.28494	4.59946	40.43489	42.28571
779	2.23329	2.34043	41.37552	4.57373	40.50317	42.39694
780	2.22045	2.32697	41.46607	4.54742	40.57169	42.50789
781	2.20733	2.31322	41.55662	4.52055	40.64045	42.61853
782	2.19392	2.29918	41.64715	4.49310	40.70947	42.72885
783	2.18024	2.28484	41.73767	4.46509	40.77875	42.83885
784	2.16628	2.27021	41.82817	4.43650	40.84832	42.94850
785	2.15204	2.25529	41.91866	4.40733	40.91819	43.05781
786	2.13751	2.24007	42.00914	4.37758	40.98837	43.16676
787	2.12270	2.22455	42.09960	4.34725	41.05887	43.27533
788	2.10761	2.20874	42.19005	4.31634	41.12971	43.38352
789	2.09223	2.19262	42.28049	4.28485	41.20090	43.49130
790	2.07656	2.17621	42.37091	4.25277	41.27247	43.59867
791	2.06061	2.15949	42.46132	4.22011	41.34443	43.70560
792	2.04437	2.14248	42.55172	4.18685	41.41679	43.81209
793	2.02785	2.12516	42.64210	4.15301	41.48957	43.91812
794	2.01103	2.10754	42.73248	4.11857	41.56280	44.02366
795	1.99393	2.08962	42.82283	4.08355	41.63648	44.12871
796	1.97653	2.07139	42.91318	4.04793	41.71065	44.23325
797	1.95885	2.05286	43.00351	4.01172	41.78532	44.33725
798	1.94088	2.03403	43.09383	3.97491	41.86052	44.44069
799	1.92262	2.01490	43.18414	3.93751	41.93627	44.54356
800	1.90406	1.99546	43.27443	3.89952	42.01258	44.64583
801	1.88522	1.97571	43.36472	3.86094	42.08950	44.74748
802	1.86609	1.95567	43.45499	3.82176	42.16703	44.84849
803	1.84667	1.93532	43.54524	3.78199	42.24522	44.94883
804	1.82697	1.91467	43.63549	3.74164	42.32408	45.04848
805	1.80698	1.89373	43.72572	3.70070	42.40366	45.14740
806	1.78670	1.87248	43.81594	3.65918	42.48397	45.24557
807	1.76614	1.85094	43.90614	3.61708	42.56505	45.34295
808	1.74531	1.82911	43.99634	3.57441	42.64694	45.43953
809	1.72419	1.80698	44.08652	3.53117	42.72968	45.53525
810	1.70280	1.78457	44.17669	3.48737	42.81329	45.63010
811	1.68115	1.76188	44.26685	3.44302	42.89781	45.72402
812	1.65922	1.73890	44.35699	3.39813	42.98330	45.81699
813	1.63704	1.71566	44.44713	3.35270	43.06979	45.90895
814	1.61460	1.69215	44.53725	3.30675	43.15733	45.99988
815	1.59192	1.66838	44.62736	3.26029	43.24596	46.08972
816	1.56899	1.64436	44.71745	3.21335	43.33574	46.17842
817	1.54584	1.62009	44.80754	3.16593	43.42671	46.26593
818	1.52246	1.59560	44.89761	3.11806	43.51893	46.35221
819	1.49888	1.57089	44.98767	3.06976	43.61246	46.43719
820	1.47510	1.54597	45.07772	3.02107	43.70736	46.52082
821	1.45114	1.52086	45.16776	2.97200	43.80369	46.60304
822	1.42701	1.49558	45.25779	2.92259	43.90151	46.68377
823	1.40274	1.47015	45.34780	2.87289	44.00090	46.76296
824	1.37835	1.44459	45.43780	2.82294	44.10192	46.84054
825	1.35386	1.41892	45.52779	2.77278	44.20465	46.91642
826	1.32929	1.39318	45.61777	2.72247	44.30917	46.99052
827	1.30469	1.36740	45.70774	2.67208	44.41555	47.06278
828	1.28007	1.34160	45.79770	2.62167	44.52389	47.13310
829	1.25549	1.31584	45.88764	2.57133	44.63425	47.20140
830	1.23098	1.29015	45.97758	2.52113	44.74674	47.26759
831	1.20659	1.26460	46.06750	2.47118	44.86143	47.33158
832	1.18237	1.23922	46.15741	2.42159	44.97842	47.39327
833	1.15839	1.21409	46.24731	2.37248	45.09779	47.45257
834	1.13471	1.18927	46.33720	2.32398	45.21962	47.50938
835	1.11140	1.16485	46.42707	2.27625	45.34401	47.56363
836	1.08855	1.14089	46.51694	2.22944	45.47102	47.61522
837	1.06623	1.11751	46.60679	2.18374	45.60073	47.66406
838	1.04456	1.09479	46.69664	2.13934	45.73320	47.71010
839	1.02362	1.07284	46.78647	2.09645	45.86847	47.75326
840	1.00353	1.05178	46.87629	2.05531	46.00658	47.79350
841	0.98440	1.03174	46.96610	2.01614	46.14753	47.83080
842	0.96637	1.01283	47.05590	1.97920	46.29131	47.86515
843	0.94956	0.99521	47.14569	1.94476	46.43788	47.89658
844	0.93409	0.97899	47.23547	1.91309	46.58718	47.92514
845	0.92011	0.96433	47.32524	1.88444	46.73908	47.95092
846	0.90774	0.95135	47.41499	1.85909	46.89343	47.97407
847	0.89709	0.94018	47.50474	1.83727	47.05006	47.99475
848	0.88828	0.93094	47.59447	1.81922	47.20874	48.01318
849	0.88141	0.92373	47.68420	1.80514	47.36919	48.02962
850	0.87655	0.91862	47.77391	1.79517	47.53111	48.04437
851	0.87377	0.91569	47.86362	1.78946	47.69417	48.05776
852	0.87308	0.91496	47.95331	1.78805	47.85803	48.07014
853	0.87452	0.91645	48.04299	1.79097	48.02230	48.08190
854	0.87805	0.92013	48.13266	1.79818	48.18663	48.09342
855	0.88363	0.92597	48.22232	1.80960	48.35064	48.10507
856	0.89120	0.93389	48.31197	1.82509	48.51400	48.11724
857	0.90068	0.94381	48.40161	1.84449	48.67637	48.13026
858	0.91195	0.95561	48.49124	1.86757	48.83747	48.14445
859	0.92492	0.96919	48.58086	1.89410	48.99704	48.16011
860	0.93944	0.98440	48.67047	1.92384	49.15485	48.17748
861	0.95540	1.00111	48.76007	1.95651	49.31071	48.19677
862	0.97266	1.01919	48.84966	1.99186	49.46449	48.21817
863	0.99110	1.03850	48.93924	2.02960	49.61606	48.24180
864	1.01058	1.05891	49.02881	2.06949	49.76534	48.26778
865	1.03099	1.08029	49.11837	2.11127	49.91228	48.29618
866	1.05220	1.10251	49.20792	2.15471	50.05685	48.32704
867	1.07412	1.12547	49.29746	2.19959	50.19904	48.36039
868	1.09664	1.14907	49.38699	2.24570	50.33885	48.39623
869	1.11966	1.17319	49.47650	2.29285	50.47631	48.43456
870	1.14311	1.19776	49.56601	2.34087	50.61146	48.47535
871	1.16691	1.22269	49.65551	2.38960	50.74434	48.51855
872	1.19098	1.24792	49.74500	2.43889	50.87499	48.56413
873	1.21526	1.27336	49.83448	2.48862	51.00349	48.61203
874	1.23970	1.29897	49.92395	2.53867	51.12988	48.66220
875	1.26424	1.32469	50.01341	2.58893	51.25423	48.71457
876	1.28884	1.35046	50.10286	2.63931	51.37660	48.76908
877	1.31346	1.37626	50.19230	2.68972	51.49705	48.82567
878	1.33805	1.40203	50.28173	2.74009	51.61566	48.88427
879	1.36260	1.42775	50.37115	2.79035	51.73247	48.94481
880	1.38706	1.45339	50.46056	2.84044	51.84756	49.00724
881	1.41141	1.47890	50.54996	2.89031	51.96098	49.07149
882	1.43563	1.50429	50.63936	2.93991	52.07280	49.13750
883	1.45970	1.52951	50.72874	2.98921	52.18306	49.20520
884	1.48360	1.55455	50.81811	3.03815	52.29183	49.27455
885	1.50731	1.57940	50.90748	3.08671	52.39916	49.34547
886	1.53082	1.60404	50.99683	3.13486	52.50509	49.41792
887	1.55412	1.62846	51.08617	3.18257	52.60968	49.49184
888	1.57719	1.65264	51.17551	3.22983	52.71298	49.56718
889	1.60003	1.67657	51.26484	3.27660	52.81503	49.64389
890	1.62263	1.70026	51.35415	3.32288	52.91587	49.72193
891	1.64498	1.72368	51.44346	3.36865	53.01554	49.80124
892	1.66707	1.74683	51.53276	3.41390	53.11409	49.88178
893	1.68890	1.76970	51.62205	3.45860	53.21154	49.96352
894	1.71046	1.79230	51.71133	3.50276	53.30795	50.04640
895	1.73175	1.81462	51.80060	3.54637	53.40334	50.13040
896	1.75277	1.83664	51.88986	3.58941	53.49775	50.21546
897	1.77350	1.85837	51.97911	3.63188	53.59120	50.30157
898	1.79396	1.87981	52.06835	3.67377	53.68374	50.38867
899	1.81414	1.90096	52.15759	3.71509	53.77538	50.47674
900	1.83403	1.92180	52.24681	3.75583	53.86615	50.56575
901	1.85363	1.94235	52.33603	3.79597	53.95609	50.65566
902	1.87294	1.96259	52.42524	3.83553	54.04522	50.74645
903	1.89197	1.98253	52.51443	3.87450	54.13355	50.83809
904	1.91071	2.00217	52.60362	3.91288	54.22113	50.93055
905	1.92916	2.02150	52.69280	3.95066	54.30796	51.02380
906	1.94732	2.04054	52.78197	3.98786	54.39408	51.11782
907	1.96519	2.05926	52.87114	4.02445	54.47949	51.21258
908	1.98277	2.07769	52.96029	4.06046	54.56423	51.30806
909	2.00006	2.09581	53.04944	4.09587	54.64830	51.40425
910	2.01706	2.11363	53.13857	4.13069	54.73174	51.50110
911	2.03377	2.13114	53.22770	4.16492	54.81455	51.59862
912	2.05020	2.14836	53.31682	4.19855	54.89675	51.69676
913	2.06633	2.16527	53.40593	4.23160	54.97837	51.79553
914	2.08218	2.18188	53.49503	4.26406	55.05941	51.89489
915	2.09775	2.19819	53.58412	4.29594	55.13989	51.99483
916	2.11302	2.21420	53.67321	4.32722	55.21983	52.09533
917	2.12802	2.22991	53.76228	4.35793	55.29924	52.19638
918	2.14272	2.24533	53.85135	4.38805	55.37813	52.29795
919	2.15715	2.26045	53.94041	4.41760	55.45653	52.40003
920	2.17129	2.27527	54.02946	4.44656	55.53443	52.50262
921	2.18516	2.28980	54.11850	4.47496	55.61185	52.60568
922	2.19874	2.30403	54.20754	4.50277	55.68881	52.70921
923	2.21204	2.31798	54.29656	4.53002	55.76531	52.81320
924	2.22506	2.33163	54.38558	4.55669	55.84137	52.91762
925	2.23781	2.34499	54.47459	4.58280	55.91700	53.02248
926	2.25028	2.35805	54.56359	4.60833	55.99221	53.12774
927	2.26247	2.37084	54.65258	4.63331	56.06701	53.23341
928	2.27439	2.38333	54.74156	4.65772	56.14141	53.33947
929	2.28604	2.39553	54.83054	4.68157	56.21541	53.44591
930	2.29741	2.40745	54.91950	4.70487	56.28904	53.55272
931	2.30852	2.41909	55.00846	4.72761	56.36229	53.65988
932	2.31935	2.43044	55.09741	4.74979	56.43517	53.76739
933	2.32991	2.44151	55.18636	4.77142	56.50771	53.87524
934	2.34020	2.45230	55.27529	4.79250	56.57989	53.98341
935	2.35022	2.46280	55.36422	4.81303	56.65174	54.09190
936	2.35998	2.47303	55.45313	4.83301	56.72326	54.20069
937	2.36947	2.48298	55.54205	4.85244	56.79445	54.30979
938	2.37869	2.49264	55.63095	4.87134	56.86533	54.41916
939	2.38765	2.50204	55.71984	4.88969	56.93590	54.52882
940	2.39635	2.51115	55.80873	4.90750	57.00617	54.63875
941	2.40478	2.51999	55.89761	4.92477	57.07615	54.74894
942	2.41295	2.52855	55.98648	4.94150	57.14584	54.85939
943	2.42086	2.53684	56.07534	4.95770	57.21525	54.97008
944	2.42850	2.54486	56.16419	4.97336	57.28439	55.08101
945	2.43589	2.55260	56.25304	4.98849	57.35326	55.19217
946	2.44302	2.56007	56.34188	5.00309	57.42187	55.30355
947	2.44989	2.56727	56.43071	5.01715	57.49023	55.41515
948	2.45650	2.57420	56.51954	5.03069	57.55834	55.52696
949	2.46285	2.58085	56.60835	5.04370	57.62621	55.63897
950	2.46894	2.58724	56.69716	5.05619	57.69385	55.75117
951	2.47478	2.59336	56.78596	5.06815	57.76126	55.86356
952	2.48036	2.59922	56.87475	5.07958	57.82844	55.97613
953	2.48569	2.60480	56.96354	5.09049	57.89540	56.08888
954	2.49076	2.61012	57.05231	5.10088	57.96215	56.20179
955	2.49558	2.61517	57.14108	5.11074	58.02870	56.31486
956	2.50014	2.61995	57.22985	5.12009	58.09504	56.42809
957	2.50445	2.62447	57.31860	5.12892	58.16119	56.54147
958	2.50851	2.62872	57.40735	5.13723	58.22715	56.65499
959	2.51231	2.63271	57.49609	5.14502	58.29292	56.76865
960	2.51586	2.63643	57.58482	5.15229	58.35852	56.88244
961	2.51916	2.63989	57.67354	5.15905	58.42394	56.99636
962	2.52221	2.64308	57.76226	5.16529	58.48918	57.11039
963	2.52500	2.64601	57.85097	5.17101	58.55427	57.22454
964	2.52754	2.64868	57.93967	5.17622	58.61919	57.33880
965	2.52984	2.65108	58.02837	5.18092	58.68397	57.45316
966	2.53188	2.65322	58.11706	5.18510	58.74859	57.56761
967	2.53367	2.65510	58.20574	5.18877	58.81306	57.68216
968	2.53521	2.65672	58.29441	5.19193	58.87740	57.79680
969	2.53650	2.65807	58.38307	5.19457	58.94160	57.91151
970	2.53754	2.65916	58.47173	5.19670	59.00568	58.02630
971	2.53832	2.65999	58.56038	5.19832	59.06963	58.14117
972	2.53886	2.66056	58.64903	5.19942	59.13346	58.25610
973	2.53915	2.66086	58.73766	5.20002	59.19717	58.37108
974	2.53919	2.66091	58.82629	5.20010	59.26078	58.48613
975	2.53898	2.66069	58.91492	5.19967	59.32427	58.60122
976	2.53852	2.66020	59.00353	5.19872	59.38767	58.71636
977	2.53781	2.65946	59.09214	5.19727	59.45098	58.83153
978	2.53685	2.65846	59.18074	5.19530	59.51419	58.94675
979	2.53563	2.65719	59.26933	5.19282	59.57732	59.06199
980	2.53417	2.65566	59.35792	5.18983	59.64037	59.17725
981	2.53246	2.65386	59.44650	5.18632	59.70334	59.29253
982	2.53050	2.65181	59.53507	5.18230	59.76624	59.40783
983	2.52828	2.64949	59.62364	5.17777	59.82908	59.52314
984	2.52582	2.64691	59.71219	5.17272	59.89185	59.63845
985	2.52310	2.64406	59.80075	5.16716	59.95457	59.75376
986	2.52013	2.64096	59.88929	5.16109	60.01724	59.86906
987	2.51691	2.63758	59.97783	5.15449	60.07987	59.98435
988	2.51344	2.63395	60.06636	5.14739	60.14245	60.09962
989	2.50971	2.63005	60.15488	5.13976	60.20501	60.21487
990	2.50574	2.62588	60.24340	5.13162	60.26753	60.33009
991	2.50151	2.62145	60.33191	5.12295	60.33003	60.44528
992	2.49702	2.61675	60.42041	5.11377	60.39250	60.56043
993	2.49228	2.61179	60.50891	5.10407	60.45497	60.67554
994	2.48729	2.60656	60.59740	5.09385	60.51743	60.79060
995	2.48204	2.60106	60.68588	5.08310	60.57989	60.90560
996	2.47654	2.59530	60.77436	5.07184	60.64235	61.02054
997	2.47078	2.58926	60.86283	5.06005	60.70483	61.13542
998	2.46477	2.58296	60.95129	5.04773	60.76732	61.25022
999	2.45849	2.57639	61.03974	5.03489	60.82983	61.36495
1000	2.45196	2.56955	61.12819	5.02152	60.89237	61.47959
1001	2.44518	2.56244	61.21663	5.00762	60.95494	61.59414
1002	2.43813	2.55506	61.30507	4.99319	61.01756	61.70860
1003	2.43082	2.54740	61.39350	4.97823	61.08022	61.82295
1004	2.42326	2.53948	61.48192	4.96273	61.14294	61.93719
1005	2.41543	2.53128	61.57034	4.94671	61.20572	62.05132
1006	2.40734	2.52280	61.65875	4.93015	61.26856	62.16533
1007	2.39899	2.51405	61.74715	4.91305	61.33149	62.27921
1008	2.39038	2.50503	61.83554	4.89541	61.39449	62.39296
1009	2.38150	2.49573	61.92393	4.87723	61.45758	62.50656
1010	2.37236	2.48615	62.01232	4.85851	61.52077	62.62001
1011	2.36295	2.47630	62.10069	4.83925	61.58407	62.73331
1012	2.35328	2.46616	62.18906	4.81944	61.64748	62.84644
1013	2.34334	2.45575	62.27743	4.79908	61.71101	62.95940
1014	2.33313	2.44505	62.36578	4.77818	61.77467	63.07218
1015	2.32265	2.43407	62.45413	4.75672	61.83847	63.18477
1016	2.31190	2.42281	62.54248	4.73472	61.90241	63.29717
1017	2.30089	2.41127	62.63082	4.71216	61.96652	63.40936
1018	2.28960	2.39944	62.71915	4.68904	62.03078	63.52133
1019	2.27804	2.38733	62.80747	4.66537	62.09523	63.63309
1020	2.26620	2.37493	62.89579	4.64113	62.15985	63.74461
1021	2.25409	2.36224	62.98410	4.61634	62.22468	63.85589
1022	2.24171	2.34927	63.07241	4.59098	62.28970	63.96692
1023	2.22905	2.33600	63.16071	4.56505	62.35495	64.07769
1024	2.21611	2.32245	63.24900	4.53856	62.42042	64.18819
1025	2.20289	2.30860	63.33729	4.51150	62.48613	64.29840
1026	2.18940	2.29446	63.42557	4.48386	62.55210	64.40832
1027	2.17562	2.28003	63.51384	4.45565	62.61833	64.51793
1028	2.16157	2.26530	63.60211	4.42687	62.68483	64.62723
1029	2.14723	2.25028	63.69037	4.39751	62.75162	64.73620
1030	2.13261	2.23496	63.77863	4.36757	62.81872	64.84482
1031	2.11770	2.21935	63.86688	4.33705	62.88614	64.95309
1032	2.10252	2.20343	63.95512	4.30595	62.95388	65.06098
1033	2.08704	2.18722	64.04336	4.27426	63.02198	65.16849
1034	2.07128	2.17070	64.13159	4.24199	63.09044	65.27561
1035	2.05523	2.15389	64.21981	4.20912	63.15928	65.38230
1036	2.03890	2.13678	64.30803	4.17567	63.22851	65.48857
1037	2.02228	2.11936	64.39625	4.14163	63.29817	65.59439
1038	2.00536	2.10164	64.48445	4.10700	63.36825	65.69974
1039	1.98816	2.08362	64.57265	4.07178	63.43879	65.80461
1040	1.97067	2.06529	64.66085	4.03596	63.50980	65.90898
1041	1.95289	2.04666	64.74904	3.99956	63.58130	66.01282
1042	1.93482	2.02773	64.83722	3.96255	63.65332	66.11612
1043	1.91646	2.00849	64.92539	3.92496	63.72588	66.21885
1044	1.89781	1.98895	65.01356	3.88677	63.79900	66.32100
1045	1.87888	1.96911	65.10173	3.84799	63.87271	66.42253
1046	1.85965	1.94896	65.18989	3.80862	63.94703	66.52343
1047	1.84014	1.92852	65.27804	3.76865	64.02199	66.62367
1048	1.82033	1.90777	65.36619	3.72811	64.09762	66.72321
1049	1.80025	1.88673	65.45433	3.68697	64.17395	66.82204
1050	1.77988	1.86538	65.54246	3.64526	64.25101	66.92012
1051	1.75923	1.84374	65.63059	3.60297	64.32883	67.01742
1052	1.73830	1.82181	65.71871	3.56011	64.40744	67.11391
1053	1.71709	1.79959	65.80683	3.51669	64.48689	67.20954
1054	1.69561	1.77709	65.89494	3.47270	64.56721	67.30430
1055	1.67387	1.75430	65.98305	3.42817	64.64843	67.39813
1056	1.65185	1.73124	66.07115	3.38309	64.73061	67.49100
1057	1.62959	1.70791	66.15924	3.33749	64.81378	67.58286
1058	1.60706	1.68431	66.24733	3.29137	64.89799	67.67368
1059	1.58430	1.66045	66.33541	3.24475	64.98328	67.76339
1060	1.56130	1.63635	66.42349	3.19765	65.06972	67.85196
1061	1.53807	1.61201	66.51156	3.15008	65.15734	67.93933
1062	1.51462	1.58744	66.59962	3.10206	65.24621	68.02545
1063	1.49097	1.56266	66.68768	3.05363	65.33639	68.11025
1064	1.46713	1.53768	66.77574	3.00481	65.42793	68.19368
1065	1.44311	1.51251	66.86379	2.95562	65.52090	68.27568
1066	1.41893	1.48718	66.95183	2.90611	65.61536	68.35617
1067	1.39462	1.46170	67.03986	2.85632	65.71140	68.43508
1068	1.37019	1.43611	67.12790	2.80630	65.80907	68.51235
1069	1.34567	1.41041	67.21592	2.75608	65.90846	68.58789
1070	1.32109	1.38465	67.30394	2.70574	66.00965	68.66162
1071	1.29647	1.35886	67.39195	2.65533	66.11271	68.73346
1072	1.27186	1.33307	67.47996	2.60494	66.21774	68.80332
1073	1.24730	1.30733	67.56797	2.55463	66.32482	68.87111
1074	1.22282	1.28168	67.65596	2.50451	66.43404	68.93674
1075	1.19848	1.25618	67.74396	2.45466	66.54550	69.00011
1076	1.17434	1.23088	67.83194	2.40522	66.65928	69.06112
1077	1.15045	1.20584	67.91992	2.35630	66.77547	69.11969
1078	1.12689	1.18115	68.00790	2.30804	66.89418	69.17571
1079	1.10372	1.15687	68.09587	2.26059	67.01548	69.22908
1080	1.08104	1.13309	68.18383	2.21413	67.13945	69.27973
1081	1.05892	1.10991	68.27179	2.16884	67.26617	69.32756
1082	1.03748	1.08744	68.35974	2.12492	67.39571	69.37250
1083	1.01681	1.06577	68.44769	2.08258	67.52812	69.41450
1084	0.99703	1.04503	68.53563	2.04206	67.66343	69.45350
1085	0.97825	1.02535	68.62357	2.00361	67.80166	69.48948
1086	0.96061	1.00686	68.71150	1.96747	67.94279	69.52243
1087	0.94424	0.98969	68.79943	1.93392	68.08678	69.55240
1088	0.92925	0.97397	68.88735	1.90322	68.23357	69.57943
1089	0.91579	0.95985	68.97527	1.87564	68.38305	69.60364
1090	0.90398	0.94746	69.06318	1.85144	68.53506	69.62515
1091	0.89393	0.93691	69.15108	1.83085	68.68941	69.64415
1092	0.88576	0.92833	69.23898	1.81409	68.84588	69.66087
1093	0.87955	0.92181	69.32688	1.80136	69.00419	69.67558
1094	0.87538	0.91742	69.41476	1.79280	69.16405	69.68857
1095	0.87330	0.91521	69.50265	1.78851	69.32510	69.70020
1096	0.87332	0.91522	69.59053	1.78854	69.48701	69.71082
1097	0.87546	0.91744	69.67840	1.79289	69.64939	69.72082
1098	0.87968	0.92184	69.76627	1.80151	69.81189	69.73057
1099	0.88593	0.92837	69.85413	1.81430	69.97413	69.74047
1100	0.89415	0.93697	69.94199	1.83111	70.13578	69.75087
1101	0.90424	0.94752	70.02984	1.85176	70.29650	69.76212
1102	0.91609	0.95992	70.11769	1.87601	70.45601	69.77453
1103	0.92959	0.97405	70.20553	1.90364	70.61405	69.78839
1104	0.94461	0.98977	70.29337	1.93438	70.77039	69.80393
1105	0.96102	1.00695	70.38120	1.96797	70.92485	69.82137
1106	0.97868	1.02546	70.46902	2.00414	71.07729	69.84087
1107	0.99748	1.04514	70.55685	2.04263	71.22758	69.86257
1108	1.01729	1.06589	70.64466	2.08317	71.37564	69.88657
1109	1.03798	1.08756	70.73247	2.12553	71.52141	69.91293
1110	1.05944	1.11004	70.82028	2.16947	71.66487	69.94171
1111	1.08157	1.13322	70.90808	2.21478	71.80599	69.97293
1112	1.10426	1.15700	70.99588	2.26126	71.94479	70.00660
1113	1.12744	1.18128	71.08367	2.30872	72.08128	70.04269
1114	1.15101	1.20598	71.17145	2.35699	72.21550	70.08119
1115	1.17491	1.23101	71.25923	2.40592	72.34748	70.12206
1116	1.19906	1.25631	71.34701	2.45537	72.47727	70.16525
1117	1.22340	1.28182	71.43478	2.50522	72.60492	70.21073
1118	1.24788	1.30747	71.52254	2.55535	72.73049	70.25842
1119	1.27244	1.33321	71.61030	2.60565	72.85404	70.30828
1120	1.29705	1.35900	71.69806	2.65605	72.97563	70.36024
1121	1.32167	1.38479	71.78581	2.70646	73.09532	70.41425
1122	1.34625	1.41055	71.87356	2.75680	73.21317	70.47023
1123	1.37077	1.43624	71.96130	2.80701	73.32924	70.52814
1124	1.39519	1.46184	72.04903	2.85704	73.44358	70.58790
1125	1.41951	1.48732	72.13676	2.90682	73.55627	70.64945
1126	1.44368	1.51265	72.22449	2.95633	73.66734	70.71274
1127	1.46769	1.53781	72.31221	3.00550	73.77687	70.77771
1128	1.49153	1.56279	72.39993	3.05432	73.88490	70.84430
1129	1.51518	1.58757	72.48764	3.10275	73.99148	70.91246
1130	1.53862	1.61214	72.57534	3.15076	74.09667	70.98213
1131	1.56184	1.63648	72.66305	3.19832	74.20051	71.05326
1132	1.58484	1.66058	72.75074	3.24542	74.30304	71.12581
1133	1.60760	1.68443	72.83843	3.29203	74.40432	71.19972
1134	1.63012	1.70803	72.92612	3.33815	74.50438	71.27494
1135	1.65238	1.73136	73.01380	3.38374	74.60327	71.35145
1136	1.67438	1.75442	73.10148	3.42881	74.70102	71.42918
1137	1.69612	1.77721	73.18915	3.47333	74.79767	71.50811
1138	1.71760	1.79971	73.27682	3.51731	74.89326	71.58818
1139	1.73880	1.82193	73.36448	3.56073	74.98783	71.66937
1140	1.75972	1.84386	73.45214	3.60358	75.08139	71.75164
1141	1.78036	1.86550	73.53980	3.64586	75.17400	71.83495
1142	1.80073	1.88684	73.62744	3.68756	75.26567	71.91927
1143	1.82081	1.90788	73.71509	3.72869	75.35643	72.00456
1144	1.84060	1.92863	73.80273	3.76923	75.44632	72.09080
1145	1.86011	1.94907	73.89036	3.80918	75.53536	72.17796
1146	1.87933	1.96921	73.97799	3.84854	75.62358	72.26600
1147	1.89826	1.98906	74.06562	3.88732	75.71099	72.35490
1148	1.91690	2.00859	74.15324	3.92550	75.79763	72.44463
1149	1.93526	2.02783	74.24085	3.96308	75.88352	72.53517
1150	1.95332	2.04676	74.32846	4.00008	75.96867	72.62650
1151	1.97109	2.06539	74.41607	4.03648	76.05312	72.71858
1152	1.98858	2.08371	74.50367	4.07229	76.13687	72.81140
1153	2.00577	2.10173	74.59127	4.10750	76.21995	72.90493
1154	2.02267	2.11945	74.67886	4.14212	76.30238	72.99916
1155	2.03929	2.13686	74.76645	4.17616	76.38418	73.09405
1156	2.05562	2.15398	74.85403	4.20960	76.46536	73.18961
1157	2.07166	2.17079	74.94161	4.24245	76.54593	73.28579
1158	2.08741	2.18730	75.02919	4.27471	76.62592	73.38259
1159	2.10288	2.20351	75.11676	4.30639	76.70535	73.47999
1160	2.11806	2.21943	75.20432	4.33749	76.78422	73.57797
1161	2.13296	2.23504	75.29188	4.36800	76.86254	73.67651
1162	2.14757	2.25036	75.37944	4.39793	76.94035	73.77560
1163	2.16191	2.26538	75.46699	4.42728	77.01764	73.87523
1164	2.17596	2.28010	75.55454	4.45606	77.09443	73.97537
1165	2.18972	2.29453	75.64208	4.48426	77.17073	74.07601
1166	2.20321	2.30867	75.72962	4.51188	77.24656	74.17715
1167	2.21642	2.32252	75.81715	4.53894	77.32193	74.27876
1168	2.22935	2.33607	75.90468	4.56542	77.39684	74.38083
1169	2.24201	2.34933	75.99221	4.59134	77.47132	74.48335
1170	2.25439	2.36231	76.07973	4.61669	77.54536	74.58631
1171	2.26649	2.37499	76.16724	4.64148	77.61899	74.68969
1172	2.27832	2.38739	76.25475	4.66571	77.69221	74.79348
1173	2.28987	2.39950	76.34226	4.68937	77.76502	74.89768
1174	2.30115	2.41133	76.42976	4.71248	77.83745	75.00227
1175	2.31217	2.42287	76.51726	4.73504	77.90950	75.10723
1176	2.32291	2.43413	76.60475	4.75703	77.98118	75.21257
1177	2.33338	2.44510	76.69224	4.77848	78.05249	75.31827
1178	2.34358	2.45580	76.77973	4.79938	78.12346	75.42431
1179	2.35351	2.46621	76.86721	4.81972	78.19407	75.53069
1180	2.36318	2.47634	76.95469	4.83952	78.26435	75.63740
1181	2.37258	2.48620	77.04216	4.85878	78.33430	75.74444
1182	2.38172	2.49577	77.12962	4.87749	78.40393	75.85178
1183	2.39059	2.50507	77.21709	4.89566	78.47325	75.95943
1184	2.39920	2.51410	77.30455	4.91329	78.54226	76.06737
1185	2.40754	2.52284	77.39200	4.93039	78.61097	76.17560
1186	2.41562	2.53132	77.47945	4.94694	78.67939	76.28410
1187	2.42345	2.53951	77.56690	4.96296	78.74752	76.39288
1188	2.43101	2.54744	77.65434	4.97844	78.81538	76.50191
1189	2.43831	2.55509	77.74178	4.99340	78.88296	76.61120
1190	2.44535	2.56247	77.82921	5.00782	78.95029	76.72074
1191	2.45213	2.56958	77.91664	5.02171	79.01735	76.83051
1192	2.45865	2.57642	78.00406	5.03507	79.08416	76.94052
1193	2.46492	2.58299	78.09148	5.04791	79.15072	77.05075
1194	2.47093	2.58929	78.17890	5.06022	79.21705	77.16120
1195	2.47668	2.59532	78.26631	5.07200	79.28314	77.27186
1196	2.48218	2.60108	78.35372	5.08326	79.34900	77.38272
1197	2.48742	2.60658	78.44112	5.09400	79.41464	77.49378
1198	2.49241	2.61181	78.52852	5.10421	79.48007	77.60504
1199	2.49714	2.61677	78.61592	5.11391	79.54529	77.71647
1200	2.50162	2.62147	78.70331	5.12308	79.61030	77.82809
1201	2.50584	2.62590	78.79070	5.13174	79.67511	77.93987
1202	2.50981	2.63006	78.87808	5.13987	79.73972	78.05183
1203	2.51353	2.63396	78.96546	5.14749	79.80415	78.16394
1204	2.51700	2.63759	79.05283	5.15459	79.86840	78.27620
1205	2.52021	2.64097	79.14020	5.16118	79.93247	78.38862
1206	2.52317	2.64407	79.22757	5.16725	79.99636	78.50117
1207	2.52588	2.64692	79.31493	5.17280	80.06009	78.61387
1208	2.52834	2.64950	79.40229	5.17784	80.12366	78.72669
1209	2.53055	2.65181	79.48964	5.18237	80.18707	78.83964
1210	2.53251	2.65387	79.57699	5.18638	80.25032	78.95270
1211	2.53422	2.65566	79.66434	5.18988	80.31343	79.06588
1212	2.53567	2.65719	79.75168	5.19286	80.37640	79.17917
1213	2.53688	2.65845	79.83902	5.19533	80.43923	79.29257
1214	2.53784	2.65946	79.92635	5.19729	80.50193	79.40606
1215	2.53854	2.66020	80.01368	5.19874	80.56450	79.51964
1216	2.53900	2.66068	80.10101	5.19968	80.62695	79.63331
1217	2.53920	2.66090	80.18833	5.20010	80.68928	79.74706
1218	2.53916	2.66085	80.27565	5.20001	80.75150	79.86088
1219	2.53886	2.66055	80.36296	5.19941	80.81362	79.97478
1220	2.53832	2.65998	80.45027	5.19830	80.87563	80.08874
1221	2.53752	2.65915	80.53758	5.19667	80.93754	80.20276
1222	2.53648	2.65806	80.62488	5.19453	80.99936	80.31684
1223	2.53518	2.65670	80.71218	5.19188	81.06110	80.43097
1224	2.53364	2.65508	80.79947	5.18872	81.12275	80.54514
1225	2.53184	2.65320	80.88676	5.18505	81.18432	80.65935
1226	2.52979	2.65106	80.97404	5.18086	81.24582	80.77360
1227	2.52749	2.64866	81.06133	5.17615	81.30726	80.88787
1228	2.52495	2.64599	81.14860	5.17093	81.36863	81.00217
1229	2.52215	2.64306	81.23588	5.16520	81.42994	81.11648
1230	2.51909	2.63986	81.32315	5.15895	81.49120	81.23081
1231	2.51579	2.63640	81.41041	5.15219	81.55242	81.34515
1232	2.51223	2.63268	81.49768	5.14491	81.61359	81.45949
1233	2.50842	2.62869	81.58494	5.13711	81.67473	81.57382
1234	2.50436	2.62443	81.67219	5.12880	81.73583	81.68815
1235	2.50005	2.61992	81.75944	5.11996	81.79691	81.80246
1236	2.49548	2.61513	81.84669	5.11061	81.85797	81.91675
1237	2.49065	2.61008	81.93393	5.10073	81.91902	82.03102
1238	2.48558	2.60476	82.02117	5.09034	81.98006	82.14526
1239	2.48024	2.59918	82.10840	5.07942	82.04109	82.25945
1240	2.47466	2.59332	82.19564	5.06798	82.10212	82.37361
1241	2.46881	2.58720	82.28286	5.05601	82.16317	82.48772
1242	2.46271	2.58081	82.37009	5.04352	82.22423	82.60177
1243	2.45635	2.57415	82.45731	5.03050	82.28530	82.71576
1244	2.44974	2.56722	82.54452	5.01696	82.34641	82.82969
1245	2.44286	2.56002	82.63174	5.00288	82.40755	82.94355
1246	2.43573	2.55255	82.71894	4.98828	82.46872	83.05732
1247	2.42834	2.54480	82.80615	4.97314	82.52994	83.17101
1248	2.42068	2.53679	82.89335	4.95747	82.59122	83.28461
1249	2.41277	2.52850	82.98055	4.94127	82.65255	83.39810
1250	2.40459	2.51993	83.06774	4.92452	82.71395	83.51150
1251	2.39616	2.51109	83.15493	4.90725	82.77542	83.62478
1252	2.38745	2.50198	83.24212	4.88943	82.83697	83.73794
1253	2.37849	2.49258	83.32930	4.87107	82.89861	83.85097
1254	2.36926	2.48291	83.41648	4.85217	82.96034	83.96388
1255	2.35976	2.47297	83.50365	4.83273	83.02218	84.07664
1256	2.35000	2.46274	83.59082	4.81274	83.08412	84.18925
1257	2.33997	2.45223	83.67799	4.79220	83.14619	84.30170
1258	2.32967	2.44144	83.76515	4.77111	83.20838	84.41399
1259	2.31910	2.43037	83.85231	4.74948	83.27071	84.52610
1260	2.30827	2.41902	83.93947	4.72729	83.33318	84.63803
1261	2.29716	2.40738	84.02662	4.70454	83.39580	84.74977
1262	2.28578	2.39546	84.11377	4.68124	83.45859	84.86131
1263	2.27413	2.38325	84.20092	4.65738	83.52155	84.97265
1264	2.26220	2.37076	84.28806	4.63296	83.58469	85.08376
1265	2.25000	2.35798	84.37520	4.60797	83.64802	85.19464
1266	2.23752	2.34490	84.46233	4.58243	83.71156	85.30529
1267	2.22477	2.33154	84.54946	4.55631	83.77531	85.41569
1268	2.21174	2.31789	84.63659	4.52963	83.83928	85.52583
1269	2.19843	2.30395	84.72371	4.50238	83.90349	85.63569
1270	2.18484	2.28971	84.81083	4.47455	83.96795	85.74528
1271	2.17097	2.27518	84.89795	4.44616	84.03267	85.85457
1272	2.15682	2.26036	84.98506	4.41718	84.09766	85.96355
1273	2.14239	2.24524	85.07217	4.38763	84.16294	86.07221
1274	2.12768	2.22982	85.15927	4.35750	84.22851	86.18054
1275	2.11268	2.21411	85.24638	4.32678	84.29440	86.28853
1276	2.09739	2.19809	85.33347	4.29549	84.36062	86.39615
1277	2.08182	2.18178	85.42057	4.26360	84.42719	86.50340
1278	2.06597	2.16517	85.50766	4.23113	84.49411	86.61026
1279	2.04982	2.14826	85.59475	4.19808	84.56141	86.71671
1280	2.03339	2.13104	85.68183	4.16443	84.62910	86.82274
1281	2.01667	2.11352	85.76891	4.13020	84.69721	86.92832
1282	1.99966	2.09570	85.85599	4.09537	84.76574	87.03345
1283	1.98237	2.07758	85.94306	4.05995	84.83472	87.13811
1284	1.96478	2.05916	86.03013	4.02394	84.90417	87.24226
1285	1.94690	2.04043	86.11720	3.98733	84.97411	87.34590
1286	1.92874	2.02139	86.20426	3.95013	85.04457	87.44900
1287	1.91028	2.00206	86.29132	3.91234	85.11556	87.55154
1288	1.89154	1.98242	86.37838	3.87395	85.18710	87.65349
1289	1.87250	1.96247	86.46543	3.83497	85.25923	87.75484
1290	1.85318	1.94223	86.55248	3.79541	85.33197	87.85555
1291	1.83357	1.92168	86.63952	3.75525	85.40534	87.95561
1292	1.81367	1.90084	86.72656	3.71451	85.47938	88.05497
1293	1.79349	1.87969	86.81360	3.67318	85.55412	88.15362
1294	1.77303	1.85825	86.90064	3.63128	85.62958	88.25151
1295	1.75228	1.83652	86.98767	3.58880	85.70580	88.34863
1296	1.73126	1.81449	87.07470	3.54575	85.78282	88.44493
1297	1.70996	1.79218	87.16172	3.50214	85.86066	88.54038
1298	1.68839	1.76958	87.24874	3.45797	85.93938	88.63494
1299	1.66656	1.74670	87.33576	3.41325	86.01900	88.72858
1300	1.64446	1.72355	87.42278	3.36800	86.09957	88.82124
1301	1.62210	1.70012	87.50979	3.32223	86.18113	88.91290
1302	1.59950	1.67644	87.59679	3.27594	86.26373	89.00349
1303	1.57665	1.65250	87.68380	3.22916	86.34742	89.09298
1304	1.55357	1.62832	87.77080	3.18190	86.43225	89.18130
1305	1.53027	1.60390	87.85780	3.13418	86.51828	89.26842
1306	1.50675	1.57926	87.94479	3.08602	86.60555	89.35427
1307	1.48304	1.55442	88.03178	3.03745	86.69413	89.43878
1308	1.45913	1.52937	88.11877	2.98851	86.78409	89.52191
1309	1.43506	1.50415	88.20575	2.93921	86.87548	89.60358
1310	1.41084	1.47877	88.29273	2.88960	86.96837	89.68373
1311	1.38648	1.45325	88.37971	2.83973	87.06284	89.76227
1312	1.36202	1.42761	88.46668	2.78963	87.15896	89.83914
1313	1.33748	1.40190	88.55366	2.73937	87.25681	89.91425
1314	1.31288	1.37612	88.64062	2.68900	87.35648	89.98753
1315	1.28826	1.35033	88.72759	2.63859	87.45803	90.05888
1316	1.26366	1.32455	88.81455	2.58821	87.56158	90.12822
1317	1.23912	1.29883	88.90150	2.53795	87.66719	90.19544
1318	1.21469	1.27323	88.98846	2.48791	87.77497	90.26047
1319	1.19041	1.24778	89.07541	2.43819	87.88500	90.32319
1320	1.16634	1.22256	89.16236	2.38890	87.99739	90.38352
1321	1.14255	1.19763	89.24930	2.34018	88.11223	90.44134
1322	1.11911	1.17307	89.33624	2.29218	88.22961	90.49657
1323	1.09609	1.14894	89.42318	2.24504	88.34961	90.54910
1324	1.07359	1.12536	89.51011	2.19894	88.47233	90.59886
1325	1.05169	1.10240	89.59704	2.15408	88.59783	90.64575
1326	1.03049	1.08018	89.68397	2.11067	88.72619	90.68970
1327	1.01010	1.05881	89.77090	2.06891	88.85745	90.73065
1328	0.99064	1.03841	89.85782	2.02905	88.99165	90.76855
1329	0.97223	1.01910	89.94474	1.99133	89.12881	90.80340
1330	0.95500	1.00103	90.03165	1.95603	89.26890	90.83518
1331	0.93907	0.98432	90.11856	1.92339	89.41189	90.86394
1332	0.92458	0.96912	90.20547	1.89370	89.55770	90.88975
1333	0.91165	0.95556	90.29238	1.86721	89.70621	90.91271
1334	0.90042	0.94377	90.37928	1.84418	89.85726	90.93298
1335	0.89099	0.93386	90.46618	1.82485	90.01067	90.95075
1336	0.88346	0.92595	90.55307	1.80941	90.16620	90.96625
1337	0.87792	0.92013	90.63997	1.79805	90.32356	90.97976
1338	0.87444	0.91645	90.72686	1.79090	90.48244	90.99161
1339	0.87306	0.91498	90.81374	1.78804	90.64251	91.00213
1340	0.87379	0.91572	90.90062	1.78951	90.80341	91.01170
1341	0.87663	0.91866	90.98750	1.79529	90.96476	91.02070
1342	0.88153	0.92378	91.07438	1.80531	91.12621	91.02951
1343	0.88845	0.93100	91.16125	1.81945	91.28738	91.03851
1344	0.89730	0.94025	91.24812	1.83756	91.44793	91.04807
1345	0.90799	0.95143	91.33499	1.85942	91.60755	91.05851
1346	0.92041	0.96442	91.42186	1.88483	91.76596	91.07015
1347	0.93443	0.97909	91.50872	1.91352	91.92289	91.08326
1348	0.94993	0.99531	91.59557	1.94524	92.07813	91.09808
1349	0.96677	1.01294	91.68243	1.97971	92.23151	91.11479
1350	0.98483	1.03185	91.76928	2.01668	92.38288	91.13356
1351	1.00398	1.05190	91.85613	2.05588	92.53212	91.15453
1352	1.02409	1.07296	91.94297	2.09705	92.67916	91.17777
1353	1.04505	1.09491	92.02982	2.13996	92.82394	91.20336
1354	1.06675	1.11764	92.11666	2.18438	92.96643	91.23134
1355	1.08907	1.14103	92.20349	2.23010	93.10662	91.26173
1356	1.11194	1.16498	92.29032	2.27692	93.24451	91.29453
1357	1.13526	1.18941	92.37715	2.32467	93.38013	91.32973
1358	1.15895	1.21423	92.46398	2.37318	93.51350	91.36730
1359	1.18294	1.23936	92.55081	2.42230	93.64466	91.40721
1360	1.20716	1.26474	92.63763	2.47189	93.77366	91.44940
1361	1.23155	1.29029	92.72444	2.52184	93.90054	91.49384
1362	1.25606	1.31598	92.81126	2.57204	94.02537	91.54047
1363	1.28065	1.34174	92.89807	2.62239	94.14820	91.58923
1364	1.30527	1.36753	92.98488	2.67280	94.26908	91.64006
1365	1.32987	1.39332	93.07168	2.72319	94.38809	91.69290
1366	1.35444	1.41906	93.15849	2.77350	94.50527	91.74770
1367	1.37893	1.44472	93.24529	2.82365	94.62068	91.80438
1368	1.40332	1.47028	93.33208	2.87360	94.73439	91.86290
1369	1.42759	1.49571	93.41888	2.92330	94.84644	91.92319
1370	1.45171	1.52099	93.50567	2.97270	94.95690	91.98519
1371	1.47566	1.54610	93.59245	3.02176	95.06582	92.04885
1372	1.49944	1.57101	93.67924	3.07045	95.17324	92.11411
1373	1.52302	1.59573	93.76602	3.11875	95.27923	92.18093
1374	1.54639	1.62022	93.85280	3.16661	95.38383	92.24924
1375	1.56954	1.64448	93.93957	3.21402	95.48708	92.31899
1376	1.59246	1.66850	94.02635	3.26096	95.58903	92.39015
1377	1.61514	1.69227	94.11312	3.30741	95.68973	92.46266
1378	1.63757	1.71578	94.19988	3.35335	95.78921	92.53648
1379	1.65975	1.73902	94.28665	3.39877	95.88753	92.61156
1380	1.68167	1.76199	94.37341	3.44366	95.98470	92.68786
1381	1.70332	1.78468	94.46017	3.48800	96.08078	92.76535
1382	1.72470	1.80709	94.54692	3.53179	96.17579	92.84399
1383	1.74581	1.82921	94.63367	3.57502	96.26978	92.92373
1384	1.76664	1.85105	94.72042	3.61769	96.36277	93.00454
1385	1.78719	1.87258	94.80717	3.65978	96.45479	93.08640
1386	1.80746	1.89383	94.89391	3.70129	96.54588	93.16926
1387	1.82745	1.91477	94.98065	3.74222	96.63606	93.25309
1388	1.84715	1.93542	95.06739	3.78256	96.72536	93.33787
1389	1.86656	1.95576	95.15412	3.82232	96.81381	93.42356
1390	1.88568	1.97581	95.24085	3.86149	96.90143	93.51014
1391	1.90452	1.99555	95.32758	3.90007	96.98825	93.59758
1392	1.92306	2.01499	95.41431	3.93805	97.07429	93.68586
1393	1.94132	2.03412	95.50103	3.97544	97.15957	93.77494
1394	1.95928	2.05295	95.58775	4.01224	97.24412	93.86481
1395	1.97696	2.07148	95.67447	4.04844	97.32795	93.95545
1396	1.99435	2.08970	95.76118	4.08405	97.41109	94.04682
1397	2.01145	2.10762	95.84789	4.11907	97.49355	94.13891
1398	2.02825	2.12524	95.93460	4.15349	97.57536	94.23170
1399	2.04478	2.14255	96.02131	4.18733	97.65652	94.32516
1400	2.06101	2.15957	96.10801	4.22058	97.73707	94.41929
1401	2.07695	2.17628	96.19471	4.25323	97.81701	94.51405
1402	2.09261	2.19269	96.28141	4.28530	97.89636	94.60944
1403	2.10798	2.20880	96.36810	4.31679	97.97514	94.70543
1404	2.12307	2.22462	96.45479	4.34769	98.05336	94.80201
1405	2.13787	2.24013	96.54148	4.37801	98.13103	94.89916
1406	2.15239	2.25535	96.62817	4.40775	98.20818	94.99687
1407	2.16663	2.27028	96.71485	4.43691	98.28481	95.09511
1408	2.18059	2.28490	96.80153	4.46549	98.36093	95.19389
1409	2.19426	2.29924	96.88821	4.49350	98.43656	95.29317
1410	2.20766	2.31328	96.97488	4.52094	98.51172	95.39295
1411	2.22077	2.32703	97.06155	4.54780	98.58641	95.49322
1412	2.23361	2.34048	97.14822	4.57410	98.66064	95.59396
1413	2.24617	2.35365	97.23489	4.59983	98.73443	95.69515
1414	2.25846	2.36653	97.32155	4.62499	98.80778	95.79680
1415	2.27047	2.37912	97.40821	4.64959	98.88071	95.89887
1416	2.28221	2.39142	97.49487	4.67363	98.95323	96.00137
1417	2.29367	2.40344	97.58153	4.69711	99.02535	96.10428
1418	2.30486	2.41517	97.66818	4.72004	99.09707	96.20760
1419	2.31579	2.42662	97.75483	4.74240	99.16841	96.31130
1420	2.32644	2.43778	97.84148	4.76422	99.23938	96.41538
1421	2.33682	2.44867	97.92812	4.78548	99.30997	96.51983
1422	2.34693	2.45927	98.01476	4.80620	99.38022	96.62464
1423	2.35678	2.46959	98.10140	4.82636	99.45011	96.72981
1424	2.36635	2.47963	98.18804	4.84598	99.51966	96.83531
1425	2.37567	2.48939	98.27467	4.86506	99.58888	96.94114
1426	2.38471	2.49887	98.36130	4.88359	99.65778	97.04730
1427	2.39350	2.50808	98.44793	4.90158	99.72636	97.15377
1428	2.40202	2.51701	98.53455	4.91903	99.79463	97.26054
1429	2.41027	2.52567	98.62117	4.93594	99.86260	97.36762
1430	2.41827	2.53405	98.70779	4.95232	99.93027	97.47498
1431	2.42600	2.54216	98.79441	4.96816	99.99766	97.58262
1432	2.43348	2.54999	98.88102	4.98347	100.06476	97.69054
1433	2.44069	2.55756	98.96764	4.99825	100.13159	97.79872
1434	2.44764	2.56485	99.05424	5.01249	100.19815	97.90716
1435	2.45434	2.57187	99.14085	5.02621	100.26446	98.01585
1436	2.46078	2.57862	99.22745	5.03940	100.33050	98.12478
1437	2.46696	2.58510	99.31405	5.05206	100.39630	98.23396
1438	2.47288	2.59131	99.40065	5.06419	100.46186	98.34336
1439	2.47855	2.59725	99.48725	5.07580	100.52718	98.45298
1440	2.48396	2.60292	99.57384	5.08689	100.59227	98.56282
1441	2.48912	2.60833	99.66043	5.09745	100.65714	98.67287
1442	2.49402	2.61347	99.74702	5.10749	100.72179	98.78312
1443	2.49867	2.61834	99.83360	5.11701	100.78622	98.89357
1444	2.50306	2.62295	99.92019	5.12601	100.85045	99.00420
1445	2.50720	2.62729	100.00677	5.13450	100.91448	99.11503
1446	2.51109	2.63137	100.09334	5.14246	100.97831	99.22603
1447	2.51472	2.63518	100.17992	5.14991	101.04195	99.33720
1448	2.51811	2.63873	100.26649	5.15684	101.10541	99.44853
1449	2.52124	2.64201	100.35306	5.16325	101.16868	99.56003
1450	2.52411	2.64503	100.43962	5.16915	101.23178	99.67168
1451	2.52674	2.64779	100.52619	5.17453	101.29471	99.78348
1452	2.52912	2.65028	100.61275	5.17940	101.35748	99.89543
1453	2.53124	2.65251	100.69931	5.18375	101.42009	100.00751
1454	2.53312	2.65448	100.78586	5.18760	101.48254	100.11972
1455	2.53474	2.65618	100.87242	5.19092	101.54485	100.23205
1456	2.53611	2.65763	100.95897	5.19374	101.60701	100.34451
1457	2.53723	2.65881	101.04552	5.19604	101.66903	100.45708
1458	2.53811	2.65972	101.13206	5.19783	101.73092	100.56976
1459	2.53873	2.66038	101.21861	5.19911	101.79268	100.68255
1460	2.53910	2.66077	101.30515	5.19987	101.85432	100.79543
1461	2.53922	2.66090	101.39168	5.20013	101.91584	100.90841
1462	2.53909	2.66077	101.47822	5.19987	101.97724	101.02148
1463	2.53872	2.66038	101.56475	5.19910	102.03854	101.13462
1464	2.53809	2.65973	101.65128	5.19781	102.09973	101.24785
1465	2.53721	2.65881	101.73781	5.19602	102.16082	101.36115
1466	2.53608	2.65763	101.82434	5.19371	102.22182	101.47451
1467	2.53470	2.65619	101.91086	5.19089	102.28273	101.58793
1468	2.53307	2.65448	101.99738	5.18756	102.34355	101.70141
1469	2.53119	2.65252	102.08390	5.18371	102.40430	101.81495
1470	2.52906	2.65029	102.17041	5.17935	102.46497	101.92852
1471	2.52668	2.64779	102.25692	5.17448	102.52557	102.04214
1472	2.52405	2.64504	102.34343	5.16909	102.58611	102.15579
1473	2.52116	2.64202	102.42994	5.16318	102.64659	102.26947
1474	2.51803	2.63874	102.51645	5.15676	102.70702	102.38318
1475	2.51464	2.63519	102.60295	5.14983	102.76740	102.49690
1476	2.51100	2.63138	102.68945	5.14238	102.82773	102.61064
1477	2.50711	2.62730	102.77595	5.13441	102.88803	102.72439
1478	2.50296	2.62296	102.86244	5.12592	102.94830	102.83814
1479	2.49856	2.61835	102.94893	5.11691	103.00853	102.95188
1480	2.49391	2.61348	103.03542	5.10739	103.06875	103.06561
1481	2.48900	2.60834	103.12191	5.09734	103.12895	103.17934
1482	2.48383	2.60293	103.20840	5.08677	103.18914	103.29304
1483	2.47842	2.59726	103.29488	5.07568	103.24932	103.40671
1484	2.47274	2.59132	103.38136	5.06406	103.30951	103.52035
1485	2.46681	2.58511	103.46784	5.05192	103.36970	103.63396
1486	2.46063	2.57863	103.55431	5.03926	103.42991	103.74752
1487	2.45418	2.57188	103.64078	5.02606	103.49013	103.86103
1488	2.44748	2.56486	103.72725	5.01234	103.55038	103.97448
1489	2.44052	2.55757	103.81372	4.99809	103.61066	104.08787
1490	2.43330	2.55001	103.90019	4.98331	103.67098	104.20119
1491	2.42582	2.54217	103.98665	4.96799	103.73134	104.31444
1492	2.41808	2.53407	104.07311	4.95215	103.79175	104.42760
1493	2.41008	2.52568	104.15957	4.93576	103.85222	104.54068
1494	2.40182	2.51703	104.24603	4.91884	103.91275	104.65366
1495	2.39329	2.50810	104.33248	4.90139	103.97336	104.76653
1496	2.38450	2.49889	104.41893	4.88339	104.03404	104.87930
1497	2.37545	2.48941	104.50538	4.86485	104.09481	104.99195
1498	2.36613	2.47965	104.59182	4.84577	104.15567	105.10447
1499	2.35654	2.46961	104.67827	4.82615	104.21664	105.21686
