2.5391304348	0.0000000000	0.0000000000


2.5386186660	0.0257799234	0.0000000000


2.5375950018	0.0515546523	0.0000000000


2.5360592677	0.0773189856	0.0000000000


2.5340112411	0.1030677127	0.0000000000


2.5314506510	0.1287956097	0.0000000000


2.5283771784	0.1544974363	0.0000000000


2.5247904553	0.1801679327	0.0000000000


2.5206900648	0.2058018160	0.0000000000


2.5160755397	0.2313937776	0.0000000000


2.5109463617	0.2569384799	0.0000000000


2.5053019578	0.2824305531	0.0000000000


2.4991416956	0.3078645907	0.0000000000


2.4924648764	0.3332351398	0.0000000000


2.4852707298	0.3585366818	0.0000000000


2.4775584276	0.3837636028	0.0000000000


2.4693271278	0.4089101834	0.0000000000


2.4605760063	0.4339706421	0.0000000000


2.4513042265	0.4589391755	0.0000000000


2.4415108986	0.4838099506	0.0000000000


2.4311950659	0.5085770783	0.0000000000


2.4203557081	0.5332345951	0.0000000000


2.4089917469	0.5577764521	0.0000000000


2.3971020497	0.5821965089	0.0000000000


2.3846854331	0.6064885281	0.0000000000


2.3717406639	0.6306461703	0.0000000000


2.3582664605	0.6546629887	0.0000000000


2.3442614938	0.6785324240	0.0000000000


2.3297243875	0.7022477981	0.0000000000


2.3146537190	0.7258023085	0.0000000000


2.2990480202	0.7491890218	0.0000000000


2.2829057773	0.7724008669	0.0000000000


2.2662254324	0.7954306283	0.0000000000


2.2490053837	0.8182709388	0.0000000000


2.2312439862	0.8409142718	0.0000000000


2.2129395531	0.8633529336	0.0000000000


2.1940903566	0.8855790550	0.0000000000


2.1746946288	0.9075845830	0.0000000000


2.1547505630	0.9293612717	0.0000000000


2.1342563153	0.9509006733	0.0000000000


2.1132100051	0.9721941283	0.0000000000


2.0916097172	0.9932327558	0.0000000000


2.0694535015	1.0140074428	0.0000000000


2.0467393740	1.0345088335	0.0000000000


2.0234653145	1.0547273162	0.0000000000


1.9996292642	1.0746530068	0.0000000000


1.9752291238	1.0942757239	0.0000000000


1.9502627637	1.1135849544	0.0000000000


1.9247280591	1.1325698264	0.0000000000


1.8986229297	1.1512191197	0.0000000000


1.8719453366	1.1695212941	0.0000000000


1.8446932520	1.1874644847	0.0000000000


1.8168646440	1.2050364693	0.0000000000


1.7884574806	1.2222246336	0.0000000000


1.7594697410	1.2390159434	0.0000000000


1.7298994279	1.2553969197	0.0000000000


1.6997445795	1.2713536155	0.0000000000


1.6690032816	1.2868715914	0.0000000000


1.6376736800	1.3019358908	0.0000000000


1.6057539939	1.3165310128	0.0000000000


1.5732425302	1.3306408845	0.0000000000


1.5401376994	1.3442488305	0.0000000000


1.5064380330	1.3573375418	0.0000000000


1.4721422029	1.3698890414	0.0000000000


1.4372490428	1.3818846493	0.0000000000


1.4017575721	1.3933049446	0.0000000000


1.3656670221	1.4041297252	0.0000000000


1.3289768653	1.4143379659	0.0000000000


1.2916868483	1.4239077736	0.0000000000


1.2537970280	1.4328163398	0.0000000000


1.2153078117	1.4410398909	0.0000000000


1.1762200022	1.4485536352	0.0000000000


1.1365348473	1.4553317076	0.0000000000


1.0962540955	1.4613471106	0.0000000000


1.0553800566	1.4665716526	0.0000000000


1.0139156695	1.4709758824	0.0000000000


0.9718645770	1.4745290187	0.0000000000


0.9292312084	1.4771988741	0.0000000000


0.8860208760	1.4789517697	0.0000000000


0.8422398907	1.4797524441	0.0000000000


0.7978957051	1.4795639659	0.0000000000


0.7529970708	1.4783476655	0.0000000000


0.7075541917	1.4760630760	0.0000000000


0.6615788757	1.4726678605	0.0000000000


0.6150847089	1.4681177204	0.0000000000


0.5680872630	1.4623662982	0.0000000000


0.5206043360	1.4553650845	0.0000000000


0.4726562237	1.4470633331	0.0000000000


0.4242660228	1.4374079837	0.0000000000


0.3754599701	1.4263435962	0.0000000000


0.3262678202	1.4138122990	0.0000000000


0.2767232659	1.3997537555	0.0000000000


0.2268644073	1.3841051557	0.0000000000


0.1767342715	1.3668012402	0.0000000000


0.1263813887	1.3477743646	0.0000000000


0.0758604286	1.3269546177	0.0000000000


0.0252328980	1.3042700050	0.0000000000


-0.0254320958	1.2796467154	0.0000000000


-0.0760570189	1.2530094896	0.0000000000


-0.1265550230	1.2242821134	0.0000000000


-0.1768290043	1.1933880625	0.0000000000


-0.2267706212	1.1602513279	0.0000000000


-0.2762592907	1.1247974568	0.0000000000


-0.3251611927	1.0869548440	0.0000000000


-0.3733283242	1.0466563107	0.0000000000


-0.4205976591	1.0038410084	0.0000000000


-0.4667904891	0.9584566757	0.0000000000


-0.5117120402	0.9104622657	0.0000000000


-0.5551514741	0.8598309327	0.0000000000


-0.5968823737	0.8065533469	0.0000000000


-0.6366638278	0.7506413357	0.0000000000


-0.6742423566	0.6921317945	0.0000000000


-0.7093548677	0.6310906009	0.0000000000


-0.7417326776	0.5676162677	0.0000000000


-0.7711066300	0.5018430842	0.0000000000


-0.7972132956	0.4339434209	0.0000000000


-0.8198021184	0.3641288247	0.0000000000


-0.8386432258	0.2926495490	0.0000000000


-0.8535354774	0.2197922363	0.0000000000


-0.8643142058	0.1458756043	0.0000000000


-0.8708580375	0.0712441727	0.0000000000


-0.8730941850	-0.0037397146	0.0000000000


-0.8710017017	-0.0787051076	0.0000000000


-0.8646123719	-0.1532822768	0.0000000000


-0.8540091455	-0.2271124348	0.0000000000


-0.8393222848	-0.2998566521	0.0000000000


-0.8207236121	-0.3712033833	0.0000000000


-0.7984194058	-0.4408741971	0.0000000000


-0.7726425605	-0.5086275277	0.0000000000


-0.7436446074	-0.5742604657	0.0000000000


-0.7116881054	-0.6376087857	0.0000000000


-0.6770397838	-0.6985455132	0.0000000000


-0.6399646747	-0.7569783927	0.0000000000


-0.6007213458	-0.8128466172	0.0000000000


-0.5595582328	-0.8661171457	0.0000000000


-0.5167109996	-0.9167808807	0.0000000000


-0.4724008043	-0.9648489156	0.0000000000


-0.4268333237	-1.0103489978	0.0000000000


-0.3801983900	-1.0533223005	0.0000000000


-0.3326700950	-1.0938205521	0.0000000000


-0.2844072420	-1.1319035364	0.0000000000


-0.2355540369	-1.1676369553	0.0000000000


-0.1862409361	-1.2010906324	0.0000000000


-0.1365855825	-1.2323370243	0.0000000000


-0.0866937809	-1.2614500044	0.0000000000


-0.0366604736	-1.2885038840	0.0000000000


0.0134293081	-1.3135726355	0.0000000000


0.0634995355	-1.3367292863	0.0000000000


0.1134823279	-1.3580454547	0.0000000000


0.1633171571	-1.3775910038	0.0000000000


0.2129501146	-1.3954337900	0.0000000000


0.2623332406	-1.4116394907	0.0000000000


0.3114239133	-1.4262714931	0.0000000000


0.3601842954	-1.4393908333	0.0000000000


0.4085808346	-1.4510561742	0.0000000000


0.4565838134	-1.4613238131	0.0000000000


0.5041669451	-1.4702477140	0.0000000000


0.5513070109	-1.4778795555	0.0000000000


0.5979835349	-1.4842687933	0.0000000000


0.6441784938	-1.4894627307	0.0000000000


0.6898760563	-1.4935065960	0.0000000000


0.7350623506	-1.4964436234	0.0000000000


0.7797252566	-1.4983151359	0.0000000000


0.8238542204	-1.4991606291	0.0000000000


0.8674400875	-1.4990178545	0.0000000000


0.9104749549	-1.4979229010	0.0000000000


0.9529520379	-1.4959102752	0.0000000000


0.9948655517	-1.4930129785	0.0000000000


1.0362106046	-1.4892625824	0.0000000000


1.0769831033	-1.4846893001	0.0000000000


1.1171796672	-1.4793220554	0.0000000000


1.1567975522	-1.4731885491	0.0000000000


1.1958345822	-1.4663153209	0.0000000000


1.2342890875	-1.4587278099	0.0000000000


1.2721598498	-1.4504504107	0.0000000000


1.3094460525	-1.4415065279	0.0000000000


1.3461472363	-1.4319186265	0.0000000000


1.3822632589	-1.4217082806	0.0000000000


1.4177942595	-1.4108962188	0.0000000000


1.4527406257	-1.3995023679	0.0000000000


1.4871029651	-1.3875458937	0.0000000000


1.5208820783	-1.3750452392	0.0000000000


1.5540789358	-1.3620181620	0.0000000000


1.5866946562	-1.3484817680	0.0000000000


1.6187304871	-1.3344525449	0.0000000000


1.6501877880	-1.3199463924	0.0000000000


1.6810680140	-1.3049786517	0.0000000000


1.7113727023	-1.2895641334	0.0000000000


1.7411034589	-1.2737171430	0.0000000000


1.7702619474	-1.2574515060	0.0000000000


1.7988498785	-1.2407805913	0.0000000000


1.8268690004	-1.2237173332	0.0000000000


1.8543210905	-1.2062742526	0.0000000000


1.8812079474	-1.1884634765	0.0000000000


1.9075313845	-1.1702967572	0.0000000000


1.9332932232	-1.1517854899	0.0000000000


1.9584952874	-1.1329407297	0.0000000000


1.9831393985	-1.1137732079	0.0000000000


2.0072273704	-1.0942933469	0.0000000000


2.0307610059	-1.0745112751	0.0000000000


2.0537420924	-1.0544368403	0.0000000000


2.0761723987	-1.0340796232	0.0000000000


2.0980536721	-1.0134489496	0.0000000000


2.1193876352	-0.9925539023	0.0000000000


2.1401759837	-0.9714033328	0.0000000000


2.1604203843	-0.9500058715	0.0000000000


2.1801224723	-0.9283699386	0.0000000000


2.1992838499	-0.9065037535	0.0000000000


2.2179060848	-0.8844153444	0.0000000000


2.2359907085	-0.8621125573	0.0000000000


2.2535392149	-0.8396030644	0.0000000000


2.2705530595	-0.8168943727	0.0000000000


2.2870336578	-0.7939938315	0.0000000000


2.3029823850	-0.7709086401	0.0000000000


2.3184005744	-0.7476458552	0.0000000000


2.3332895174	-0.7242123976	0.0000000000


2.3476504623	-0.7006150591	0.0000000000


2.3614846141	-0.6768605089	0.0000000000


2.3747931336	-0.6529552998	0.0000000000


2.3875771371	-0.6289058741	0.0000000000


2.3998376960	-0.6047185695	0.0000000000


2.4115758364	-0.5803996246	0.0000000000


2.4227925389	-0.5559551845	0.0000000000


2.4334887380	-0.5313913054	0.0000000000


2.4436653222	-0.5067139605	0.0000000000


2.4533231334	-0.4819290442	0.0000000000


2.4624629672	-0.4570423771	0.0000000000


2.4710855721	-0.4320597110	0.0000000000


2.4791916500	-0.4069867325	0.0000000000


2.4867818557	-0.3818290684	0.0000000000


2.4938567967	-0.3565922892	0.0000000000


2.5004170334	-0.3312819138	0.0000000000


2.5064630788	-0.3059034133	0.0000000000


2.5119953986	-0.2804622152	0.0000000000


2.5170144109	-0.2549637072	0.0000000000


2.5215204864	-0.2294132412	0.0000000000


2.5255139479	-0.2038161368	0.0000000000


2.5289950709	-0.1781776857	0.0000000000


2.5319640829	-0.1525031548	0.0000000000


2.5344211639	-0.1267977901	0.0000000000


2.5363664457	-0.1010668202	0.0000000000


2.5378000127	-0.0753154605	0.0000000000


2.5387219010	-0.0495489157	0.0000000000


2.5391320991	-0.0237723845	0.0000000000


2.5390305471	0.0020089376	0.0000000000


2.5384171375	0.0277898543	0.0000000000


2.5372917143	0.0535651653	0.0000000000


2.5356540737	0.0793296625	0.0000000000


2.5335039635	0.1050781264	0.0000000000


2.5308410833	0.1308053226	0.0000000000


2.5276650845	0.1565059982	0.0000000000


2.5239755702	0.1821748780	0.0000000000


2.5197720949	0.2078066608	0.0000000000


2.5150541651	0.2333960160	0.0000000000


2.5098212384	0.2589375794	0.0000000000


2.5040727242	0.2844259493	0.0000000000


2.4978079834	0.3098556830	0.0000000000


2.4910263282	0.3352212926	0.0000000000


2.4837270222	0.3605172406	0.0000000000


2.4759092807	0.3857379363	0.0000000000


2.4675722702	0.4108777313	0.0000000000


2.4587151086	0.4359309149	0.0000000000


2.4493368656	0.4608917101	0.0000000000


2.4394365620	0.4857542686	0.0000000000


2.4290131704	0.5105126663	0.0000000000


2.4180656151	0.5351608985	0.0000000000


2.4065927721	0.5596928745	0.0000000000


2.3945934694	0.5841024131	0.0000000000


2.3820664869	0.6083832365	0.0000000000


2.3690105572	0.6325289655	0.0000000000


2.3554243651	0.6565331131	0.0000000000


2.3413065484	0.6803890793	0.0000000000


2.3266556984	0.7040901442	0.0000000000


2.3114703596	0.7276294623	0.0000000000


2.2957490309	0.7510000551	0.0000000000


2.2794901658	0.7741948051	0.0000000000


2.2626921731	0.7972064478	0.0000000000


2.2453534175	0.8200275648	0.0000000000


2.2274722206	0.8426505757	0.0000000000


2.2090468617	0.8650677300	0.0000000000


2.1900755789	0.8872710987	0.0000000000


2.1705565705	0.9092525650	0.0000000000


2.1504879958	0.9310038157	0.0000000000


2.1298679774	0.9525163309	0.0000000000


2.1086946021	0.9737813740	0.0000000000


2.0869659233	0.9947899807	0.0000000000


2.0646799630	1.0155329485	0.0000000000


2.0418347143	1.0360008240	0.0000000000


2.0184281438	1.0561838913	0.0000000000


1.9944581947	1.0760721585	0.0000000000


1.9699227901	1.0956553441	0.0000000000


1.9448198370	1.1149228630	0.0000000000


1.9191472296	1.1338638108	0.0000000000


1.8929028549	1.1524669482	0.0000000000


1.8660845968	1.1707206842	0.0000000000


1.8386903423	1.1886130582	0.0000000000


1.8107179878	1.2061317212	0.0000000000


1.7821654457	1.2232639166	0.0000000000


1.7530306522	1.2399964587	0.0000000000


1.7233115762	1.2563157111	0.0000000000


1.6930062286	1.2722075634	0.0000000000


1.6621126725	1.2876574065	0.0000000000


1.6306290357	1.3026501067	0.0000000000


1.5985535229	1.3171699780	0.0000000000


1.5658844309	1.3312007535	0.0000000000


1.5326201640	1.3447255540	0.0000000000


1.4987592524	1.3577268559	0.0000000000


1.4643003715	1.3701864562	0.0000000000


1.4292423643	1.3820854366	0.0000000000


1.3935842655	1.3934041244	0.0000000000


1.3573253294	1.4041220515	0.0000000000


1.3204650593	1.4142179114	0.0000000000


1.2830032417	1.4236695131	0.0000000000


1.2449399840	1.4324537328	0.0000000000


1.2062757559	1.4405464622	0.0000000000


1.1670114361	1.4479225549	0.0000000000


1.1271483643	1.4545557687	0.0000000000


1.0866883993	1.4604187056	0.0000000000


1.0456339831	1.4654827480	0.0000000000


1.0039882141	1.4697179923	0.0000000000


0.9617549266	1.4730931784	0.0000000000


0.9189387820	1.4755756164	0.0000000000


0.8755453690	1.4771311102	0.0000000000


0.8315813168	1.4777238780	0.0000000000


0.7870544215	1.4773164691	0.0000000000


0.7419737872	1.4758696797	0.0000000000


0.6963499844	1.4733424653	0.0000000000


0.6501952276	1.4696918529	0.0000000000


0.6035235739	1.4648728519	0.0000000000


0.5563511452	1.4588383674	0.0000000000


0.5086963780	1.4515391142	0.0000000000


0.4605803023	1.4429235373	0.0000000000


0.4120268539	1.4329377387	0.0000000000


0.3630632238	1.4215254149	0.0000000000


0.3137202483	1.4086278099	0.0000000000


0.2640328442	1.3941836878	0.0000000000


0.2140404930	1.3781293327	0.0000000000


0.1637877783	1.3603985831	0.0000000000


0.1133249819	1.3409229108	0.0000000000


0.0627087387	1.3196315569	0.0000000000


0.0120027572	1.2964517383	0.0000000000


-0.0387213965	1.2713089435	0.0000000000


-0.0893834511	1.2441273360	0.0000000000


-0.1398935226	1.2148302915	0.0000000000


-0.1901511564	1.1833410954	0.0000000000


-0.2400443334	1.1495838311	0.0000000000


-0.2894484625	1.1134844948	0.0000000000


-0.3382253917	1.0749723726	0.0000000000


-0.3862224843	1.0339817166	0.0000000000


-0.4332718196	0.9904537556	0.0000000000


-0.4791895983	0.9443390681	0.0000000000


-0.5237758485	0.8956003338	0.0000000000


-0.5668145535	0.8442154595	0.0000000000


-0.6080743359	0.7901810472	0.0000000000


-0.6473098486	0.7335161291	0.0000000000


-0.6842640231	0.6742660464	0.0000000000


-0.7186713131	0.6125062856	0.0000000000


-0.7502620324	0.5483460215	0.0000000000


-0.7787678190	0.4819310563	0.0000000000


-0.8039281630	0.4134457956	0.0000000000


-0.8254978087	0.3431138943	0.0000000000


-0.8432547001	0.2711972319	0.0000000000


-0.8570080031	0.1979929749	0.0000000000


-0.8666056295	0.1238286298	0.0000000000


-0.8719406421	0.0490551933	0.0000000000


-0.8729559545	-0.0259612782	0.0000000000


-0.8696468666	-0.1008491536	0.0000000000


-0.8620611779	-0.1752410990	0.0000000000


-0.8502968726	-0.2487836172	0.0000000000


-0.8344976176	-0.3211455796	0.0000000000


-0.8148465233	-0.3920252183	0.0000000000


-0.7915587441	-0.4611552423	0.0000000000


-0.7648735377	-0.5283059595	0.0000000000


-0.7350463569	-0.5932864866	0.0000000000


-0.7023414479	-0.6559442820	0.0000000000


-0.6670252887	-0.7161633294	0.0000000000


-0.6293610670	-0.7738613383	0.0000000000


-0.5896042668	-0.8289863147	0.0000000000


-0.5479993408	-0.8815128145	0.0000000000


-0.5047773716	-0.9314381304	0.0000000000


-0.4601545928	-0.9787786022	0.0000000000


-0.4143316201	-1.0235661750	0.0000000000


-0.3674932462	-1.0658452863	0.0000000000


-0.3198086639	-1.1056701142	0.0000000000


-0.2714319990	-1.1431021969	0.0000000000


-0.2225030563	-1.1782084071	0.0000000000


-0.1731481975	-1.2110592572	0.0000000000


-0.1234812916	-1.2417275004	0.0000000000


-0.0736046908	-1.2702869935	0.0000000000


-0.0236101985	-1.2968117846	0.0000000000


0.0264199938	-1.3213753927	0.0000000000


0.0764124158	-1.3440502486	0.0000000000


0.1263014834	-1.3649072695	0.0000000000


0.1760287250	-1.3840155438	0.0000000000


0.2255420684	-1.4014421056	0.0000000000


0.2747951912	-1.4172517821	0.0000000000


0.3237469282	-1.4315070986	0.0000000000


0.3723607368	-1.4442682296	0.0000000000


0.4206042138	-1.4555929865	0.0000000000


0.4684486602	-1.4655368325	0.0000000000


0.5158686915	-1.4741529195	0.0000000000


0.5628418871	-1.4814921408	0.0000000000


0.6093484767	-1.4876031952	0.0000000000


0.6553710601	-1.4925326599	0.0000000000


0.7008943557	-1.4963250680	0.0000000000


0.7459049763	-1.4990229900	0.0000000000


0.7903912285	-1.5006671170	0.0000000000


0.8343429330	-1.5012963433	0.0000000000


0.8777512647	-1.5009478491	0.0000000000


0.9206086090	-1.4996571816	0.0000000000


0.9629084335	-1.4974583334	0.0000000000


1.0046451736	-1.4943838194	0.0000000000


1.0458141293	-1.4904647502	0.0000000000


1.0864113732	-1.4857309027	0.0000000000


1.1264336685	-1.4802107883	0.0000000000


1.1658783947	-1.4739317172	0.0000000000


1.2047434814	-1.4669198599	0.0000000000


1.2430273486	-1.4592003063	0.0000000000


1.2807288539	-1.4507971208	0.0000000000


1.3178472437	-1.4417333953	0.0000000000


1.3543821107	-1.4320312994	0.0000000000


1.3903333547	-1.4217121276	0.0000000000


1.4257011479	-1.4107963439	0.0000000000


1.4604859035	-1.3993036247	0.0000000000


1.4946882473	-1.3872528986	0.0000000000


1.5283089919	-1.3746623841	0.0000000000


1.5613491146	-1.3615496261	0.0000000000


1.5938097355	-1.3479315291	0.0000000000


1.6256920997	-1.3338243897	0.0000000000


1.6569975602	-1.3192439267	0.0000000000


1.6877275623	-1.3042053096	0.0000000000


1.7178836302	-1.2887231860	0.0000000000


1.7474673545	-1.2728117071	0.0000000000


1.7764803810	-1.2564845517	0.0000000000


1.8049244004	-1.2397549496	0.0000000000


1.8328011392	-1.2226357029	0.0000000000


1.8601123516	-1.2051392070	0.0000000000


1.8868598117	-1.1872774697	0.0000000000


1.9130453068	-1.1690621300	0.0000000000


1.9386706317	-1.1505044753	0.0000000000


1.9637375824	-1.1316154587	0.0000000000


1.9882479519	-1.1124057139	0.0000000000


2.0122035250	-1.0928855709	0.0000000000


2.0356060748	-1.0730650701	0.0000000000


2.0584573584	-1.0529539757	0.0000000000


2.0807591143	-1.0325617886	0.0000000000


2.1025130588	-1.0118977589	0.0000000000


2.1237208836	-0.9909708976	0.0000000000


2.1443842531	-0.9697899873	0.0000000000


2.1645048025	-0.9483635934	0.0000000000


2.1840841357	-0.9267000740	0.0000000000


2.2031238235	-0.9048075895	0.0000000000


2.2216254019	-0.8826941120	0.0000000000


2.2395903708	-0.8603674340	0.0000000000


2.2570201928	-0.8378351771	0.0000000000


2.2739162916	-0.8151047999	0.0000000000


2.2902800515	-0.7921836060	0.0000000000


2.3061128163	-0.7690787511	0.0000000000


2.3214158881	-0.7457972505	0.0000000000


2.3361905271	-0.7223459858	0.0000000000


2.3504379507	-0.6987317117	0.0000000000


2.3641593327	-0.6749610620	0.0000000000


2.3773558033	-0.6510405561	0.0000000000


2.3900284479	-0.6269766047	0.0000000000


2.4021783074	-0.6027755156	0.0000000000


2.4138063775	-0.5784434991	0.0000000000


2.4249136083	-0.5539866735	0.0000000000


2.4355009043	-0.5294110702	0.0000000000


2.4455691238	-0.5047226384	0.0000000000


2.4551190788	-0.4799272505	0.0000000000


2.4641515351	-0.4550307065	0.0000000000


2.4726672116	-0.4300387384	0.0000000000


2.4806667805	-0.4049570150	0.0000000000


2.4881508672	-0.3797911463	0.0000000000


2.4951200500	-0.3545466873	0.0000000000


2.5015748599	-0.3292291426	0.0000000000


2.5075157809	-0.3038439703	0.0000000000


2.5129432494	-0.2783965859	0.0000000000


2.5178576546	-0.2528923665	0.0000000000


2.5222593381	-0.2273366543	0.0000000000


2.5261485940	-0.2017347605	0.0000000000


2.5295256688	-0.1760919695	0.0000000000


2.5323907612	-0.1504135418	0.0000000000


2.5347440222	-0.1247047182	0.0000000000


2.5365855552	-0.0989707233	0.0000000000


2.5379154155	-0.0732167692	0.0000000000


2.5387336106	-0.0474480589	0.0000000000


2.5390401001	-0.0216697898	0.0000000000


2.5388347954	0.0041128423	0.0000000000


2.5381175600	0.0298946401	0.0000000000


2.5368882094	0.0556704011	0.0000000000


2.5351465105	0.0814349139	0.0000000000


2.5328921823	0.1071829547	0.0000000000


2.5301248955	0.1329092839	0.0000000000


2.5268442724	0.1586086420	0.0000000000


2.5230498867	0.1842757463	0.0000000000


2.5187412641	0.2099052871	0.0000000000


2.5139178813	0.2354919238	0.0000000000


2.5085791669	0.2610302814	0.0000000000


2.5027245004	0.2865149462	0.0000000000


2.4963532132	0.3119404621	0.0000000000


2.4894645877	0.3373013268	0.0000000000


2.4820578577	0.3625919872	0.0000000000


2.4741322083	0.3878068355	0.0000000000


2.4656867758	0.4129402050	0.0000000000


2.4567206478	0.4379863654	0.0000000000


2.4472328635	0.4629395187	0.0000000000


2.4372224131	0.4877937941	0.0000000000


2.4266882384	0.5125432437	0.0000000000


2.4156292326	0.5371818371	0.0000000000


2.4040442405	0.5617034569	0.0000000000


2.3919320589	0.5861018931	0.0000000000


2.3792914362	0.6103708375	0.0000000000


2.3661210730	0.6345038789	0.0000000000


2.3524196224	0.6584944963	0.0000000000


2.3381856902	0.6823360539	0.0000000000


2.3234178351	0.7060217939	0.0000000000


2.3081145693	0.7295448308	0.0000000000


2.2922743591	0.7528981445	0.0000000000


2.2758956250	0.7760745730	0.0000000000


2.2589767430	0.7990668054	0.0000000000


2.2415160446	0.8218673742	0.0000000000


2.2235118183	0.8444686476	0.0000000000


2.2049623102	0.8668628207	0.0000000000


2.1858657250	0.8890419075	0.0000000000


2.1662202276	0.9109977314	0.0000000000


2.1460239441	0.9327219160	0.0000000000


2.1252749634	0.9542058750	0.0000000000


2.1039713392	0.9754408022	0.0000000000


2.0821110916	0.9964176602	0.0000000000


2.0596922097	1.0171271689	0.0000000000


2.0367126535	1.0375597943	0.0000000000


2.0131703570	1.0577057350	0.0000000000


1.9890632315	1.0775549094	0.0000000000


1.9643891681	1.0970969420	0.0000000000


1.9391460424	1.1163211482	0.0000000000


1.9133317184	1.1352165193	0.0000000000


1.8869440528	1.1537717061	0.0000000000


1.8599809009	1.1719750020	0.0000000000


1.8324401218	1.1898143245	0.0000000000


1.8043195851	1.2072771965	0.0000000000


1.7756171781	1.2243507262	0.0000000000


1.7463308135	1.2410215856	0.0000000000


1.7164584386	1.2572759884	0.0000000000


1.6859980446	1.2730996660	0.0000000000


1.6549476780	1.2884778424	0.0000000000


1.6233054520	1.3033952082	0.0000000000


1.5910695608	1.3178358918	0.0000000000


1.5582382936	1.3317834304	0.0000000000


1.5248100519	1.3452207379	0.0000000000


1.4907833672	1.3581300725	0.0000000000


1.4561569220	1.3704930006	0.0000000000


1.4209295721	1.3822903602	0.0000000000


1.3851003723	1.3935022209	0.0000000000


1.3486686038	1.4041078425	0.0000000000


1.3116338062	1.4140856308	0.0000000000


1.2739958120	1.4234130902	0.0000000000


1.2357547852	1.4320667750	0.0000000000


1.1969112648	1.4400222365	0.0000000000


1.1574662128	1.4472539679	0.0000000000


1.1174210678	1.4537353460	0.0000000000


1.0767778054	1.4594385694	0.0000000000


1.0355390045	1.4643345942	0.0000000000


0.9937079226	1.4683930654	0.0000000000


0.9512885791	1.4715822458	0.0000000000


0.9082858487	1.4738689412	0.0000000000


0.8647055658	1.4752184227	0.0000000000


0.8205546419	1.4755943454	0.0000000000


0.7758411958	1.4749586647	0.0000000000


0.7305747007	1.4732715507	0.0000000000


0.6847661485	1.4704912997	0.0000000000


0.6384282332	1.4665742457	0.0000000000


0.5915755574	1.4614746716	0.0000000000


0.5442248634	1.4551447212	0.0000000000


0.4963952912	1.4475343155	0.0000000000


0.4481086689	1.4385910733	0.0000000000


0.3993898362	1.4282602409	0.0000000000


0.3502670067	1.4164846330	0.0000000000


0.3007721726	1.4032045908	0.0000000000


0.2509415556	1.3883579617	0.0000000000


0.2008161084	1.3718801081	0.0000000000


0.1504420711	1.3537039544	0.0000000000


0.0998715869	1.3337600819	0.0000000000


0.0491633790	1.3119768842	0.0000000000


-0.0016165074	1.2882808003	0.0000000000


-0.0523938988	1.2625966410	0.0000000000


-0.1030856241	1.2348480322	0.0000000000


-0.1535985879	1.2049579995	0.0000000000


-0.2038287964	1.1728497230	0.0000000000


-0.2536603539	1.1384474949	0.0000000000


-0.3029644540	1.1016779142	0.0000000000


-0.3515984034	1.0624713569	0.0000000000


-0.3994047269	1.0207637575	0.0000000000


-0.4462104215	0.9764987355	0.0000000000


-0.4918264431	0.9296300916	0.0000000000


-0.5360475318	0.8801246855	0.0000000000


-0.5786525001	0.8279656810	0.0000000000


-0.6194051262	0.7731561158	0.0000000000


-0.6580558035	0.7157227054	0.0000000000


-0.6943440965	0.6557197373	0.0000000000


-0.7280023298	0.5932328506	0.0000000000


-0.7587602921	0.5283824269	0.0000000000


-0.7863510603	0.4613262654	0.0000000000


-0.8105178410	0.3922611747	0.0000000000


-0.8310215974	0.3214231164	0.0000000000


-0.8476490817	0.2490855867	0.0000000000


-0.8602207687	0.1755560316	0.0000000000


-0.8685980910	0.1011702643	0.0000000000


-0.8726893568	0.0262850576	0.0000000000


-0.8724537953	-0.0487306930	0.0000000000


-0.8679033281	-0.1235056581	0.0000000000


-0.8591018888	-0.1976759164	0.0000000000


-0.8461623660	-0.2708942371	0.0000000000


-0.8292414869	-0.3428381636	0.0000000000


-0.8085331400	-0.4132164252	0.0000000000


-0.7842607393	-0.4817734124	0.0000000000


-0.7566692410	-0.5482916664	0.0000000000


-0.7260173589	-0.6125925190	0.0000000000


-0.6925704092	-0.6745351558	0.0000000000


-0.6565940733	-0.7340144479	0.0000000000


-0.6183492343	-0.7909579187	0.0000000000


-0.5780879221	-0.8453221868	0.0000000000


-0.5360503176	-0.8970891810	0.0000000000


-0.4924627057	-0.9462623545	0.0000000000


-0.4475362406	-0.9928630698	0.0000000000


-0.4014663709	-1.0369272612	0.0000000000


-0.3544327840	-1.0785024394	0.0000000000


-0.3065997379	-1.1176450629	0.0000000000


-0.2581166684	-1.1544182760	0.0000000000


-0.2091189826	-1.1888899947	0.0000000000


-0.1597289630	-1.2211313114	0.0000000000


-0.1100567268	-1.2512151850	0.0000000000


-0.0602012006	-1.2792153795	0.0000000000


-0.0102510774	-1.3052056166	0.0000000000


0.0397142618	-1.3292589105	0.0000000000


0.0896238764	-1.3514470528	0.0000000000


0.1394144521	-1.3718402251	0.0000000000


0.1890295482	-1.3905067134	0.0000000000


0.2384189060	-1.4075127069	0.0000000000


0.2875378189	-1.4229221641	0.0000000000


0.3363465599	-1.4367967336	0.0000000000


0.3848098639	-1.4491957166	0.0000000000


0.4328964617	-1.4601760633	0.0000000000


0.4805786599	-1.4697923951	0.0000000000


0.5278319644	-1.4780970457	0.0000000000


0.5746347427	-1.4851401179	0.0000000000


0.6209679216	-1.4909695495	0.0000000000


0.6668147162	-1.4956311879	0.0000000000


0.7121603882	-1.4991688683	0.0000000000


0.7569920293	-1.5016244955	0.0000000000


0.8012983677	-1.5030381262	0.0000000000


0.8450695950	-1.5034480518	0.0000000000


0.8882972118	-1.5028908799	0.0000000000


0.9309738888	-1.5014016143	0.0000000000


0.9730933435	-1.4990137328	0.0000000000


1.0146502290	-1.4957592623	0.0000000000


1.0556400351	-1.4916688515	0.0000000000


1.0960589990	-1.4867718402	0.0000000000


1.1359040262	-1.4810963259	0.0000000000


1.1751726183	-1.4746692275	0.0000000000


1.2138628097	-1.4675163452	0.0000000000


1.2519731095	-1.4596624184	0.0000000000


1.2895024500	-1.4511311803	0.0000000000


1.3264501403	-1.4419454093	0.0000000000


1.3628158244	-1.4321269781	0.0000000000


1.3985994437	-1.4216969006	0.0000000000


1.4338012032	-1.4106753750	0.0000000000


1.4684215410	-1.3990818261	0.0000000000


1.5024611010	-1.3869349441	0.0000000000


1.5359207079	-1.3742527221	0.0000000000


1.5688013451	-1.3610524909	0.0000000000


1.6011041346	-1.3473509527	0.0000000000


1.6328303188	-1.3331642117	0.0000000000


1.6639812438	-1.3185078047	0.0000000000


1.6945583454	-1.3033967286	0.0000000000


1.7245631347	-1.2878454669	0.0000000000


1.7539971868	-1.2718680155	0.0000000000


1.7828621297	-1.2554779054	0.0000000000


1.8111596341	-1.2386882264	0.0000000000


1.8388914050	-1.2215116475	0.0000000000


1.8660591731	-1.2039604375	0.0000000000


1.8926646880	-1.1860464841	0.0000000000


1.9187097113	-1.1677813121	0.0000000000


1.9441960107	-1.1491761005	0.0000000000


1.9691253547	-1.1302416989	0.0000000000


1.9934995076	-1.1109886432	0.0000000000


2.0173202250	-1.0914271698	0.0000000000


2.0405892504	-1.0715672303	0.0000000000


2.0633083107	-1.0514185045	0.0000000000


2.0854791139	-1.0309904129	0.0000000000


2.1071033452	-1.0102921291	0.0000000000


2.1281826653	-0.9893325912	0.0000000000


2.1487187073	-0.9681205127	0.0000000000


2.1687130750	-0.9466643929	0.0000000000


2.1881673406	-0.9249725272	0.0000000000


2.2070830432	-0.9030530164	0.0000000000


2.2254616873	-0.8809137756	0.0000000000


2.2433047411	-0.8585625435	0.0000000000


2.2606136354	-0.8360068901	0.0000000000


2.2773897625	-0.8132542253	0.0000000000


2.2936344751	-0.7903118060	0.0000000000


2.3093490854	-0.7671867439	0.0000000000


2.3245348643	-0.7438860124	0.0000000000


2.3391930406	-0.7204164531	0.0000000000


2.3533248006	-0.6967847830	0.0000000000


2.3669312870	-0.6729976000	0.0000000000


2.3800135990	-0.6490613896	0.0000000000


2.3925727914	-0.6249825303	0.0000000000


2.4046098743	-0.6007672995	0.0000000000


2.4161258128	-0.5764218787	0.0000000000


2.4271215267	-0.5519523592	0.0000000000


2.4375978901	-0.5273647466	0.0000000000


2.4475557310	-0.5026649664	0.0000000000


2.4569958317	-0.4778588681	0.0000000000


2.4659189278	-0.4529522306	0.0000000000


2.4743257084	-0.4279507663	0.0000000000


2.4822168160	-0.4028601254	0.0000000000


2.4895928465	-0.3776859007	0.0000000000


2.4964543485	-0.3524336315	0.0000000000


2.5028018237	-0.3271088077	0.0000000000


2.5086357266	-0.3017168740	0.0000000000


2.5139564645	-0.2762632336	0.0000000000


2.5187643974	-0.2507532527	0.0000000000


2.5230598376	-0.2251922634	0.0000000000


2.5268430503	-0.1995855685	0.0000000000


2.5301142527	-0.1739384444	0.0000000000


2.5328736148	-0.1482561451	0.0000000000


2.5351212585	-0.1225439060	0.0000000000


2.5368572581	-0.0968069474	0.0000000000


2.5380816402	-0.0710504780	0.0000000000


2.5387943831	-0.0452796984	0.0000000000


2.5389954176	-0.0194998051	0.0000000000


2.5386846261	0.0062840063	0.0000000000


2.5378618432	0.0320665377	0.0000000000


2.5365268551	0.0578425845	0.0000000000


2.5346793999	0.0836069322	0.0000000000


2.5323191674	0.1093543530	0.0000000000


2.5294457991	0.1350796018	0.0000000000


2.5260588879	0.1607774129	0.0000000000


2.5221579785	0.1864424962	0.0000000000


2.5177425668	0.2120695334	0.0000000000


2.5128121002	0.2376531743	0.0000000000


2.5073659776	0.2631880328	0.0000000000


2.5014035489	0.2886686834	0.0000000000


2.4949241154	0.3140896568	0.0000000000


2.4879269297	0.3394454359	0.0000000000


2.4804111953	0.3647304521	0.0000000000


2.4723760672	0.3899390805	0.0000000000


2.4638206512	0.4150656361	0.0000000000


2.4547440046	0.4401043689	0.0000000000


2.4451451354	0.4650494597	0.0000000000


2.4350230031	0.4898950152	0.0000000000


2.4243765184	0.5146350634	0.0000000000


2.4132045433	0.5392635484	0.0000000000


2.4015058913	0.5637743256	0.0000000000


2.3892793272	0.5881611559	0.0000000000


2.3765235679	0.6124177009	0.0000000000


2.3632372820	0.6365375168	0.0000000000


2.3494190904	0.6605140486	0.0000000000


2.3350675664	0.6843406242	0.0000000000


2.3201812364	0.7080104478	0.0000000000


2.3047585798	0.7315165938	0.0000000000


2.2887980299	0.7548519995	0.0000000000


2.2722979743	0.7780094584	0.0000000000


2.2552567559	0.8009816125	0.0000000000


2.2376726728	0.8237609449	0.0000000000


2.2195439801	0.8463397715	0.0000000000


2.2008688903	0.8687102328	0.0000000000


2.1816455748	0.8908642850	0.0000000000


2.1618721645	0.9127936908	0.0000000000


2.1415467520	0.9344900100	0.0000000000


2.1206673927	0.9559445894	0.0000000000


2.0992321065	0.9771485518	0.0000000000


2.0772388803	0.9980927858	0.0000000000


2.0546856697	1.0187679333	0.0000000000


2.0315704017	1.0391643781	0.0000000000


2.0078909777	1.0592722323	0.0000000000


1.9836452763	1.0790813238	0.0000000000


1.9588311569	1.0985811811	0.0000000000


1.9334464637	1.1177610193	0.0000000000


1.9074890298	1.1366097237	0.0000000000


1.8809566824	1.1551158338	0.0000000000


1.8538472474	1.1732675254	0.0000000000


1.8261585564	1.1910525927	0.0000000000


1.7978884523	1.2084584285	0.0000000000


1.7690347974	1.2254720036	0.0000000000


1.7395954811	1.2420798458	0.0000000000


1.7095684292	1.2582680162	0.0000000000


1.6789516138	1.2740220857	0.0000000000


1.6477430648	1.2893271090	0.0000000000


1.6159408821	1.3041675977	0.0000000000


1.5835432494	1.3185274918	0.0000000000


1.5505484495	1.3323901292	0.0000000000


1.5169548817	1.3457382139	0.0000000000


1.4827610804	1.3585537817	0.0000000000


1.4479657361	1.3708181646	0.0000000000


1.4125677193	1.3825119525	0.0000000000


1.3765661061	1.3936149531	0.0000000000


1.3399602074	1.4041061493	0.0000000000


1.3027496012	1.4139636535	0.0000000000


1.2649341684	1.4231646606	0.0000000000


1.2265141332	1.4316853969	0.0000000000


1.1874901072	1.4395010669	0.0000000000


1.1478631400	1.4465857968	0.0000000000


1.1076347738	1.4529125752	0.0000000000


1.0668071061	1.4584531899	0.0000000000


1.0253828590	1.4631781622	0.0000000000


0.9833654560	1.4670566775	0.0000000000


0.9407591091	1.4700565123	0.0000000000


0.8975689154	1.4721439586	0.0000000000


0.8538009650	1.4732837443	0.0000000000


0.8094624628	1.4734389513	0.0000000000


0.7645618638	1.4725709302	0.0000000000


0.7191090253	1.4706392137	0.0000000000


0.6731153770	1.4676014274	0.0000000000


0.6265941118	1.4634132006	0.0000000000


0.5795604000	1.4580280770	0.0000000000


0.5320316286	1.4513974275	0.0000000000


0.4840276694	1.4434703669	0.0000000000


0.4355711799	1.4341936762	0.0000000000


0.3866879394	1.4235117351	0.0000000000


0.3374072242	1.4113664670	0.0000000000


0.2877622276	1.3976973021	0.0000000000


0.2377905267	1.3824411655	0.0000000000


0.1875346022	1.3655324960	0.0000000000


0.1370424138	1.3469033058	0.0000000000


0.0863680364	1.3264832933	0.0000000000


0.0355723588	1.3042000201	0.0000000000


-0.0152761521	1.2799791713	0.0000000000


-0.0661006229	1.2537449155	0.0000000000


-0.1168148834	1.2254203909	0.0000000000


-0.1673225209	1.1949283396	0.0000000000


-0.2175158920	1.1621919243	0.0000000000


-0.2672751119	1.1271357577	0.0000000000


-0.3164670481	1.0896871823	0.0000000000


-0.3649443608	1.0497778376	0.0000000000


-0.4125446453	1.0073455503	0.0000000000


-0.4590897463	0.9623365804	0.0000000000


-0.5043853386	0.9147082419	0.0000000000


-0.5482208838	0.8644319061	0.0000000000


-0.5903700941	0.8114963625	0.0000000000


-0.6305920514	0.7559114811	0.0000000000


-0.6686331319	0.6977120705	0.0000000000


-0.7042298828	0.6369617672	0.0000000000


-0.7371129671	0.5737567292	0.0000000000


-0.7670122352	0.5082288408	0.0000000000


-0.7936628990	0.4405480848	0.0000000000


-0.8168126639	0.3709237102	0.0000000000


-0.8362295402	0.2996038408	0.0000000000


-0.8517099104	0.2268732389	0.0000000000


-0.8630863104	0.1530490703	0.0000000000


-0.8702343097	0.0784747025	0.0000000000


-0.8730778832	0.0035117815	0.0000000000


-0.8715927587	-0.0714689509	0.0000000000


-0.8658074058	-0.1460974754	0.0000000000


-0.8558015696	-0.2200142319	0.0000000000


-0.8417025062	-0.2928790774	0.0000000000


-0.8236793045	-0.3643788716	0.0000000000


-0.8019358362	-0.4342332809	0.0000000000


-0.7767029480	-0.5021986099	0.0000000000


-0.7482304933	-0.5680696725	0.0000000000


-0.7167797160	-0.6316798926	0.0000000000


-0.6826163713	-0.6928999350	0.0000000000


-0.6460048289	-0.7516352241	0.0000000000


-0.6072032697	-0.8078227131	0.0000000000


-0.5664599832	-0.8614272307	0.0000000000


-0.5240106910	-0.9124376799	0.0000000000


-0.4800767772	-0.9608632982	0.0000000000


-0.4348642797	-1.0067301270	0.0000000000


-0.3885634961	-1.0500777843	0.0000000000


-0.3413490622	-1.0909565894	0.0000000000


-0.2933803809	-1.1294250562	0.0000000000


-0.2448022954	-1.1655477475	0.0000000000


-0.1957459214	-1.1993934685	0.0000000000


-0.1463295718	-1.2310337681	0.0000000000


-0.0966597221	-1.2605417127	0.0000000000


-0.0468319791	-1.2879908975	0.0000000000


0.0030679736	-1.3134546609	0.0000000000


0.0529634711	-1.3370054692	0.0000000000


0.1027860152	-1.3587144458	0.0000000000


0.1524744814	-1.3786510168	0.0000000000


0.2019743872	-1.3968826541	0.0000000000


0.2512372214	-1.4134746965	0.0000000000


0.3002198343	-1.4284902341	0.0000000000


0.3488838835	-1.4419900420	0.0000000000


0.3971953343	-1.4540325546	0.0000000000


0.4451240091	-1.4646738694	0.0000000000


0.4926431824	-1.4739677757	0.0000000000


0.5397292172	-1.4819658004	0.0000000000


0.5863612395	-1.4887172671	0.0000000000


0.6325208466	-1.4942693648	0.0000000000


0.6781918460	-1.4986672232	0.0000000000


0.7233600220	-1.5019539917	0.0000000000


0.7680129271	-1.5041709209	0.0000000000


0.8121396950	-1.5053574449	0.0000000000


0.8557308741	-1.5055512631	0.0000000000


0.8987782781	-1.5047884214	0.0000000000


0.9412748520	-1.5031033905	0.0000000000


0.9832145533	-1.5005291430	0.0000000000


1.0245922445	-1.4970972274	0.0000000000


1.0654035975	-1.4928378391	0.0000000000


1.1056450075	-1.4877798892	0.0000000000


1.1453135161	-1.4819510695	0.0000000000


1.1844067425	-1.4753779147	0.0000000000


1.2229228209	-1.4680858620	0.0000000000


1.2608603455	-1.4600993070	0.0000000000


1.2982183200	-1.4514416578	0.0000000000


1.3349961130	-1.4421353851	0.0000000000


1.3711934171	-1.4322020706	0.0000000000


1.4068102131	-1.4216624525	0.0000000000


1.4418467366	-1.4105364682	0.0000000000


1.4763034490	-1.3988432954	0.0000000000


1.5101810107	-1.3866013905	0.0000000000


1.5434802569	-1.3738285250	0.0000000000


1.5762021764	-1.3605418197	0.0000000000


1.6083478917	-1.3467577777	0.0000000000


1.6399186417	-1.3324923146	0.0000000000


1.6709157653	-1.3177607882	0.0000000000


1.7013406876	-1.3025780257	0.0000000000


1.7311949065	-1.2869583496	0.0000000000


1.7604799811	-1.2709156027	0.0000000000


1.7891975211	-1.2544631712	0.0000000000


1.8173491771	-1.2376140069	0.0000000000


1.8449366322	-1.2203806479	0.0000000000


1.8719615937	-1.2027752387	0.0000000000


1.8984257864	-1.1848095489	0.0000000000


1.9243309461	-1.1664949908	0.0000000000


1.9496788135	-1.1478426367	0.0000000000


1.9744711292	-1.1288632347	0.0000000000


1.9987096292	-1.1095672238	0.0000000000


2.0223960401	-1.0899647489	0.0000000000


2.0455320754	-1.0700656741	0.0000000000


2.0681194321	-1.0498795958	0.0000000000


2.0901597876	-1.0294158556	0.0000000000


2.1116547965	-1.0086835517	0.0000000000


2.1326060883	-0.9876915506	0.0000000000


2.1530152650	-0.9664484974	0.0000000000


2.1728838990	-0.9449628267	0.0000000000


2.1922135310	-0.9232427720	0.0000000000


2.2110056688	-0.9012963752	0.0000000000


2.2292617852	-0.8791314957	0.0000000000


2.2469833169	-0.8567558187	0.0000000000


2.2641716632	-0.8341768638	0.0000000000


2.2808281850	-0.8114019926	0.0000000000


2.2969542034	-0.7884384163	0.0000000000


2.3125509995	-0.7652932032	0.0000000000


2.3276198128	-0.7419732852	0.0000000000


2.3421618411	-0.7184854649	0.0000000000


2.3561782395	-0.6948364219	0.0000000000


2.3696701200	-0.6710327189	0.0000000000


2.3826385507	-0.6470808080	0.0000000000


2.3950845560	-0.6229870360	0.0000000000


2.4070091152	-0.5987576503	0.0000000000


2.4184131632	-0.5743988044	0.0000000000


2.4292975893	-0.5499165626	0.0000000000


2.4396632374	-0.5253169056	0.0000000000


2.4495109057	-0.5006057351	0.0000000000


2.4588413461	-0.4757888786	0.0000000000


2.4676552646	-0.4508720941	0.0000000000


2.4759533206	-0.4258610745	0.0000000000


2.4837361270	-0.4007614522	0.0000000000


2.4910042499	-0.3755788030	0.0000000000


2.4977582087	-0.3503186507	0.0000000000


2.5039984756	-0.3249864710	0.0000000000


2.5097254759	-0.2995876954	0.0000000000


2.5149395877	-0.2741277155	0.0000000000


2.5196411417	-0.2486118863	0.0000000000


2.5238304213	-0.2230455308	0.0000000000


2.5275076625	-0.1974339430	0.0000000000


2.5306730536	-0.1717823920	0.0000000000


2.5333267354	-0.1460961256	0.0000000000


2.5354688011	-0.1203803741	0.0000000000


2.5370992960	-0.0946403535	0.0000000000


2.5382182176	-0.0688812696	0.0000000000


2.5388255155	-0.0431083211	0.0000000000


2.5389210914	-0.0173267035	0.0000000000


2.5385047987	0.0084583875	0.0000000000


2.5375764431	0.0342417525	0.0000000000


2.5361357816	0.0600181845	0.0000000000


2.5341825233	0.0857824658	0.0000000000


2.5317163289	0.1115293640	0.0000000000


2.5287368105	0.1372536287	0.0000000000


2.5252435319	0.1629499874	0.0000000000


2.5212360083	0.1886131423	0.0000000000


2.5167137061	0.2142377663	0.0000000000


2.5116760433	0.2398184991	0.0000000000


2.5061223889	0.2653499435	0.0000000000


2.5000520630	0.2908266615	0.0000000000


2.4934643372	0.3162431703	0.0000000000


2.4863584337	0.3415939381	0.0000000000


2.4787335262	0.3668733801	0.0000000000


2.4705887389	0.3920758540	0.0000000000


2.4619231474	0.4171956561	0.0000000000


2.4527357780	0.4422270163	0.0000000000


2.4430256082	0.4671640938	0.0000000000


2.4327915664	0.4920009725	0.0000000000


2.4220325320	0.5167316558	0.0000000000


2.4107473356	0.5413500618	0.0000000000


2.3989347592	0.5658500181	0.0000000000


2.3865935359	0.5902252565	0.0000000000


2.3737223506	0.6144694075	0.0000000000


2.3603198398	0.6385759942	0.0000000000


2.3463845920	0.6625384271	0.0000000000


2.3319151482	0.6863499973	0.0000000000


2.3169100018	0.7100038703	0.0000000000


2.3013675995	0.7334930798	0.0000000000


2.2852863417	0.7568105199	0.0000000000


2.2686645828	0.7799489387	0.0000000000


2.2515006320	0.8029009307	0.0000000000


2.2337927544	0.8256589285	0.0000000000


2.2155391712	0.8482151952	0.0000000000


2.1967380615	0.8705618155	0.0000000000


2.1773875626	0.8926906871	0.0000000000


2.1574857718	0.9145935111	0.0000000000


2.1370307479	0.9362617825	0.0000000000


2.1160205125	0.9576867799	0.0000000000


2.0944530518	0.9788595544	0.0000000000


2.0723263191	0.9997709192	0.0000000000


2.0496382365	1.0204114370	0.0000000000


2.0263866979	1.0407714079	0.0000000000


2.0025695718	1.0608408567	0.0000000000


1.9781847043	1.0806095185	0.0000000000


1.9532299229	1.1000668249	0.0000000000


1.9277030403	1.1192018888	0.0000000000


1.9016018590	1.1380034878	0.0000000000


1.8749241760	1.1564600481	0.0000000000


1.8476677887	1.1745596264	0.0000000000


1.8198305008	1.1922898911	0.0000000000


1.7914101287	1.2096381026	0.0000000000


1.7624045099	1.2265910925	0.0000000000


1.7328115108	1.2431352412	0.0000000000


1.7026290359	1.2592564551	0.0000000000


1.6718550390	1.2749401415	0.0000000000


1.6404875337	1.2901711829	0.0000000000


1.6085246068	1.3049339088	0.0000000000


1.5759644327	1.3192120673	0.0000000000


1.5428052886	1.3329887936	0.0000000000


1.5090455726	1.3462465774	0.0000000000


1.4746838229	1.3589672285	0.0000000000


1.4397187399	1.3711318400	0.0000000000


1.4041492100	1.3827207492	0.0000000000


1.3679743327	1.3937134968	0.0000000000


1.3311934506	1.4040887832	0.0000000000


1.2938061826	1.4138244225	0.0000000000


1.2558124611	1.4228972936	0.0000000000


1.2172125734	1.4312832887	0.0000000000


1.1780072078	1.4389572586	0.0000000000


1.1381975054	1.4458929556	0.0000000000


1.0977851171	1.4520629720	0.0000000000


1.0567722680	1.4574386770	0.0000000000


1.0151618294	1.4619901486	0.0000000000


0.9729573984	1.4656861033	0.0000000000


0.9301633876	1.4684938220	0.0000000000


0.8867851258	1.4703790725	0.0000000000


0.8428289697	1.4713060292	0.0000000000


0.7983024298	1.4712371894	0.0000000000


0.7532143107	1.4701332876	0.0000000000


0.7075748694	1.4679532069	0.0000000000


0.6613959914	1.4646538899	0.0000000000


0.6146913886	1.4601902484	0.0000000000


0.5674768216	1.4545150742	0.0000000000


0.5197703479	1.4475789525	0.0000000000


0.4715926003	1.4393301791	0.0000000000


0.4229670988	1.4297146853	0.0000000000


0.3739205993	1.4186759730	0.0000000000


0.3244834831	1.4061550640	0.0000000000


0.2746901913	1.3920904701	0.0000000000


0.2245797097	1.3764181886	0.0000000000


0.1741961060	1.3590717328	0.0000000000


0.1235891252	1.3399822061	0.0000000000


0.0728148470	1.3190784332	0.0000000000


0.0219364066	1.2962871605	0.0000000000


-0.0289752194	1.2715333457	0.0000000000


-0.0798403622	1.2447405551	0.0000000000


-0.1305697494	1.2158314925	0.0000000000


-0.1810635426	1.1847286895	0.0000000000


-0.2312103364	1.1513553854	0.0000000000


-0.2808861428	1.1156366336	0.0000000000


-0.3299533916	1.0775006705	0.0000000000


-0.3782599941	1.0368805833	0.0000000000


-0.4256385282	0.9937163134	0.0000000000


-0.4719056244	0.9479570240	0.0000000000


-0.5168616510	0.8995638473	0.0000000000


-0.5602908161	0.8485130112	0.0000000000


-0.6019618234	0.7947993102	0.0000000000


-0.6416292330	0.7384398507	0.0000000000


-0.6790356771	0.6794779464	0.0000000000


-0.7139150712	0.6179869788	0.0000000000


-0.7459969210	0.5540739751	0.0000000000


-0.7750117613	0.4878825897	0.0000000000


-0.8006976652	0.4195951344	0.0000000000


-0.8228076385	0.3494332837	0.0000000000


-0.8411175716	0.2776571169	0.0000000000


-0.8554342845	0.2045622469	0.0000000000


-0.8656030900	0.1304749371	0.0000000000


-0.8715142554	0.0557453055	0.0000000000


-0.8731077717	-0.0192610656	0.0000000000


-0.8703759684	-0.0941725924	0.0000000000


-0.8633637091	-0.1686215611	0.0000000000


-0.8521661564	-0.2422536860	0.0000000000


-0.8369243411	-0.3147366797	0.0000000000


-0.8178189797	-0.3857672980	0.0000000000


-0.7950631177	-0.4550765177	0.0000000000


-0.7688942122	-0.5224327253	0.0000000000


-0.7395662334	-0.5876429923	0.0000000000


-0.7073422557	-0.6505526687	0.0000000000


-0.6724878806	-0.7110436200	0.0000000000


-0.6352656890	-0.7690314720	0.0000000000


-0.5959308000	-0.8244622164	0.0000000000


-0.5547275097	-0.8773084897	0.0000000000


-0.5118869221	-0.9275657782	0.0000000000


-0.4676254395	-0.9752487377	0.0000000000


-0.4221439654	-1.0203877580	0.0000000000


-0.3756276747	-1.0630258495	0.0000000000


-0.3282462143	-1.1032158888	0.0000000000


-0.2801542180	-1.1410182329	0.0000000000


-0.2314920361	-1.1764986875	0.0000000000


-0.1823866005	-1.2097268036	0.0000000000


-0.1329523641	-1.2407744714	0.0000000000


-0.0832922685	-1.2697147745	0.0000000000


-0.0334987050	-1.2966210697	0.0000000000


0.0163455538	-1.3215662594	0.0000000000


0.0661664675	-1.3446222247	0.0000000000


0.1158978957	-1.3658593938	0.0000000000


0.1654808264	-1.3853464205	0.0000000000


0.2148626651	-1.4031499530	0.0000000000


0.2639965847	-1.4193344763	0.0000000000


0.3128409352	-1.4339622125	0.0000000000


0.3613587082	-1.4470930679	0.0000000000


0.4095170536	-1.4587846168	0.0000000000


0.4572868449	-1.4690921130	0.0000000000


0.5046422882	-1.4780685242	0.0000000000


0.5515605717	-1.4857645811	0.0000000000


0.5980215515	-1.4922288400	0.0000000000


0.6440074702	-1.4975077531	0.0000000000


0.6895027053	-1.5016457442	0.0000000000


0.7344935442	-1.5046852886	0.0000000000


0.7789679825	-1.5066669945	0.0000000000


0.8229155445	-1.5076296847	0.0000000000


0.8663271214	-1.5076104776	0.0000000000


0.9091948279	-1.5066448676	0.0000000000


0.9515118733	-1.5047668025	0.0000000000


0.9932724453	-1.5020087593	0.0000000000


1.0344716078	-1.4984018169	0.0000000000


1.0751052073	-1.4939757265	0.0000000000


1.1151697908	-1.4887589783	0.0000000000


1.1546625306	-1.4827788662	0.0000000000


1.1935811580	-1.4760615481	0.0000000000


1.2319239031	-1.4686321048	0.0000000000


1.2696894412	-1.4605145949	0.0000000000


1.3068768442	-1.4517321073	0.0000000000


1.3434855370	-1.4423068108	0.0000000000


1.3795152586	-1.4322600014	0.0000000000


1.4149660265	-1.4216121467	0.0000000000


1.4498381052	-1.4103829282	0.0000000000


1.4841319778	-1.3985912810	0.0000000000


1.5178483194	-1.3862554317	0.0000000000


1.5509879748	-1.3733929342	0.0000000000


1.5835519369	-1.3600207031	0.0000000000


1.6155413278	-1.3461550458	0.0000000000


1.6469573819	-1.3318116928	0.0000000000


1.6778014304	-1.3170058259	0.0000000000


1.7080748872	-1.3017521053	0.0000000000


1.7377792362	-1.2860646954	0.0000000000


1.7669160204	-1.2699572888	0.0000000000


1.7954868307	-1.2534431288	0.0000000000


1.8234932976	-1.2365350317	0.0000000000


1.8509370817	-1.2192454070	0.0000000000


1.8778198671	-1.2015862768	0.0000000000


1.9041433534	-1.1835692944	0.0000000000


1.9299092506	-1.1652057616	0.0000000000


1.9551192725	-1.1465066456	0.0000000000


1.9797751319	-1.1274825944	0.0000000000


2.0038785362	-1.1081439523	0.0000000000


2.0274311830	-1.0885007735	0.0000000000


2.0504347563	-1.0685628360	0.0000000000


2.0728909229	-1.0483396546	0.0000000000


2.0948013298	-1.0278404927	0.0000000000


2.1161676010	-1.0070743744	0.0000000000


2.1369913351	-0.9860500956	0.0000000000


2.1572741029	-0.9647762343	0.0000000000


2.1770174457	-0.9432611612	0.0000000000


2.1962228730	-0.9215130487	0.0000000000


2.2148918609	-0.8995398810	0.0000000000


2.2330258511	-0.8773494623	0.0000000000


2.2506262487	-0.8549494255	0.0000000000


2.2676944217	-0.8323472401	0.0000000000


2.2842316997	-0.8095502205	0.0000000000


2.3002393726	-0.7865655328	0.0000000000


2.3157186902	-0.7634002023	0.0000000000


2.3306708609	-0.7400611204	0.0000000000


2.3450970515	-0.7165550510	0.0000000000


2.3589983862	-0.6928886371	0.0000000000


2.3723759461	-0.6690684067	0.0000000000


2.3852307689	-0.6451007788	0.0000000000


2.3975638481	-0.6209920693	0.0000000000


2.4093761329	-0.5967484960	0.0000000000


2.4206685275	-0.5723761846	0.0000000000


2.4314418913	-0.5478811731	0.0000000000


2.4416970379	-0.5232694177	0.0000000000


2.4514347355	-0.4985467967	0.0000000000


2.4606557064	-0.4737191159	0.0000000000


2.4693606266	-0.4487921130	0.0000000000


2.4775501260	-0.4237714617	0.0000000000


2.4852247877	-0.3986627767	0.0000000000


2.4923851486	-0.3734716175	0.0000000000


2.4990316986	-0.3482034927	0.0000000000


2.5051648806	-0.3228638638	0.0000000000


2.5107850906	-0.2974581499	0.0000000000


2.5158926777	-0.2719917307	0.0000000000


2.5204879433	-0.2464699511	0.0000000000


2.5245711419	-0.2208981245	0.0000000000


2.5281424804	-0.1952815369	0.0000000000


2.5312021182	-0.1696254503	0.0000000000


2.5337501671	-0.1439351065	0.0000000000


2.5357866913	-0.1182157310	0.0000000000


2.5373117072	-0.0924725360	0.0000000000


2.5383251834	-0.0667107244	0.0000000000


2.5388270405	-0.0409354933	0.0000000000


2.5388171513	-0.0151520376	0.0000000000


2.5382953403	0.0106344466	0.0000000000


2.5372613839	0.0364187583	0.0000000000


2.5357150103	0.0621956880	0.0000000000


2.5336558994	0.0879600144	0.0000000000


2.5310836827	0.1137065003	0.0000000000


2.5279979429	0.1394298895	0.0000000000


2.5243982147	0.1651249026	0.0000000000


2.5202839837	0.1907862337	0.0000000000


2.5156546868	0.2164085466	0.0000000000


2.5105097124	0.2419864706	0.0000000000


2.5048483996	0.2675145971	0.0000000000


2.4986700389	0.2929874754	0.0000000000


2.4919738717	0.3183996088	0.0000000000


2.4847590900	0.3437454502	0.0000000000


2.4770248372	0.3690193984	0.0000000000


2.4687702073	0.3942157936	0.0000000000


2.4599942449	0.4193289127	0.0000000000


2.4506959459	0.4443529652	0.0000000000


2.4408742565	0.4692820885	0.0000000000


2.4305280742	0.4941103429	0.0000000000


2.4196562469	0.5188317070	0.0000000000


2.4082575740	0.5434400724	0.0000000000


2.3963308054	0.5679292386	0.0000000000


2.3838746426	0.5922929075	0.0000000000


2.3708877382	0.6165246780	0.0000000000


2.3573686966	0.6406180400	0.0000000000


2.3433160738	0.6645663685	0.0000000000


2.3287283781	0.6883629174	0.0000000000


2.3136040701	0.7120008130	0.0000000000


2.2979415636	0.7354730472	0.0000000000


2.2817392255	0.7587724708	0.0000000000


2.2649953770	0.7818917856	0.0000000000


2.2477082939	0.8048235375	0.0000000000


2.2298762075	0.8275601083	0.0000000000


2.2114973054	0.8500937073	0.0000000000


2.1925697327	0.8724163626	0.0000000000


2.1730915928	0.8945199124	0.0000000000


2.1530609493	0.9163959953	0.0000000000


2.1324758267	0.9380360404	0.0000000000


2.1113342127	0.9594312570	0.0000000000


2.0896340598	0.9805726236	0.0000000000


2.0673732875	1.0014508767	0.0000000000


2.0445497843	1.0220564983	0.0000000000


2.0211614110	1.0423797040	0.0000000000


1.9972060028	1.0624104292	0.0000000000


1.9726813735	1.0821383153	0.0000000000


1.9475853184	1.1015526953	0.0000000000


1.9219156187	1.1206425780	0.0000000000


1.8956700463	1.1393966317	0.0000000000


1.8688463683	1.1578031675	0.0000000000


1.8414423534	1.1758501207	0.0000000000


1.8134557773	1.1935250319	0.0000000000


1.7848844305	1.2108150271	0.0000000000


1.7557261257	1.2277067958	0.0000000000


1.7259787064	1.2441865690	0.0000000000


1.6956400566	1.2602400955	0.0000000000


1.6647081116	1.2758526161	0.0000000000


1.6331808696	1.2910088379	0.0000000000


1.6010564053	1.3056929052	0.0000000000


1.5683328839	1.3198883707	0.0000000000


1.5350085782	1.3335781631	0.0000000000


1.5010818860	1.3467445542	0.0000000000


1.4665513510	1.3593691234	0.0000000000


1.4314156844	1.3714327203	0.0000000000


1.3956737905	1.3829154250	0.0000000000


1.3593247941	1.3937965062	0.0000000000


1.3223680717	1.4040543765	0.0000000000


1.2848032857	1.4136665457	0.0000000000


1.2466304228	1.4226095708	0.0000000000


1.2078498370	1.4308590032	0.0000000000


1.1684622973	1.4383893334	0.0000000000


1.1284690406	1.4451739320	0.0000000000


1.0878718315	1.4511849878	0.0000000000


1.0466730287	1.4563934428	0.0000000000


1.0048756591	1.4607689229	0.0000000000


0.9624835009	1.4642796667	0.0000000000


0.9195011763	1.4668924494	0.0000000000


0.8759342552	1.4685725045	0.0000000000


0.8317893720	1.4692834421	0.0000000000


0.7870743552	1.4689871637	0.0000000000


0.7417983739	1.4676437757	0.0000000000


0.6959721007	1.4652114996	0.0000000000


0.6496078952	1.4616465823	0.0000000000


0.6027200095	1.4569032054	0.0000000000


0.5553248180	1.4509333961	0.0000000000


0.5074410757	1.4436869406	0.0000000000


0.4590902066	1.4351113035	0.0000000000


0.4102966277	1.4251515544	0.0000000000


0.3610881102	1.4137503062	0.0000000000


0.3114961836	1.4008476702	0.0000000000


0.2615565864	1.3863812320	0.0000000000


0.2113097675	1.3702860571	0.0000000000


0.1608014429	1.3524947327	0.0000000000


0.1100832116	1.3329374582	0.0000000000


0.0592132335	1.3115421959	0.0000000000


0.0082569730	1.2882348970	0.0000000000


-0.0427119926	1.2629398224	0.0000000000


-0.0936111006	1.2355799788	0.0000000000


-0.1443478720	1.2060776961	0.0000000000


-0.1948189323	1.1743553736	0.0000000000


-0.2449090001	1.1403364296	0.0000000000


-0.2944898702	1.1039464880	0.0000000000


-0.3434194256	1.0651148395	0.0000000000


-0.3915407290	1.0237762154	0.0000000000


-0.4386812604	0.9798729074	0.0000000000


-0.4846523839	0.9333572584	0.0000000000


-0.5292491501	0.8841945373	0.0000000000


-0.5722505584	0.8323661857	0.0000000000


-0.6134204204	0.7778733928	0.0000000000


-0.6525089788	0.7207409106	0.0000000000


-0.6892554302	0.6610209683	0.0000000000


-0.7233914817	0.5987970781	0.0000000000


-0.7546460257	0.5341874645	0.0000000000


-0.7827509399	0.4673477852	0.0000000000


-0.8074479136	0.3984727790	0.0000000000


-0.8284960706	0.3277964723	0.0000000000


-0.8456800135	0.2555906271	0.0000000000


-0.8588177851	0.1821612235	0.0000000000


-0.8677681486	0.1078429373	0.0000000000


-0.8724365664	0.0329917840	0.0000000000


-0.8727793190	-0.0420236843	0.0000000000


-0.8688053575	-0.1168320517	0.0000000000


-0.8605757051	-0.1910688865	0.0000000000


-0.8482004786	-0.2643860491	0.0000000000


-0.8318338381	-0.3364598186	0.0000000000


-0.8116673631	-0.4069973613	0.0000000000


-0.7879224529	-0.4757412696	0.0000000000


-0.7608423620	-0.5424721185	0.0000000000


-0.7306844196	-0.6070091694	0.0000000000


-0.6977128642	-0.6692094923	0.0000000000


-0.6621925875	-0.7289658480	0.0000000000


-0.6243839441	-0.7862036961	0.0000000000


-0.5845386666	-0.8408776697	0.0000000000


-0.5428968371	-0.8929678133	0.0000000000


-0.4996848102	-0.9424758127	0.0000000000


-0.4551139471	-0.9894213875	0.0000000000


-0.4093800149	-1.0338389582	0.0000000000


-0.3626631065	-1.0757746488	0.0000000000


-0.3151279507	-1.1152836557	0.0000000000


-0.2669245031	-1.1524279791	0.0000000000


-0.2181887238	-1.1872745022	0.0000000000


-0.1690434688	-1.2198933880	0.0000000000


-0.1195994406	-1.2503567616	0.0000000000


-0.0699561536	-1.2787376404	0.0000000000


-0.0202028857	-1.3051090790	0.0000000000


0.0295804055	-1.3295434964	0.0000000000


0.0793222146	-1.3521121543	0.0000000000


0.1289586771	-1.3728847624	0.0000000000


0.1784328184	-1.3919291876	0.0000000000


0.2276938642	-1.4093112470	0.0000000000


0.2766966105	-1.4250945695	0.0000000000


0.3254008520	-1.4393405112	0.0000000000


0.3737708649	-1.4521081148	0.0000000000


0.4217749399	-1.4634541020	0.0000000000


0.4693849626	-1.4734328924	0.0000000000


0.5165760360	-1.4820966422	0.0000000000


0.5633261425	-1.4894952974	0.0000000000


0.6096158411	-1.4956766588	0.0000000000


0.6554279954	-1.5006864533	0.0000000000


0.7007475318	-1.5045684108	0.0000000000


0.7455612215	-1.5073643444	0.0000000000


0.7898574868	-1.5091142313	0.0000000000


0.8336262272	-1.5098562939	0.0000000000


0.8768586642	-1.5096270806	0.0000000000


0.9195472022	-1.5084615446	0.0000000000


0.9616853037	-1.5063931205	0.0000000000


1.0032673785	-1.5034537990	0.0000000000


1.0442886835	-1.4996741988	0.0000000000


1.0847452333	-1.4950836347	0.0000000000


1.1246337201	-1.4897101846	0.0000000000


1.1639514415	-1.4835807516	0.0000000000


1.2026962364	-1.4767211242	0.0000000000


1.2408664266	-1.4691560334	0.0000000000


1.2784607648	-1.4609092071	0.0000000000


1.3154783876	-1.4520034210	0.0000000000


1.3519187738	-1.4424605478	0.0000000000


1.3877817059	-1.4323016027	0.0000000000


1.4230672363	-1.4215467881	0.0000000000


1.4577756566	-1.4102155338	0.0000000000


1.4919074694	-1.3983265370	0.0000000000


1.5254633637	-1.3858977986	0.0000000000


1.5584441923	-1.3729466587	0.0000000000


1.5908509511	-1.3594898293	0.0000000000


1.6226847611	-1.3455434258	0.0000000000


1.6539468515	-1.3311229963	0.0000000000


1.6846385449	-1.3162435500	0.0000000000


1.7147612434	-1.3009195831	0.0000000000


1.7443164169	-1.2851651044	0.0000000000


1.7733055912	-1.2689936585	0.0000000000


1.8017303389	-1.2524183486	0.0000000000


1.8295922693	-1.2354518578	0.0000000000


1.8568930211	-1.2181064688	0.0000000000


1.8836342543	-1.2003940834	0.0000000000


1.9098176440	-1.1823262405	0.0000000000


1.9354448738	-1.1639141332	0.0000000000


1.9605176306	-1.1451686252	0.0000000000


1.9850375995	-1.1261002664	0.0000000000


2.0090064595	-1.1067193071	0.0000000000


2.0324258789	-1.0870357128	0.0000000000


2.0552975123	-1.0670591767	0.0000000000


2.0776229967	-1.0467991328	0.0000000000


2.0994039486	-1.0262647680	0.0000000000


2.1206419614	-1.0054650333	0.0000000000


2.1413386030	-0.9844086551	0.0000000000


2.1614954133	-0.9631041452	0.0000000000


2.1811139023	-0.9415598112	0.0000000000


2.2001955483	-0.9197837658	0.0000000000


2.2187417965	-0.8977839360	0.0000000000


2.2367540569	-0.8755680718	0.0000000000


2.2542337036	-0.8531437543	0.0000000000


2.2711820734	-0.8305184041	0.0000000000


2.2876004646	-0.8076992888	0.0000000000


2.3034901360	-0.7846935300	0.0000000000


2.3188523062	-0.7615081110	0.0000000000


2.3336881528	-0.7381498830	0.0000000000


2.3479988117	-0.7146255719	0.0000000000


2.3617853762	-0.6909417846	0.0000000000


2.3750488970	-0.6671050150	0.0000000000


2.3877903809	-0.6431216496	0.0000000000


2.4000107911	-0.6189979737	0.0000000000


2.4117110464	-0.5947401761	0.0000000000


2.4228920210	-0.5703543551	0.0000000000


2.4335545439	-0.5458465232	0.0000000000


2.4436993989	-0.5212226119	0.0000000000


2.4533273243	-0.4964884769	0.0000000000


2.4624390126	-0.4716499027	0.0000000000


2.4710351100	-0.4467126067	0.0000000000


2.4791162169	-0.4216822442	0.0000000000


2.4866828871	-0.3965644125	0.0000000000


2.4937356279	-0.3713646549	0.0000000000


2.5002748998	-0.3460884652	0.0000000000


2.5063011167	-0.3207412914	0.0000000000


2.5118146453	-0.2953285400	0.0000000000


2.5168158055	-0.2698555795	0.0000000000


2.5213048699	-0.2443277446	0.0000000000


2.5252820637	-0.2187503399	0.0000000000


2.5287475648	-0.1931286434	0.0000000000


2.5317015039	-0.1674679103	0.0000000000


2.5341439637	-0.1417733769	0.0000000000


2.5360749795	-0.1160502638	0.0000000000


2.5374945389	-0.0903037799	0.0000000000


2.5384025813	-0.0645391255	0.0000000000


2.5387989986	-0.0387614965	0.0000000000


2.5386836345	-0.0129760872	0.0000000000


2.5380562845	0.0128119053	0.0000000000


2.5369166961	0.0385972785	0.0000000000


2.5352645683	0.0643748199	0.0000000000


2.5330995518	0.0901393042	0.0000000000


2.5304212488	0.1158854893	0.0000000000


2.5272292130	0.1416081129	0.0000000000


2.5235229495	0.1673018883	0.0000000000


2.5193019143	0.1929615013	0.0000000000


2.5145655151	0.2185816062	0.0000000000


2.5093131101	0.2441568217	0.0000000000


2.5035440090	0.2696817274	0.0000000000


2.4972574721	0.2951508596	0.0000000000


2.4904527107	0.3205587072	0.0000000000


2.4831288867	0.3458997078	0.0000000000


2.4752851131	0.3711682433	0.0000000000


2.4669204531	0.3963586357	0.0000000000


2.4580339209	0.4214651425	0.0000000000


2.4486244813	0.4464819524	0.0000000000


2.4386910496	0.4714031804	0.0000000000


2.4282324917	0.4962228630	0.0000000000


2.4172476245	0.5209349534	0.0000000000


2.4057352154	0.5455333163	0.0000000000


2.3936939828	0.5700117225	0.0000000000


2.3811225959	0.5943638437	0.0000000000


2.3680196752	0.6185832467	0.0000000000


2.3543837926	0.6426633874	0.0000000000


2.3402134716	0.6665976049	0.0000000000


2.3255071875	0.6903791154	0.0000000000


2.3102633681	0.7140010051	0.0000000000


2.2944803938	0.7374562238	0.0000000000


2.2781565983	0.7607375779	0.0000000000


2.2612902694	0.7838377226	0.0000000000


2.2438796489	0.8067491544	0.0000000000


2.2259229345	0.8294642033	0.0000000000


2.2074182799	0.8519750239	0.0000000000


2.1883637960	0.8742735870	0.0000000000


2.1687575524	0.8963516704	0.0000000000


