7.0000000000	0.0000000000	0.0000000000


6.9981598030	0.0630000000	0.0140000000


6.9944812871	0.1259913383	0.0279961782


6.9889687047	0.1889646097	0.0419847483


6.9816282455	0.2519091494	0.0559619824


6.9724673989	0.3148126463	0.0699242229


6.9614941951	0.3776609175	0.0838678831


6.9487164105	0.4404378491	0.0977894343


6.9341408170	0.5031254858	0.1116853821


6.9177725319	0.5657042345	0.1255522361


6.8996145064	0.6281531444	0.1393864730


6.8796671676	0.6904502291	0.1531845008


6.8579282178	0.7525727999	0.1669426228


6.8343925825	0.8144977912	0.1806570077


6.8090524950	0.8762020622	0.1943236643


6.7818977046	0.9376626643	0.2079384251


6.7529157880	0.9988570668	0.2214969381


6.7220925465	1.0597633322	0.2349946684


6.6894124614	1.1203602336	0.2484269079


6.6548591815	1.1806273084	0.2617887940


6.6184160084	1.2405448438	0.2750753341


6.5800663487	1.3000937936	0.2882814334


6.5397941036	1.3592556312	0.3014019247


6.4975839722	1.4180121459	0.3144315945


6.4534216558	1.4763451969	0.3273652054


6.4072939569	1.5342364368	0.3401975105


6.3591887772	1.5916670203	0.3529232595


6.3090950268	1.6486173088	0.3655371949


6.2570024560	1.7050665809	0.3780340382


6.2029014289	1.7609927541	0.3904084674


6.1467826516	1.8163721220	0.4026550832


6.0886368688	1.8711791053	0.4147683686


6.0284545387	1.9253860179	0.4267426380


5.9662254931	1.9789628427	0.4385719788


5.9019385855	2.0318770187	0.4502501836


5.8355813292	2.0840932337	0.4617706741


5.7671395238	2.1355732265	0.4731264148


5.6965968678	2.1862755979	0.4843098160


5.6239345558	2.2361556386	0.4953126274


5.5491308580	2.2851651828	0.5061258193


5.4721606850	2.3332525036	0.5167394554


5.3929951454	2.3803622731	0.5271425587


5.3116011118	2.4264356158	0.5373229758


5.2279408276	2.4714102914	0.5472672504


5.1419716027	2.5152210450	0.5569605210


5.0536456694	2.5578001591	0.5663864638


4.9629102969	2.5990782209	0.5755273078


4.8697082728	2.6389850830	0.5843639540


4.7739788620	2.6774509295	0.5928762225


4.6756593061	2.7144072833	0.6010432375


4.5746868333	2.7497877079	0.6088439302


4.4710010080	2.7835279199	0.6162575927


4.3645460932	2.8155650664	0.6232643803


4.2552729971	2.8458360587	0.6298456355


4.1431403920	2.8742750584	0.6359839225


4.0281147460	2.9008104045	0.6416627207


3.9101692598	2.9253613722	0.6468657940


3.7892819374	2.9478351205	0.6515763198


3.6654331656	2.9681240510	0.6557758866


3.5386031985	2.9861036355	0.6594434644


3.4087698607	3.0016306363	0.6625544159


3.2759066689	3.0145415729	0.6650795809


3.1399814604	3.0246512733	0.6669844354


3.0009555444	3.0317513650	0.6682283070


2.8587833513	3.0356085850	0.6687636197


2.7134125487	3.0359628046	0.6685351379


2.5647845980	3.0325246700	0.6674791802


2.4128357480	3.0249727459	0.6655227676


2.2574984845	3.0129500257	0.6625826726


2.0987034928	2.9960596358	0.6585643207


1.9363822329	2.9738595167	0.6533604925


1.7704702908	2.9458558042	0.6468497553


1.6009117619	2.9114945636	0.6388945382


1.4276650502	2.8701514370	0.6293387416


1.2507106655	2.8211186406	0.6180047436


1.0700618946	2.7635885904	0.6046896311


0.8857796760	2.6966332280	0.5891604389


0.6979937203	2.6191778568	0.5711481282


0.5069330541	2.5299680002	0.5503399851


0.3129710168	2.4275275069	0.5263700843


0.1166928037	2.3101060448	0.4988075104


-0.0810012287	2.1756147295	0.4671422958


-0.2787346602	2.0215512429	0.4307698928


-0.4744004589	1.8449236939	0.3889773267


-0.6647547258	1.6422038729	0.3409401265


-0.8447731345	1.4093950119	0.2857536029


-1.0066776131	1.1424284367	0.2225550318


-1.1386711873	0.8383690523	0.1508576865


-1.2240443524	0.4982552553	0.0712908254


-1.2429694869	0.1319916042	-0.0132020452


-1.1805566711	-0.2378443428	-0.0965859038


-1.0384289956	-0.5815472907	-0.1714109682


-0.8357265212	-0.8768773786	-0.2325379531


-0.5968704595	-1.1164945339	-0.2787375780


-0.3414437127	-1.3035263296	-0.3113267146


-0.0821603705	-1.4450102573	-0.3324516265


0.1734524380	-1.5482724880	-0.3442024353


0.4210997227	-1.6196829505	-0.3483388888


0.6583773678	-1.6644587644	-0.3462710051


0.8839757801	-1.6867992751	-0.3391138905


1.0972241412	-1.6900815952	-0.3277514066


1.2978278873	-1.6770363954	-0.3128905196


1.4857142414	-1.6498889262	-0.2951037559


1.6609394097	-1.6104684903	-0.2748613851


1.8236320791	-1.5602929140	-0.2525555887


1.9739589040	-1.5006339574	-0.2285185807


2.1121035686	-1.4325683130	-0.2030361959


2.2382542826	-1.3570176879	-0.1763580816


2.3525964673	-1.2747805694	-0.1487053338


2.4553085370	-1.1865575970	-0.1202762080


2.5465594189	-1.0929719733	-0.0912503921


2.6265069443	-0.9945859885	-0.0617922211


2.6952965963	-0.8919144772	-0.0320531393


2.7530603386	-0.7854358539	-0.0021736517


2.7999154273	-0.6756012521	0.0277150478


2.8359632068	-0.5628422051	0.0574896344


2.8612879517	-0.4475772449	0.0870332990


2.8759558304	-0.3302177411	0.1162344241


2.8800140656	-0.2111732546	0.1449852509


2.8734903486	-0.0908566434	0.1731805177


2.8563925562	0.0303108761	0.2007160564


2.8287088082	0.1518945375	0.2274873353


2.7904079121	0.2734405419	0.2533879361


2.7414402526	0.3944701372	0.2783079463


2.6817392176	0.5144731180	0.3021322449


2.6112232851	0.6329006041	0.3247386546


2.5297989567	0.7491569587	0.3459959271


2.4373647904	0.8625907098	0.3657615301


2.3338168741	0.9724843537	0.3838792037


2.2190561932	1.0780429462	0.4001762612


2.0929984794	1.1783814472	0.4144606303


1.9555872854	1.2725108816	0.4265176590


1.8068112069	1.3593235428	0.4361067714


1.6467263545	1.4375777061	0.4429581500


1.4754853455	1.5058826690	0.4467697652


1.2933741917	1.5626854041	0.4472052838


1.1008584811	1.6062607018	0.4438936799


0.8986401437	1.6347073775	0.4364317459


0.6877258896	1.6459539472	0.4243911378


0.4695081878	1.6377782372	0.4073320412


0.2458594646	1.6078471607	0.3848259277


0.0192396365	1.5537863057	0.3564901092


-0.2071856429	1.4732953090	0.3220367503


-0.4294278785	1.3643342505	0.2813383097


-0.6425939102	1.2254134642	0.2345088959


-0.8409120537	1.0560091113	0.1819943180


-1.0179793554	0.8570753273	0.1246501299


-1.1673381532	0.6315185117	0.0637691797


-1.2833751351	0.3843865738	0.0010129113


-1.3623132290	0.1225308284	-0.0617731065


-1.4028938346	-0.1462808815	-0.1228173813


-1.4064355800	-0.4144988008	-0.1806600165


-1.3762878867	-0.6757342262	-0.2342849880


-1.3169869693	-0.9252369666	-0.2831268909


-1.2334561439	-1.1599152491	-0.3269910030


-1.1304386811	-1.3780741096	-0.3659419294


-1.0121870963	-1.5790573319	-0.4002000997


-0.8823474196	-1.7629098999	-0.4300627596


-0.7439617313	-1.9301091299	-0.4558508764


-0.5995290547	-2.0813706212	-0.4778768701


-0.4510870392	-2.2175171433	-0.4964269032


-0.3002942715	-2.3393943710	-0.5117524856


-0.1485040146	-2.4478190924	-0.5240676661


0.0031738028	-2.5435488949	-0.5335494123


0.1538225877	-2.6272656022	-0.5403397689


0.3026801088	-2.6995673604	-0.5445490724


0.4491092292	-2.7609662341	-0.5462599615


0.5925770190	-2.8118896299	-0.5455322213


0.7326409608	-2.8526849226	-0.5424086558


0.8689408443	-2.8836274129	-0.5369221795


1.0011946084	-2.9049321051	-0.5291041116


1.1291958689	-2.9167696504	-0.5189932188


1.2528104478	-2.9192860094	-0.5066444607


1.3719693256	-2.9126240571	-0.4921358856


1.4866564451	-2.8969439975	-0.4755720553


1.5968916317	-2.8724389028	-0.4570830146


1.7027108356	-2.8393425522	-0.4368190201


1.8041469671	-2.7979288346	-0.4149424647


1.9012142642	-2.7485042896	-0.3916190533


1.9938977519	-2.6913967955	-0.3670100808


2.0821477685	-2.6269435346	-0.3412669044


2.1658784583	-2.5554805276	-0.3145278674


2.2449687507	-2.4773348830	-0.2869173375


2.3192644948	-2.3928199621	-0.2585462811


2.3885807856	-2.3022330993	-0.2295137883


2.4527039040	-2.2058553059	-0.1999090935


2.5113925832	-2.1039523842	-0.1698137867


2.5643784969	-1.9967769921	-0.1393040447


2.6113659662	-1.8845713269	-0.1084528088


2.6520309224	-1.7675702282	-0.0773318988


2.6860191689	-1.6460045994	-0.0460140935


2.7129439822	-1.5201051319	-0.0145752321


2.7323830689	-1.3901063814	0.0169035981


2.7438748846	-1.2562513067	0.0483337056


2.7469142923	-1.1187964362	0.0796161876


2.7409475171	-0.9780178989	0.1106389685


2.7253663179	-0.8342186367	0.1412733727


2.6995012504	-0.6877372353	0.1713700906


2.6626138305	-0.5389589680	0.2007543575


2.6138873157	-0.3883298944	0.2292201019


2.5524157077	-0.2363752063	0.2565227150


2.4771904464	-0.0837235706	0.2823699246


2.3870841345	0.0688599224	0.3064100007


2.2808305597	0.2204282148	0.3282161072


2.1570003735	0.3697878763	0.3472649782


2.0139723326	0.5154057473	0.3629070766


1.8499016491	0.6552698848	0.3743237523


1.6626914406	0.7866762014	0.3804642335


1.4499849501	0.9058904463	0.3799509255


1.2092273091	1.0075947779	0.3709348301


0.9379310761	1.0839544881	0.3508750903


0.6345230606	1.1230230201	0.3162203614


0.3008539899	1.1061370879	0.2620571193


-0.0506713972	1.0047947974	0.1823084943


-0.3798599366	0.7839087379	0.0732439786


-0.6023902676	0.4384627297	-0.0537599498


-0.6541170980	0.0497728690	-0.1660417693


-0.5718592942	-0.2927170745	-0.2436657154


-0.4179117205	-0.5644917393	-0.2885356155


-0.2304595265	-0.7731682172	-0.3077185868


-0.0272701496	-0.9322724162	-0.3066375866


0.1857314529	-1.0535071074	-0.2882341790


0.4099240590	-1.1445874824	-0.2532486411


0.6517088890	-1.2070833531	-0.2006772580


0.9188684947	-1.2324907699	-0.1292256705


1.2098751245	-1.2012195272	-0.0416980579


1.5032102286	-1.1003644077	0.0512585658


1.7750363431	-0.9424833402	0.1391908656


2.0173100476	-0.7491068938	0.2187178114


2.2317644589	-0.5357850517	0.2904261419


2.4225774127	-0.3116154973	0.3557724114


2.5937811969	-0.0817903564	0.4160843270


2.7487287567	0.1506453735	0.4723955391


2.8901131517	0.3838453137	0.5254827269


3.0200896031	0.6166614143	0.5759290101


3.1403920424	0.8483705480	0.6241765559


3.2524257822	1.0785176440	0.6705649788


3.3573382549	1.3068214143	0.7153585674


3.4560728444	1.5331154457	0.7587656089


3.5494101756	1.7573102428	0.8009522530


3.6380001147	1.9793681988	0.8420525935


3.7223868175	2.1992868136	0.8821761009


3.8030285130	2.4170873117	0.9214131730


3.8803132546	2.6328068697	0.9598393333


3.9545715523	2.8464932876	0.9975184408


4.0260865678	3.0582013299	1.0345051696


4.0951023892	3.2679902062	1.0708469378


4.1618307761	3.4759218267	1.1065854151


4.2264566745	3.6820595776	1.1417577006


4.2891427300	3.8864674399	1.1763972390


4.3500329819	4.0892093303	1.2105345259


4.4092558784	4.2903485877	1.2441976446


4.4669267333	4.4899475550	1.2774126653


4.5231497190	4.6880672307	1.3102039389


4.5780194803	4.8847669744	1.3425943069


4.6316224393	5.0801042624	1.3746052506


4.6840378507	5.2741344897	1.4062569967


4.7353386582	5.4669108169	1.4375685916


4.7855921935	5.6584840614	1.4685579585


4.8348607522	5.8489026291	1.4992419411


4.8832020726	6.0382124838	1.5296363436


4.9306697398	6.2264571483	1.5597559666


4.9773135311	6.4136777346	1.5896146446


5.0231797142	6.5999129960	1.6192252834


5.0683113090	6.7851993989	1.6485998996


5.1127483200	6.9695712083	1.6777496611


5.1565279435	7.1530605853	1.7066849299


5.1996847546	7.3356976926	1.7354153046


5.2422508774	7.5175108074	1.7639496647


5.2842561401	7.6985264387	1.7922962156


5.3257282189	7.8787694492	1.8204625334


5.3666927705	8.0582631806	1.8484556110


5.4071735586	8.2370295822	1.8762819051


5.4471925731	8.4150893423	1.9039473834


5.4867701476	8.5924620219	1.9314575734


5.5259250753	8.7691661891	1.9588176121


5.5646747269	8.9452195534	1.9860322966


5.6030351723	9.1206390957	2.0131061345


5.6410213070	9.2954411918	2.0400433939


5.6786469838	9.4696417226	2.0668481507


5.7159251483	9.6432561677	2.0935243322


5.7528679747	9.8162996750	2.1200757533


5.7894869970	9.9887871032	2.1465061444


5.8257932295	10.1607330345	2.1728191692


5.8617972681	10.3321517583	2.1990184297


5.8975093684	10.5030572306	2.2251074621


5.9329394954	10.6734630165	2.2510897222


5.9680973446	10.8433822255	2.2769685653


6.0029923379	11.0128274511	2.3027472235


6.0376336000	11.1818107227	2.3284287846


6.0720299246	11.3503434773	2.3540161757


6.1061897368	11.5184365535	2.3795121533


6.1401210613	11.6861002087	2.4049193011


6.1738315007	11.8533441546	2.4302400351


6.2073282270	12.0201776066	2.4554766153


6.2406179857	12.1866093417	2.4806311604


6.2737071136	12.3526477582	2.5057056667


6.3066015648	12.5183009328	2.5307020257


6.3393069438	12.6835766723	2.5556220423


6.3718285416	12.8484825560	2.5804674502


6.4041713722	13.0130259699	2.6052399253


6.4363402087	13.1772141313	2.6299410959


6.4683396143	13.3410541059	2.6545725505


6.5001739720	13.5045528168	2.6791358432


6.5318475076	13.6677170487	2.7036324964


6.5633643098	13.8305534479	2.7280640029


6.5947283462	13.9930685183	2.7524318251


6.6259434742	14.1552686165	2.7767373948


6.6570134503	14.3171599455	2.8009821113


6.6879419353	14.4787485483	2.8251673394


6.7187324978	14.6400403015	2.8492944074


6.7493886155	14.8010409104	2.8733646050


6.7799136748	14.9617559042	2.8973791813


6.8103109698	15.1221906338	2.9213393433


6.8405837000	15.2823502699	2.9452462546


6.8707349677	15.4422398037	2.9691010343


6.9007677747	15.6018640487	2.9929047568


6.9306850195	15.7612276447	3.0166584521


6.9604894943	15.9203350632	3.0403631062


6.9901838830	16.0791906151	3.0640196623


7.0197707589	16.2377984597	3.0876290230


7.0492525846	16.3961626161	3.1111920528


7.0786317120	16.5542869747	3.1347095807


7.1079103853	16.7121753117	3.1581824042


7.1370907440	16.8698313027	3.1816112934


7.1661748294	17.0272585375	3.2049969949


7.1951645922	17.1844605339	3.2283402365


7.2240619020	17.3414407506	3.2516417315


7.2528685589	17.4982025970	3.2749021822


7.2815863052	17.6547494412	3.2981222833


7.3102168377	17.8110846127	3.3213027235


7.3387618189	17.9672114025	3.3444441868


7.3672228863	18.1231330586	3.3675473513


7.3956016589	18.2788527780	3.3906128879


7.4238997403	18.4343736971	3.4136414574


7.4521187183	18.5896988805	3.4366337071


7.4802601614	18.7448313117	3.4595902677


7.5083256126	18.8997738849	3.4825117498


7.5363165824	19.0545294006	3.5053987421


7.5642345414	19.2091005645	3.5282518100


7.5920809137	19.3634899909	3.5510714954


7.6198570725	19.5177002076	3.5738583181


7.6475643371	19.6717336645	3.5966127768


7.6752039728	19.8255927426	3.6193353524


7.7027771925	19.9792797632	3.6420265096


7.7302851595	20.1327969970	3.6646867003


7.7577289920	20.2861466715	3.6873163657


7.7851097679	20.4393309778	3.7099159380


7.8124285299	20.5923520748	3.7324858428


7.8396862901	20.7452120932	3.7550264997


7.8668840350	20.8979131364	3.7775383237


7.8940227294	21.0504572821	3.8000217251


7.9211033194	21.2028465810	3.8224771099


7.9481267354	21.3550830568	3.8449048797


7.9750938941	21.5071687038	3.8673054313


8.0020056998	21.6591054850	3.8896791560


8.0288630453	21.8108953306	3.9120264395


8.0556668117	21.9625401352	3.9343476607


8.0824178689	22.1140417564	3.9566431914


8.1091170746	22.2654020124	3.9789133955


8.1357652732	22.4166226812	4.0011586286


8.1623632952	22.5677054988	4.0233792373


8.1889119555	22.7186521592	4.0455755589


8.2154120517	22.8694643139	4.0677479212


8.2418643631	23.0201435720	4.0898966421


8.2682696492	23.1706915019	4.1120220302


8.2946286481	23.3211096320	4.1341243843


8.3209420757	23.4713994534	4.1562039943


8.3472106245	23.6215624220	4.1782611415


8.3734349640	23.7715999619	4.2002960994


8.3996157401	23.9215134687	4.2223091348


8.4257535761	24.0713043134	4.2443005082


8.4518490737	24.2209738459	4.2662704755


8.4779028154	24.3705233986	4.2882192887


8.5039153663	24.5199542897	4.3101471971


8.5298872776	24.6692678253	4.3320544479


8.5558190890	24.8184653012	4.3539412871


8.5817113323	24.9675480032	4.3758079597


8.6075645337	25.1165172060	4.3976547096


8.6333792163	25.2653741717	4.4194817792


8.6591559014	25.4141201468	4.4412894091


8.6848951085	25.5627563591	4.4630778365


8.7105973549	25.7112840142	4.4848472948


8.7362631545	25.8597042927	4.5065980123


8.7618930149	26.0080183478	4.5283302116


8.7874874359	26.1562273045	4.5500441090


8.8130469067	26.3043322595	4.5717399139


8.8385719043	26.4523342825	4.5934178296


8.8640628916	26.6002344175	4.6150780531


8.8895203175	26.7480336861	4.6367207758


8.9149446158	26.8957330898	4.6583461844


8.9403362067	27.0433336130	4.6799544615


8.9656954967	27.1908362255	4.7015457863


8.9910228808	27.3382418846	4.7231203354


9.0163187432	27.4855515370	4.7446782833


9.0415834592	27.6327661200	4.7662198027


9.0668173963	27.7798865624	4.7877450650


9.0920209158	27.9269137844	4.8092542402


9.1171943737	28.0738486983	4.8307474975


9.1423381221	28.2206922076	4.8522250047


9.1674525092	28.3674452068	4.8736869282


9.1925378806	28.5141085804	4.8951334332


9.2175945792	28.6606832024	4.9165646830


9.2426229455	28.8071699351	4.9379808393


9.2676233174	28.9535696285	4.9593820613


9.2925960303	29.0998831194	4.9807685059


9.3175414163	29.2461112307	5.0021403274


9.3424598043	29.3922547705	5.0234976772


9.3673515188	29.5383145322	5.0448407036


9.3922168801	29.6842912939	5.0661695516


9.4170562029	29.8301858182	5.0874843629


9.4418697959	29.9759988527	5.1087852762


9.4666579616	30.1217311301	5.1300724264


9.4914209950	30.2673833691	5.1513459454


9.5161591838	30.4129562750	5.1726059622


9.5408728079	30.5584505409	5.1938526028


9.5655621390	30.7038668487	5.2150859907


9.5902274413	30.8492058711	5.2363062473


9.6148689712	30.9944682721	5.2575134922


9.6394869782	31.1396547093	5.2787078437


9.6640817060	31.2847658342	5.2998894190


9.6886533930	31.4298022942	5.3210583345


9.7132022735	31.5747647324	5.3422147066


9.7377285795	31.7196537884	5.3633586509


9.7622325408	31.8644700976	5.3844902829


9.7867143868	32.0092142908	5.4056097179


9.8111743465	32.1538869932	5.4267170701


9.8356126489	32.2984888227	5.4478124530


9.8600295231	32.4430203886	5.4688959784


9.8844251970	32.5874822908	5.4899677566


9.9087998974	32.7318751180	5.5110278952


9.9331538485	32.8761994477	5.5320764999


9.9574872708	33.0204558456	5.5531136734


9.9818003809	33.1646448665	5.5741395162


10.0060933900	33.3087670544	5.5951541262


10.0303665042	33.4528229438	5.6161575991


10.0546199239	33.5968130605	5.6371500286


10.0788538439	33.7407379233	5.6581315068


10.1030684541	33.8845980445	5.6791021245


10.1272639395	34.0283939311	5.7000619713


10.1514404809	34.1721260855	5.7210111361


10.1755982556	34.3157950062	5.7419497069


10.1997374376	34.4594011882	5.7628777713


10.2238581988	34.6029451228	5.7837954166


10.2479607089	34.7464272982	5.8047027295


10.2720451361	34.8898481989	5.8255997962


10.2961116475	35.0332083057	5.8464867027


10.3201604093	35.1765080953	5.8673635342


10.3441915866	35.3197480399	5.8882303754


10.3682053443	35.4629286070	5.9090873102


10.3922018463	35.6060502586	5.9299344217


10.4161812556	35.7491134510	5.9507717919


10.4401437347	35.8921186345	5.9715995019


10.4640894445	36.0350662531	5.9924176312


10.4880185449	36.1779567438	6.0132262585


10.5119311937	36.3207905371	6.0340254606


10.5358275471	36.4635680563	6.0548153133


10.5597077588	36.6062897179	6.0755958907


10.5835719797	36.7489559318	6.0963672655


10.6074203580	36.8915671011	6.1171295089


10.6312530387	37.0341236229	6.1378826908


10.6550701633	37.1766258884	6.1586268800


10.6788718700	37.3190742840	6.1793621439


10.7026582935	37.4614691914	6.2000885491


10.7264295653	37.6038109884	6.2208061613


10.7501858139	37.7461000497	6.2415150458


10.7739271648	37.8883367474	6.2622152672


10.7976537416	38.0305214513	6.2829068900


10.8213656661	38.1726545297	6.3035899785


10.8450630589	38.3147363490	6.3242645968


10.8687460399	38.4567672737	6.3449308089


10.8924147290	38.5987476665	6.3655886788


10.9160692461	38.7406778870	6.3862382700


10.9397097111	38.8825582919	6.4068796457


10.9633362444	39.0243892336	6.4275128684


10.9869489659	39.1661710599	6.4481379996


11.0105479953	39.3079041135	6.4687551000


11.0341334511	39.4495887314	6.4893642290


11.0577054505	39.5912252451	6.5099654449


11.0812641087	39.7328139806	6.5305588048


11.1048095387	39.8743552588	6.5511443645


11.1283418511	40.0158493956	6.5717221788


11.1518611536	40.1572967030	6.5922923018


11.1753675519	40.2986974891	6.6128547864


11.1988611487	40.4400520590	6.6334096852


11.2223420448	40.5813607151	6.6539570500


11.2458103389	40.7226237575	6.6744969325


11.2692661280	40.8638414845	6.6950293839


11.2927095078	41.0050141925	6.7155544551


11.3161405725	41.1461421763	6.7360721970


11.3395594158	41.2872257288	6.7565826601


11.3629661306	41.4282651416	6.7770858949


11.3863608093	41.5692607042	6.7975819516


11.4097435437	41.7102127042	6.8180708801


11.4331144258	41.8511214268	6.8385527302


11.4564735471	41.9919871550	6.8590275510


11.4798209989	42.1328101691	6.8794953917


11.5031568722	42.2735907464	6.8999563005


11.5264812577	42.4143291613	6.9204103253


11.5497942459	42.5550256847	6.9408575135


11.5730959263	42.6956805842	6.9612979116


11.5963863879	42.8362941239	6.9817315656


11.6196657188	42.9768665641	7.0021585207


11.6429340060	43.1173981617	7.0225788212


11.6661913351	43.2578891699	7.0429925110


11.6894377904	43.3983398385	7.0633996330


11.7126734546	43.5387504141	7.0838002295


11.7358984087	43.6791211402	7.1041943420


11.7591127321	43.8194522578	7.1245820117


11.7823165022	43.9597440053	7.1449632792


11.8055097949	44.0999966191	7.1653381845


11.8286926847	44.2402103339	7.1857067676


11.8518652444	44.3803853832	7.2060690680


11.8750275460	44.5205219993	7.2264251253


11.8981796604	44.6606204134	7.2467749789


11.9213216581	44.8006808562	7.2671186682


11.9444536093	44.9407035570	7.2874562325


11.9675755842	45.0806887444	7.3077877110


11.9906876531	45.2206366453	7.3281131430


12.0137898864	45.3605474849	7.3484325672


12.0368823549	45.5004214862	7.3687460222


12.0599651291	45.6402588696	7.3890535460


12.0830382794	45.7800598529	7.4093551762


12.1061018760	45.9198246506	7.4296509496


12.1291559878	46.0595534744	7.4499409025


12.1522006834	46.1992465328	7.4702250706


12.1752360298	46.3389040314	7.4905034888


12.1982620927	46.4785261734	7.5107761916


12.2212789367	46.6181131596	7.5310432128


12.2442866248	46.7576651888	7.5513045861


12.2672852189	46.8971824579	7.5715603445


12.2902747796	47.0366651627	7.5918105209


12.3132553665	47.1761134973	7.6120551480


12.3362270381	47.3155276552	7.6322942584


12.3591898523	47.4549078285	7.6525278844


12.3821438665	47.5942542087	7.6727560582


12.4050891376	47.7335669862	7.6929788121


12.4280257219	47.8728463506	7.7131961782


12.4509536758	48.0120924904	7.7334081885


12.4738730554	48.1513055930	7.7536148748


12.4967839168	48.2904858447	7.7738162688


12.5196863158	48.4296334304	7.7940124021


12.5425803084	48.5687485333	7.8142033059


12.5654659504	48.7078313352	7.8343890114


12.5883432975	48.8468820162	7.8545695491


12.6112124051	48.9859007544	7.8747449496


12.6340733284	49.1248877259	7.8949152429


12.6569261223	49.2638431050	7.9150804585


12.6797708411	49.4027670636	7.9352406258


12.7026075385	49.5416597719	7.9553957734


12.7254362678	49.6805213977	7.9755459299


12.7482570811	49.8193521070	7.9956911232


12.7710700299	49.9581520639	8.0158313809


12.7938751647	50.0969214307	8.0359667301


12.8166725351	50.2356603683	8.0560971978


12.8394621896	50.3743690360	8.0762228105


12.8622441759	50.5130475922	8.0963435947


12.8850185406	50.6516961940	8.1164595766


12.9077853298	50.7903149980	8.1365707822


12.9305445888	50.9289041601	8.1566772377


12.9532963626	51.0674638357	8.1767789689


12.9760406957	51.2059941795	8.1968760019


12.9987776329	51.3444953460	8.2169683627


13.0215072185	51.4829674888	8.2370560771


13.0442294973	51.6214107606	8.2571391710


13.0669445140	51.7598253133	8.2772176700


13.0896523136	51.8982112973	8.2972915996


13.1123529410	52.0365688615	8.3173609851


13.1350464412	52.1748981531	8.3374258513


13.1577328586	52.3131993177	8.3574862228


13.1804122375	52.4514724989	8.3775421236


13.2030846216	52.5897178384	8.3975935776


13.2257500539	52.7279354766	8.4176406082


13.2484085764	52.8661255518	8.4376832384


13.2710602309	53.0042882015	8.4577214911


13.2937050577	53.1424235616	8.4777553888


13.3163430970	53.2805317671	8.4977849538


13.3389743879	53.4186129522	8.5178102083


13.3615989690	53.5566672503	8.5378311744


13.3842168783	53.6946947941	8.5578478740


13.4068281536	53.8326957159	8.5778603291


13.4294328322	53.9706701471	8.5978685615


13.4520309510	54.1086182191	8.6178725929


13.4746225469	54.2465400623	8.6378724452


13.4972076568	54.3844358066	8.6578681400


13.5197863173	54.5223055814	8.6778596989


13.5423585651	54.6601495152	8.6978471435


13.5649244368	54.7979677357	8.7178304951


13.5874839690	54.9357603698	8.7378097750


13.6100371983	55.0735275434	8.7577850044


13.6325841613	55.2112693812	8.7777562042


13.6551248944	55.3489860068	8.7977233951


13.6776594339	55.4866775427	8.8176865977


13.7001878159	55.6243441101	8.8376458322


13.7227100763	55.7619858289	8.8576011186


13.7452262505	55.8996028176	8.8775524767


13.7677363737	56.0371951937	8.8974999260


13.7902404803	56.1747630733	8.9174434859


13.8127386046	56.3123065713	8.9373831752


13.8352307800	56.4498258016	8.9573190128


13.8577170395	56.5873208772	8.9772510174


13.8801974155	56.7247919100	8.9971792072


13.9026719396	56.8622390116	9.0171036007


13.9251406433	56.9996622927	9.0370242160


13.9476035572	57.1370618635	9.0569410713


13.9700607118	57.2744378340	9.0768541846


13.9925121373	57.4117903139	9.0967635741


14.0149578637	57.5491194125	9.1166692578


14.0373979210	57.6864252387	9.1365712538


14.0598323393	57.8237079011	9.1564695801


14.0822611486	57.9609675076	9.1763642547


14.1046843791	58.0982041658	9.1962552955


14.1271020611	58.2354179819	9.2161427201


14.1495142251	58.3726090617	9.2360265463


14.1719209012	58.5097775094	9.2559067914


14.1943221197	58.6469234286	9.2757834726


14.2167179103	58.7840469213	9.2956566067


14.2391083026	58.9211480886	9.3155262104


14.2614933257	59.0582270305	9.3353923002


14.2838730084	59.1952838459	9.3552548924


14.3062473787	59.3323186330	9.3751140030


14.3286164644	59.4693314892	9.3949696480


14.3509802927	59.6063225112	9.4148218431


14.3733388904	59.7432917952	9.4346706040


14.3956922838	59.8802394370	9.4545159464


14.4180404992	60.0171655317	9.4743578858


14.4403835622	60.1540701745	9.4941964378


14.4627214986	60.2909534598	9.5140316178


14.4850543337	60.4278154821	9.5338634414


14.5073820930	60.5646563351	9.5536919240


14.5297048018	60.7014761125	9.5735170809


14.5520224854	60.8382749074	9.5933389275


14.5743351690	60.9750528124	9.6131574792


14.5966428778	61.1118099197	9.6329727511


14.6189456373	61.2485463207	9.6527847584


14.6412434726	61.3852621064	9.6725935161


14.6635364089	61.5219573671	9.6923990392


14.6858244716	61.6586321921	9.7122013425


14.7081076856	61.7952866702	9.7320004406


14.7303860761	61.9319208892	9.7517963480


14.7526596677	62.0685349361	9.7715890791


14.7749284852	62.2051288972	9.7913786480


14.7971925529	62.3417028578	9.8111650687


14.8194518948	62.4782569026	9.8309483552


14.8417065347	62.6147911152	9.8507285210


14.8639564959	62.7513055788	9.8705055798


14.8862018015	62.8878003759	9.8902795448


14.9084424739	63.0242755884	9.9100504296


14.9306785355	63.1607312979	9.9298182472


14.9529100082	63.2971675854	9.9495830109


14.9751369135	63.4335845317	9.9693447338


14.9973592729	63.5699822174	9.9891034290


15.0195771076	63.7063607229	10.0088591096


15.0417904387	63.8427201283	10.0286117888


15.0639992874	63.9790605136	10.0483614795


15.0862036749	64.1153819585	10.0681081949


15.1084036224	64.2516845423	10.0878519480


15.1305991512	64.3879683437	10.1075927518


15.1527902828	64.5242334412	10.1273306192


15.1749770385	64.6604799123	10.1470655629


15.1971594398	64.7967078338	10.1667975955


15.2193375079	64.9329172821	10.1865267296


15.2415112639	65.0691083324	10.2062529775


15.2636807287	65.2052810594	10.2259763514


15.2858459229	65.3414355369	10.2456968632


15.3080068670	65.4775718384	10.2654145249


15.3301635807	65.6136900365	10.2851293482


15.3523160840	65.7497902034	10.3048413448


15.3744643960	65.8858724109	10.3245505263


15.3966085359	66.0219367304	10.3442569043


15.4187485226	66.1579832331	10.3639604902


15.4408843747	66.2940119898	10.3836612955


15.4630161107	66.4300230712	10.4033593315


15.4851437489	66.5660165475	10.4230546099


15.5072673076	66.7019924891	10.4427471418


15.5293868050	66.8379509658	10.4624369387


15.5515022591	66.9738920473	10.4821240119


15.5736136883	67.1098158030	10.5018083727


15.5957211105	67.2457223020	10.5214900325


15.6178245440	67.3816116130	10.5411690024


15.6399240070	67.5174838043	10.5608452937


15.6620195175	67.6533389438	10.5805189174


15.6841110939	67.7891770990	10.6001898845


15.7061987541	67.9249983367	10.6198582060


15.7282825162	68.0608027234	10.6395238928


15.7503623984	68.1965903249	10.6591869556


15.7724384184	68.3323612064	10.6788474050


15.7945105941	68.4681154326	10.6985052516


15.8165789430	68.6038530676	10.7181605057


15.8386434824	68.7395741751	10.7378131777


15.8607042296	68.8752788180	10.7574632777


15.8827612015	69.0109670590	10.7771108158


15.9048144146	69.1466389603	10.7967558021


15.9268638855	69.2822945835	10.8163982465


15.9489096302	69.4179339903	10.8360381589


15.9709516648	69.5535572419	10.8556755491


15.9929900048	69.6891643993	10.8753104269


16.0150246660	69.8247555235	10.8949428023


16.0370556639	69.9603306751	10.9145726849


16.0590830138	70.0958899148	10.9342000846


16.0811067313	70.2314333031	10.9538250113


16.1031268318	70.3669609002	10.9734474746


16.1251433309	70.5024727662	10.9930674844


16.1471562442	70.6379689607	11.0126850504


16.1691655874	70.7734495431	11.0323001822


16.1911713761	70.9089145721	11.0519128894


16.2131736260	71.0443641062	11.0715231814


16.2351723526	71.1797982030	11.0911310678


16.2571675715	71.3152169199	11.1107365576


16.2791592979	71.4506203136	11.1303396602


16.3011475469	71.5860084404	11.1499403845


16.3231323335	71.7213813561	11.1695387395


16.3451136723	71.8567391162	11.1891347341


16.3670915779	71.9920817757	11.2087283772


16.3890660645	72.1274093895	11.2283196775


16.4110371462	72.2627220122	11.2479086437


16.4330048368	72.3980196980	11.2674952846


16.4549691503	72.5333025012	11.2870796088


16.4769301002	72.6685704758	11.3066616251


16.4988877001	72.8038236756	11.3262413419


16.5208419636	72.9390621543	11.3458187680


16.5427929041	73.0742859655	11.3653939121


16.5647405350	73.2094951624	11.3849667826


16.5866848700	73.3446897984	11.4045373883


16.6086259224	73.4798699262	11.4241057376


16.6305637057	73.6150355987	11.4436718391


16.6524982333	73.7501868681	11.4632357013


16.6744295189	73.8853237867	11.4827973326


16.6963575758	74.0204464061	11.5023567414


16.7182824175	74.1555547778	11.5219139360


16.7402040576	74.2906489528	11.5414689248


16.7621225093	74.4257289817	11.5610217159


16.7840377860	74.5607949149	11.5805723173


16.8059499010	74.6958468021	11.6001207372


16.8278588672	74.8308846928	11.6196669834


16.8497646978	74.9659086361	11.6392110639


16.8716674053	75.1009186805	11.6587529864


16.8935670026	75.2359148745	11.6782927587


16.9154635020	75.3708972662	11.6978303885


16.9373569158	75.5058659034	11.7173658833


16.9592472562	75.6408208335	11.7368992508


16.9811345349	75.7757621042	11.7564304986


17.0030187640	75.9106897627	11.7759596342


17.0248999550	76.0456038562	11.7954866651


17.0467781196	76.1805044317	11.8150115989


17.0686532696	76.3153915364	11.8345344431


17.0905254164	76.4502652170	11.8540552053


17.1123945719	76.5851255203	11.8735738930


17.1342607477	76.7199724929	11.8930905138


17.1561239556	76.8548061812	11.9126050750


17.1779842073	76.9896266310	11.9321175841


17.1998415148	77.1244338882	11.9516280485


17.2216958897	77.2592279979	11.9711364754


17.2435473439	77.3940090053	11.9906428722


17.2653958889	77.5287769549	12.0101472460


17.2872415363	77.6635318908	12.0296496037


17.3090842976	77.7982738570	12.0491499525


17.3309241840	77.9330028970	12.0686482993


17.3527612065	78.0677190541	12.0881446510


17.3745953762	78.2024223713	12.1076390143


17.3964267039	78.3371128914	12.1271313962


17.4182552002	78.4717906571	12.1466218033


17.4400808757	78.6064557110	12.1661102425


17.4619037409	78.7411080953	12.1855967205


17.4837238062	78.8757478525	12.2050812440


17.5055410819	79.0103750246	12.2245638197


17.5273555782	79.1449896537	12.2440444544


17.5491673055	79.2795917817	12.2635231547


17.5709762740	79.4141814504	12.2829999274


17.5927824940	79.5487587015	12.3024747791


17.6145859758	79.6833235764	12.3219477164


17.6363867296	79.8178761166	12.3414187461


17.6581847656	79.9524163630	12.3608878747


17.6799800943	80.0869443567	12.3803551087


17.7017727259	80.2214601381	12.3998204548


17.7235626706	80.3559637479	12.4192839195


17.7453499388	80.4904552259	12.4387455090


17.7671345407	80.6249346122	12.4582052299


17.7889164864	80.7594019461	12.4776630885


17.8106957860	80.8938572670	12.4971190910


17.8324724496	81.0283006138	12.5165732436


17.8542464870	81.1627320252	12.5360255526


17.8760179082	81.2971515396	12.5554760239


17.8977867226	81.4315591951	12.5749246638


17.9195529399	81.5659550298	12.5943714781


17.9413165695	81.7003390813	12.6138164730


17.9630776207	81.8347113874	12.6332596542


17.9848361026	81.9690719855	12.6527010279


18.0065920244	82.1034209131	12.6721405999


18.0283453950	82.2377582076	12.6915783761


18.0500962235	82.3720839061	12.7110143625


18.0718445189	82.5063980459	12.7304485650


18.0935902902	82.6407006642	12.7498809896


18.1153335462	82.7749917979	12.7693116421


18.1370742962	82.9092714840	12.7887405285


18.1588125492	83.0435397590	12.8081676546


18.1805483143	83.1777966596	12.8275930263


18.2022816006	83.3120422218	12.8470166494


18.2240124172	83.4462764817	12.8664385296


18.2457407732	83.5804994749	12.8858586726


18.2674666776	83.7147112369	12.9052770840


18.2891901393	83.8489118027	12.9246937695


18.3109111671	83.9831012073	12.9441087345


18.3326297697	84.1172794853	12.9635219846


18.3543459558	84.2514466711	12.9829335252


18.3760597337	84.3856027992	13.0023433616


18.3977711119	84.5197479034	13.0217514994


18.4194800987	84.6538820180	13.0411579438


18.4411867023	84.7880051769	13.0605627002


18.4628909309	84.9221174137	13.0799657740


18.4845927924	85.0562187623	13.0993671704


18.5062922949	85.1903092563	13.1187668949


18.5279894466	85.3243889292	13.1381649527


18.5496842553	85.4584578146	13.1575613492


18.5713767290	85.5925159458	13.1769560896


18.5930668759	85.7265633562	13.1963491793


18.6147547037	85.8606000787	13.2157406236


18.6364402207	85.9946261466	13.2351304277


18.6581234348	86.1286415926	13.2545185968


18.6798043540	86.2626464495	13.2739051362


18.7014829863	86.3966407497	13.2932900511


18.7231593399	86.5306245257	13.3126733466


18.7448334226	86.6645978095	13.3320550278


18.7665052425	86.7985606330	13.3514350999


18.7881748076	86.9325130280	13.3708135678


18.8098421257	87.0664550259	13.3901904366


18.8315072045	87.2003866579	13.4095657112


18.8531700520	87.3343079552	13.4289393965


18.8748306758	87.4682189485	13.4483114974


18.8964890833	87.6021196685	13.4676820188


18.9181452821	87.7360101459	13.4870509654


18.9397992796	87.8698904109	13.5064183420


18.9614510831	88.0037604939	13.5257841534


18.9831006997	88.1376204250	13.5451484044


19.0047481366	88.2714702344	13.5645110997


19.0263934009	88.4053099522	13.5838722441


19.0480364998	88.5391396084	13.6032318422


19.0696774402	88.6729592330	13.6225898990


19.0913162292	88.8067688559	13.6419464190


19.1129528740	88.9405685070	13.6613014071


19.1345873817	89.0743582159	13.6806548679


19.1562197595	89.2081380122	13.7000068062


19.1778500145	89.3419079254	13.7193572267


19.1994781539	89.4756679846	13.7387061340


19.2211041850	89.6094182189	13.7580535327


19.2427281147	89.7431586571	13.7773994273


19.2643499502	89.8768893278	13.7967438224


19.2859696986	90.0106102593	13.8160867225


19.3075873668	90.1443214800	13.8354281320


19.3292029617	90.2780230178	13.8547680554


19.3508164900	90.4117149006	13.8741064969


19.3724279585	90.5453971563	13.8934434611


19.3940373738	90.6790698124	13.9127789521


19.4156447424	90.8127328966	13.9321129744


19.4372500709	90.9463864363	13.9514455322


19.4588533657	91.0800304590	13.9707766300


19.4804546333	91.2136649920	13.9901062718


19.5020538799	91.3472900627	14.0094344622


19.5236511120	91.4809056982	14.0287612053


19.5452463359	91.6145119258	14.0480865055


19.5668395580	91.7481087725	14.0674103670


19.5884307846	91.8816962653	14.0867327942


19.6100200221	92.0152744313	14.1060537912


19.6316072769	92.1488432972	14.1253733623


19.6531925553	92.2824028896	14.1446915118


19.6747758638	92.4159532353	14.1640082440


19.6963572086	92.5494943607	14.1833235628


19.7179365962	92.6830262919	14.2026374727


19.7395140330	92.8165490553	14.2219499776


19.7610895254	92.9500626767	14.2412610817


19.7826630795	93.0835671819	14.2605707891


19.8042347018	93.2170625967	14.2798791038


19.8258043983	93.3505489464	14.2991860299


19.8473721754	93.4840262565	14.3184915713


19.8689380391	93.6174945520	14.3377957319


19.8905019955	93.7509538580	14.3570985157


19.9120640504	93.8844041995	14.3763999267


19.9336242099	94.0178456012	14.3956999686


19.9551824796	94.1512780880	14.4149986454


19.9767388655	94.2847016845	14.4342959610


19.9982933731	94.4181164153	14.4535919191


20.0198460082	94.5515223051	14.4728865237


20.0413967765	94.6849193784	14.4921797787


20.0629456836	94.8183076598	14.5114716878


20.0844927353	94.9516871737	14.5307622551


20.1060379371	95.0850579445	14.5500514842


20.1275812949	95.2184199965	14.5693393791


20.1491228144	95.3517733540	14.5886259435


20.1706625013	95.4851180410	14.6079111814


20.1922003614	95.6184540814	14.6271950964


20.2137364005	95.7517814991	14.6464776924


20.2352706243	95.8851003175	14.6657589730


20.2568030384	96.0184105602	14.6850389420


20.2783336485	96.1517122504	14.7043176029


20.2998624602	96.2850054114	14.7235949594


20.3213894789	96.4182900661	14.7428710152


20.3429147102	96.5515662374	14.7621457737


20.3644381595	96.6848339483	14.7814192387


20.3859598320	96.8180932214	14.8006914135


20.4074797330	96.9513440793	14.8199623018


20.4289978679	97.0845865448	14.8392319071


20.4505142417	97.2178206403	14.8585002329


20.4720288597	97.3510463885	14.8777672827


20.4935417270	97.4842638117	14.8970330601


20.5150528487	97.6174729323	14.9162975686


20.5365622300	97.7506737728	14.9355608117


20.5580698760	97.8838663554	14.9548227929


20.5795757919	98.0170507025	14.9740835157


20.6010799827	98.1502268361	14.9933429836


20.6225824537	98.2833947784	15.0126012001


20.6440832099	98.4165545513	15.0318581687


20.6655822566	98.5497061769	15.0511138927


20.6870795989	98.6828496768	15.0703683757


20.7085752419	98.8159850728	15.0896216211


20.7300691909	98.9491123865	15.1088736322


20.7515614509	99.0822316392	15.1281244125


20.7730520270	99.2153428523	15.1473739653


20.7945409243	99.3484460469	15.1666222939


20.8160281480	99.4815412442	15.1858694016


20.8375137028	99.6146284650	15.2051152917


20.8589975939	99.7477077301	15.2243599674


20.8804798261	99.8807790603	15.2436034320


20.9019604041	100.0138424762	15.2628456886


20.9234393328	100.1468979983	15.2820867406


20.9449166170	100.2799456472	15.3013265911


20.9663922612	100.4129854432	15.3205652432


20.9878662702	100.5460174069	15.3398027002


21.0093386485	100.6790415586	15.3590389653


21.0308094008	100.8120579187	15.3782740416


21.0522785317	100.9450665074	15.3975079323


21.0737460459	101.0780673451	15.4167406406


21.0952119479	101.2110604520	15.4359721698


21.1166762424	101.3440458482	15.4552025229


21.1381389342	101.4770235539	15.4744317031


21.1596000278	101.6099935889	15.4936597136


21.1810595281	101.7429559732	15.5128865575


21.2025174396	101.8759107264	15.5321122379


21.2239737670	102.0088578681	15.5513367578


21.2454285150	102.1417974178	15.5705601203


21.2668816882	102.2747293949	15.5897823284


21.2883332910	102.4076538186	15.6090033852


21.3097833280	102.5405707080	15.6282232935


21.3312318036	102.6734800823	15.6474420564


21.3526787222	102.8063819604	15.6666596768


21.3741240882	102.9392763613	15.6858761577


21.3955679058	103.0721633038	15.7050915020


21.4170101795	103.2050428067	15.7243057127


21.4384509134	103.3379148889	15.7435187925


21.4598901117	103.4707795691	15.7627307446


21.4813277786	103.6036368660	15.7819415718


21.5027639185	103.7364867984	15.8011512769


21.5241985354	103.8693293848	15.8203598631


21.5456316337	104.0021646438	15.8395673330


21.5670632174	104.1349925940	15.8587736897


21.5884932908	104.2678132539	15.8779789361


21.6099218581	104.4006266419	15.8971830750


21.6313489235	104.5334327763	15.9163861093


21.6527744914	104.6662316755	15.9355880419


21.6741985658	104.7990233577	15.9547888757


21.6956211510	104.9318078408	15.9739886134


21.7170422513	105.0645851430	15.9931872580


21.7384618709	105.1973552821	16.0123848122


21.7598800139	105.3301182760	16.0315812788


21.7812966845	105.4628741423	16.0507766605


21.8027118868	105.5956228986	16.0699709602


21.8241256250	105.7283645625	16.0891641805


21.8455379031	105.8610991513	16.1083563241


21.8669487251	105.9938266825	16.1275473937


21.8883580949	106.1265471731	16.1467373921


21.9097660165	106.2592606406	16.1659263219


21.9311724938	106.3919671020	16.1851141858


21.9525775306	106.5246665745	16.2043009863


21.9739811308	106.6573590753	16.2234867263


21.9953832981	106.7900446213	16.2426714083


22.0167840364	106.9227232297	16.2618550350


22.0381833495	107.0553949175	16.2810376090


22.0595812412	107.1880597016	16.3002191331


22.0809777154	107.3207175992	16.3193996099


22.1023727758	107.4533686270	16.3385790420


22.1237664264	107.5860128019	16.3577574321


22.1451586710	107.7186501406	16.3769347828


22.1665495135	107.8512806598	16.3961110966


22.1879389578	107.9839043761	16.4152863762


22.2093270076	108.1165213058	16.4344606242


22.2307136668	108.2491314653	16.4536338430


22.2520989392	108.3817348709	16.4728060353


22.2734828286	108.5143315388	16.4919772035


22.2948653385	108.6469214851	16.5111473501


22.3162464728	108.7795047258	16.5303164776


22.3376262350	108.9120812769	16.5494845886


22.3590046288	109.0446511542	16.5686516853


22.3803816577	109.1772143739	16.5878177704


22.4017573253	109.3097709515	16.6069828462


22.4231316350	109.4423209031	16.6261469153


22.4445045904	109.5748642444	16.6453099801


22.4658761950	109.7074009911	16.6644720430


22.4872464523	109.8399311590	16.6836331064


22.5086153657	109.9724547638	16.7027931729


22.5299829387	110.1049718212	16.7219522449


22.5513491749	110.2374823467	16.7411103247


22.5727140778	110.3699863560	16.7602674149


22.5940776507	110.5024838646	16.7794235179


22.6154398973	110.6349748881	16.7985786360


22.6368008210	110.7674594416	16.8177327718


22.6581604254	110.8999375408	16.8368859275


22.6795187140	111.0324092007	16.8560381056


22.7008756902	111.1648744366	16.8751893085


22.7222313576	111.2973332637	16.8943395384


22.7435857196	111.4297856968	16.9134887978


22.7649387796	111.5622317511	16.9326370890


22.7862905412	111.6946714413	16.9517844143


22.8076410078	111.8271047822	16.9709307759


22.8289901826	111.9595317886	16.9900761762


22.8503380690	112.0919524751	17.0092206174


22.8716846703	112.2243668564	17.0283641018


22.8930299898	112.3567749470	17.0475066316


22.9143740308	112.4891767614	17.0666482092


22.9357167963	112.6215723142	17.0857888366


22.9570582897	112.7539616199	17.1049285163


22.9783985140	112.8863446928	17.1240672503


22.9997374726	113.0187215475	17.1432050411


23.0210751684	113.1510921984	17.1623418907


23.0424116049	113.2834566600	17.1814778015


23.0637467851	113.4158149464	17.2006127758


23.0850807122	113.5481670722	17.2197468156


23.1064133895	113.6805130515	17.2388799233


23.1277448202	113.8128528985	17.2580121011


23.1490750076	113.9451866273	17.2771433511


23.1704039548	114.0775142519	17.2962736756


23.1917316651	114.2098357864	17.3154030767


23.2130581416	114.3421512445	17.3345315565


23.2343833876	114.4744606400	17.3536591173


23.2557074060	114.6067639868	17.3727857610


23.2770302001	114.7390612985	17.3919114900


23.2983517728	114.8713525886	17.4110363061


23.3196721273	115.0036378708	17.4301602116


23.3409912665	115.1359171586	17.4492832085


23.3623091935	115.2681904656	17.4684052990


23.3836259111	115.4004578051	17.4875264850


23.4049414224	115.5327191907	17.5066467687


23.4262557303	115.6649746358	17.5257661521


23.4475688376	115.7972241537	17.5448846374


23.4688807474	115.9294677580	17.5640022266


23.4901914626	116.0617054618	17.5831189217


23.5115009860	116.1939372786	17.6022347249


23.5328093207	116.3261632217	17.6213496382


23.5541164695	116.4583833043	17.6404636637


23.5754224354	116.5905975396	17.6595768034


23.5967272213	116.7228059408	17.6786890594


23.6180308301	116.8550085210	17.6978004338


23.6393332649	116.9872052933	17.7169109285


23.6606345285	117.1193962707	17.7360205455


23.6819346239	117.2515814661	17.7551292870


23.7032335541	117.3837608924	17.7742371549


23.7245313218	117.5159345624	17.7933441511


23.7458279301	117.6481024889	17.8124502777


23.7671233818	117.7802646845	17.8315555367


23.7884176798	117.9124211618	17.8506599299


23.8097108269	118.0445719334	17.8697634593


23.8310028259	118.1767170119	17.8888661268


23.8522936795	118.3088564097	17.9079679344


23.8735833906	118.4409901392	17.9270688840


23.8948719618	118.5731182129	17.9461689775


23.9161593958	118.7052406431	17.9652682168


23.9374456953	118.8373574422	17.9843666038


23.9587308630	118.9694686227	18.0034641404


23.9800149017	119.1015741968	18.0225608286


24.0012978138	119.2336741768	18.0416566703


24.0225796023	119.3657685752	18.0607516673


24.0438602697	119.4978574041	18.0798458216


24.0651398187	119.6299406758	18.0989391351


24.0864182522	119.7620184025	18.1180316096


24.1076955728	119.8940905963	18.1371232471


24.1289717831	120.0261572692	18.1562140494


24.1502468861	120.1582184333	18.1753040184


24.1715208843	120.2902741005	18.1943931559


24.1927937803	120.4223242826	18.2134814638


24.2140655770	120.5543689915	18.2325689439


24.2353362769	120.6864082389	18.2516555980


24.2566058827	120.8184420366	18.2707414279


24.2778743968	120.9504703962	18.2898264354


24.2991418219	121.0824933294	18.3089106222


24.3204081606	121.2145108477	18.3279939903


24.3416734153	121.3465229628	18.3470765413


24.3629375886	121.4785296861	18.3661582770


24.3842006830	121.6105310293	18.3852391993


24.4054627009	121.7425270039	18.4043193099


24.4267236448	121.8745176213	18.4233986105


24.4479835172	122.0065028930	18.4424771030


24.4692423206	122.1384828306	18.4615547890


24.4905000575	122.2704574453	18.4806316705


24.5117567303	122.4024267487	18.4997077491


24.5330123415	122.5343907522	18.5187830267


24.5542668936	122.6663494669	18.5378575049


24.5755203891	122.7983029044	18.5569311855


24.5967728305	122.9302510758	18.5760040704


24.6180242203	123.0621939923	18.5950761611


24.6392745610	123.1941316651	18.6141474595


24.6605238550	123.3260641054	18.6332179673


24.6817721049	123.4579913241	18.6522876861


24.7030193132	123.5899133324	18.6713566178


24.7242654822	123.7218301411	18.6904247639


24.7455106144	123.8537417611	18.7094921262


24.7667547122	123.9856482033	18.7285587063


24.7879977781	124.1175494786	18.7476245059


24.8092398144	124.2494455976	18.7666895266


24.8304808235	124.3813365711	18.7857537702


24.8517208076	124.5132224099	18.8048172382


24.8729597691	124.6451031246	18.8238799323


24.8941977104	124.7769787259	18.8429418541


24.9154346336	124.9088492245	18.8620030053


24.9366705410	125.0407146310	18.8810633875


24.9579054350	125.1725749560	18.9001230024


24.9791393179	125.3044302102	18.9191818516


25.0003721918	125.4362804042	18.9382399367


25.0216040592	125.5681255485	18.9572972594


25.0428349222	125.6999656537	18.9763538213


25.0640647834	125.8318007303	18.9954096241


25.0852936449	125.9636307888	19.0144646693


25.1065215090	126.0954558394	19.0335189586


25.1277483781	126.2272758927	19.0525724936


25.1489742546	126.3590909588	19.0716252758


25.1701991405	126.4909010480	19.0906773068


25.1914230383	126.6227061705	19.1097285882


25.2126459501	126.7545063364	19.1287791216


25.2338678782	126.8863015559	19.1478289084


25.2550888248	127.0180918391	19.1668779504


25.2763087921	127.1498771959	19.1859262489


25.2975277822	127.2816576365	19.2049738056


25.3187457973	127.4134331708	19.2240206219


25.3399628396	127.5452038088	19.2430666994


25.3611789111	127.6769695604	19.2621120397


25.3823940140	127.8087304357	19.2811566442


25.4036081504	127.9404864446	19.3002005145


25.4248213225	128.0722375970	19.3192436522


25.4460335323	128.2039839028	19.3382860587


25.4672447819	128.3357253719	19.3573277356


25.4884550735	128.4674620142	19.3763686843


25.5096644092	128.5991938394	19.3954089066


25.5308727911	128.7309208575	19.4144484037


25.5520802214	128.8626430782	19.4334871773


25.5732867022	128.9943605112	19.4525252289


25.5944922355	129.1260731662	19.4715625599


25.6156968237	129.2577810529	19.4905991719


25.6369004687	129.3894841809	19.5096350663


25.6581031727	129.5211825599	19.5286702447


25.6793049378	129.6528761992	19.5477047084


25.7005057661	129.7845651085	19.5667384590


25.7217056597	129.9162492971	19.5857714979


25.7429046206	130.0479287745	19.6048038265


25.7641026510	130.1796035500	19.6238354463


25.7852997528	130.3112736329	19.6428663587


25.8064959280	130.4429390327	19.6618965651


25.8276911787	130.5745997585	19.6809260670


25.8488855068	130.7062558196	19.6999548658


25.8700789142	130.8379072254	19.7189829629


25.8912714031	130.9695539850	19.7380103598


25.9124629752	131.1011961076	19.7570370578


25.9336536326	131.2328336027	19.7760630583


25.9548433772	131.3644664793	19.7950883629


25.9760322110	131.4960947466	19.8141129728


25.9972201359	131.6277184139	19.8331368896


26.0184071541	131.7593374902	19.8521601147


26.0395932673	131.8909519847	19.8711826493


26.0607784777	132.0225619064	19.8902044951


26.0819627871	132.1541672645	19.9092256532


26.1031461977	132.2857680677	19.9282461252


26.1243287113	132.4173643252	19.9472659124


26.1455103299	132.5489560458	19.9662850162


26.1666910555	132.6805432383	19.9853034378


26.1878708899	132.8121259116	20.0043211788


26.2090498351	132.9437040744	20.0233382403


26.2302278930	133.0752777356	20.0423546238


26.2514050655	133.2068469038	20.0613703306


26.2725813543	133.3384115879	20.0803853621


26.2937567615	133.4699717964	20.0993997195


26.3149312887	133.6015275382	20.1184134042


26.3361049379	133.7330788218	20.1374264175


26.3572777108	133.8646256560	20.1564387608


26.3784496094	133.9961680493	20.1754504354


26.3996206353	134.1277060105	20.1944614426


26.4207907905	134.2592395481	20.2134717837


26.4419600767	134.3907686708	20.2324814601


26.4631284959	134.5222933872	20.2514904730


26.4842960497	134.6538137057	20.2704988239


26.5054627401	134.7853296351	20.2895065140


26.5266285689	134.9168411837	20.3085135447


26.5477935378	135.0483483600	20.3275199172


26.5689576489	135.1798511726	20.3465256328


26.5901209038	135.3113496298	20.3655306929


26.6112833044	135.4428437401	20.3845350987


26.6324448526	135.5743335117	20.4035388516


26.6536055501	135.7058189529	20.4225419527


26.6747653988	135.8373000721	20.4415444034


26.6959244004	135.9687768775	20.4605462050


26.7170825568	136.1002493773	20.4795473586


26.7382398697	136.2317175797	20.4985478656


26.7593963409	136.3631814927	20.5175477271


26.7805519721	136.4946411246	20.5365469445


26.8017067649	136.6260964834	20.5555455190


26.8228607212	136.7575475773	20.5745434517


26.8440138427	136.8889944143	20.5935407440


26.8651661309	137.0204370026	20.6125373971


26.8863175876	137.1518753501	20.6315334122


26.9074682145	137.2833094650	20.6505287906


26.9286180134	137.4147393553	20.6695235335


26.9497669858	137.5461650291	20.6885176421


26.9709151335	137.6775864943	20.7075111177


26.9920624583	137.8090037590	20.7265039615


27.0132089617	137.9404168310	20.7454961747


27.0343546457	138.0718257184	20.7644877585


27.0554995118	138.2032304291	20.7834787142


27.0766435618	138.3346309708	20.8024690430


27.0977867973	138.4660273513	20.8214587461


27.1189292202	138.5974195786	20.8404478245


27.1400708319	138.7288076602	20.8594362797


27.1612116343	138.8601916040	20.8784241126


27.1823516290	138.9915714176	20.8974113245


27.2034908175	139.1229471087	20.9163979166


27.2246292016	139.2543186850	20.9353838900


27.2457667828	139.3856861540	20.9543692460


27.2669035627	139.5170495235	20.9733539855


27.2880395430	139.6484088010	20.9923381099


27.3091747252	139.7797639941	21.0113216203


27.3303091109	139.9111151104	21.0303045179


27.3514427017	140.0424621576	21.0492868037


27.3725754991	140.1738051431	21.0682684791


27.3937075048	140.3051440745	21.0872495450


27.4148387204	140.4364789594	21.1062300027


27.4359691473	140.5678098052	21.1252098534


27.4570987872	140.6991366196	21.1441890982


27.4782276418	140.8304594099	21.1631677382


27.4993557124	140.9617781837	21.1821457747


27.5204830009	141.0930929484	21.2011232086


27.5416095088	141.2244037113	21.2201000413


27.5627352375	141.3557104799	21.2390762737


27.5838601889	141.4870132616	21.2580519071


27.6049843643	141.6183120636	21.2770269426


27.6261077655	141.7496068932	21.2960013813


27.6472303939	141.8808977577	21.3149752242


27.6683522512	142.0121846643	21.3339484726


27.6894733388	142.1434676202	21.3529211274


27.7105936583	142.2747466327	21.3718931899


27.7317132113	142.4060217087	21.3908646610


27.7528319992	142.5372928556	21.4098355419


27.7739500235	142.6685600803	21.4288058337


27.7950672857	142.7998233901	21.4477755374


27.8161837873	142.9310827921	21.4667446541


27.8372995298	143.0623382932	21.4857131850


27.8584145146	143.1935899008	21.5046811311


27.8795287432	143.3248376217	21.5236484935


27.9006422170	143.4560814631	21.5426152732


27.9217549377	143.5873214321	21.5615814714


27.9428669066	143.7185575357	21.5805470892


27.9639781252	143.8497897809	21.5995121276


27.9850885951	143.9810181747	21.6184765877


28.0061983177	144.1122427241	21.6374404705


28.0273072946	144.2434634361	21.6564037772


28.0484155271	144.3746803174	21.6753665087


28.0695230168	144.5058933750	21.6943286662


28.0906297653	144.6371026157	21.7132902507


28.1117357738	144.7683080464	21.7322512632


28.1328410439	144.8995096739	21.7512117047


28.1539455770	145.0307075048	21.7701715764


28.1750493745	145.1619015461	21.7891308791


28.1961524379	145.2930918043	21.8080896140


28.2172547685	145.4242782863	21.8270477821


28.2383563678	145.5554609987	21.8460053844


28.2594572371	145.6866399483	21.8649624218


28.2805573779	145.8178151418	21.8839188956


28.3016567914	145.9489865857	21.9028748065


28.3227554791	146.0801542869	21.9218301558


28.3438534425	146.2113182520	21.9407849443


28.3649506827	146.3424784877	21.9597391732


28.3860472013	146.4736350005	21.9786928434


28.4071429996	146.6047877971	21.9976459560


28.4282380790	146.7359368842	22.0165985119


28.4493324408	146.8670822683	22.0355505122


28.4704260866	146.9982239560	22.0545019579


28.4915190176	147.1293619538	22.0734528499


28.5126112352	147.2604962684	22.0924031894


28.5337027409	147.3916269062	22.1113529773


28.5547935361	147.5227538737	22.1303022146


28.5758836220	147.6538771773	22.1492509022


28.5969730001	147.7849968235	22.1681990412


28.6180616718	147.9161128186	22.1871466325


28.6391496384	148.0472251691	22.2060936771


28.6602369013	148.1783338814	22.2250401761


28.6813234617	148.3094389616	22.2439861302


28.7024093211	148.4405404163	22.2629315406


28.7234944808	148.5716382516	22.2818764081


28.7445789419	148.7027324738	22.3008207337


28.7656627060	148.8338230894	22.3197645184


28.7867457741	148.9649101044	22.3387077632


28.8078281477	149.0959935253	22.3576504689


28.8289098280	149.2270733582	22.3765926366


28.8499908164	149.3581496095	22.3955342673


28.8710711140	149.4892222854	22.4144753617


28.8921507222	149.6202913921	22.4334159210


28.9132296424	149.7513569358	22.4523559461


28.9343078758	149.8824189228	22.4712954379


28.9553854237	150.0134773593	22.4902343974


28.9764622874	150.1445322513	22.5091728255


28.9975384683	150.2755836050	22.5281107232


29.0186139676	150.4066314266	22.5470480913


29.0396887866	150.5376757221	22.5659849308


29.0607629267	150.6687164975	22.5849212427


29.0818363890	150.7997537589	22.6038570279


29.1029091750	150.9307875123	22.6227922872


29.1239812857	151.0618177636	22.6417270215


29.1450527225	151.1928445190	22.6606612319


29.1661234867	151.3238677843	22.6795949191


29.1871935794	151.4548875654	22.6985280842


29.2082630018	151.5859038684	22.7174607280


29.2293317553	151.7169166992	22.7363928513


29.2503998409	151.8479260637	22.7553244552


29.2714672600	151.9789319678	22.7742555405


29.2925340138	152.1099344174	22.7931861081


29.3136001033	152.2409334185	22.8121161589


29.3346655299	152.3719289769	22.8310456938


29.3557302948	152.5029210985	22.8499747138


29.3767943992	152.6339097893	22.8689032196


29.3978578443	152.7648950550	22.8878312123


29.4189206313	152.8958769015	22.9067586927


29.4399827614	153.0268553346	22.9256856617


29.4610442359	153.1578303602	22.9446121202


29.4821050560	153.2888019840	22.9635380690


29.5031652228	153.4197702118	22.9824635091


29.5242247377	153.5507350494	23.0013884414


29.5452836018	153.6816965024	23.0203128666


29.5663418164	153.8126545766	23.0392367857


29.5873993826	153.9436092777	23.0581601996


29.6084563017	154.0745606113	23.0770831091


29.6295125747	154.2055085830	23.0960055150


29.6505682030	154.3364531984	23.1149274183


29.6716231876	154.4673944633	23.1338488197


29.6926775297	154.5983323831	23.1527697201


29.7137312305	154.7292669635	23.1716901205


29.7347842911	154.8601982100	23.1906100215


29.7558367127	154.9911261283	23.2095294241


29.7768884963	155.1220507238	23.2284483291


29.7979396431	155.2529720022	23.2473667374


29.8189901543	155.3838899691	23.2662846497


29.8400400310	155.5148046299	23.2852020671


29.8610892744	155.6457159902	23.3041189902


29.8821378855	155.7766240556	23.3230354200


29.9031858656	155.9075288315	23.3419513573


29.9242332157	156.0384303234	23.3608668030


29.9452799372	156.1693285369	23.3797817578


29.9663260310	156.3002234773	23.3986962226


29.9873714983	156.4311151501	23.4176101982


30.0084163403	156.5620035606	23.4365236854


30.0294605582	156.6928887143	23.4554366852


30.0505041529	156.8237706165	23.4743491982


30.0715471257	156.9546492726	23.4932612253


30.0925894777	157.0855246878	23.5121727673


30.1136312100	157.2163968676	23.5310838250


30.1346723236	157.3472658171	23.5499943992


30.1557128196	157.4781315418	23.5689044908


30.1767526992	157.6089940469	23.5878141004


30.1977919633	157.7398533377	23.6067232290


30.2188306132	157.8707094194	23.6256318773


30.2398686498	158.0015622974	23.6445400461


30.2609060741	158.1324119769	23.6634477363


30.2819428874	158.2632584631	23.6823549486


30.3029790906	158.3941017614	23.7012616838


30.3240146849	158.5249418768	23.7201679427


30.3450496712	158.6557788148	23.7390737262


30.3660840507	158.7866125804	23.7579790350


30.3871178245	158.9174431789	23.7768838699


30.4081509936	159.0482706155	23.7957882317


30.4291835591	159.1790948954	23.8146921212


30.4502155220	159.3099160236	23.8335955392


30.4712468835	159.4407340055	23.8524984865


30.4922776447	159.5715488459	23.8714009638


30.5133078065	159.7023605502	23.8903029720


30.5343373701	159.8331691232	23.9092045117


30.5553663366	159.9639745702	23.9281055838


30.5763947069	160.0947768961	23.9470061891


30.5974224822	160.2255761060	23.9659063283


30.6184496634	160.3563722049	23.9848060021


30.6394762516	160.4871651977	24.0037052113


30.6605022479	160.6179550896	24.0226039568


30.6815276531	160.7487418853	24.0415022391


30.7025524685	160.8795255901	24.0604000591


30.7235766948	161.0103062087	24.0792974176


30.7446003332	161.1410837462	24.0981943153


30.7656233847	161.2718582076	24.1170907529


30.7866458503	161.4026295978	24.1359867313


30.8076677309	161.5333979217	24.1548822511


30.8286890276	161.6641631844	24.1737773131


30.8497097415	161.7949253907	24.1926719181


30.8707298734	161.9256845456	24.2115660669


30.8917494246	162.0564406539	24.2304597601


30.9127683959	162.1871937206	24.2493529985


30.9337867883	162.3179437504	24.2682457829


30.9548046030	162.4486907483	24.2871381139


30.9758218409	162.5794347190	24.3060299924


30.9968385030	162.7101756673	24.3249214190


31.0178545903	162.8409135981	24.3438123945


31.0388701038	162.9716485162	24.3627029196


31.0598850445	163.1023804262	24.3815929950


31.0808994133	163.2331093329	24.4004826215


31.1019132113	163.3638352411	24.4193717997


31.1229264393	163.4945581555	24.4382605304


31.1439390983	163.6252780809	24.4571488143


31.1649511894	163.7559950219	24.4760366521


31.1859627134	163.8867089833	24.4949240445


31.2069736713	164.0174199698	24.5138109923


31.2279840641	164.1481279861	24.5326974961


31.2489938926	164.2788330369	24.5515835567


31.2700031579	164.4095351268	24.5704691748


31.2910118609	164.5402342607	24.5893543511


31.3120200025	164.6709304431	24.6082390863


31.3330275837	164.8016236786	24.6271233811


31.3540346055	164.9323139721	24.6460072362


31.3750410688	165.0630013281	24.6648906524


31.3960469745	165.1936857512	24.6837736303


31.4170523237	165.3243672460	24.7026561707


31.4380571172	165.4550458172	24.7215382742


31.4590613561	165.5857214692	24.7404199415


31.4800650413	165.7163942068	24.7593011734


31.5010681737	165.8470640344	24.7781819706


31.5220707543	165.9777309565	24.7970623336


31.5430727840	166.1083949777	24.8159422632


31.5640742637	166.2390561024	24.8348217601


31.5850751943	166.3697143353	24.8537008250


31.6060755769	166.5003696806	24.8725794585


31.6270754122	166.6310221429	24.8914576614


31.6480747012	166.7616717267	24.9103354342


31.6690734447	166.8923184365	24.9292127777


31.6900716438	167.0229622766	24.9480896925


31.7110692991	167.1536032516	24.9669661793


31.7320664118	167.2842413658	24.9858422389


31.7530629826	167.4148766238	25.0047178718


31.7740590125	167.5455090300	25.0235930788


31.7950545023	167.6761385888	25.0424678604


31.8160494530	167.8067653046	25.0613422175


31.8370438654	167.9373891818	25.0802161507


31.8580377406	168.0680102249	25.0990896606


31.8790310793	168.1986284381	25.1179627478


31.9000238825	168.3292438259	25.1368354132


31.9210161511	168.4598563925	25.1557076572


31.9420078860	168.5904661423	25.1745794807


31.9629990881	168.7210730797	25.1934508841


31.9839897582	168.8516772088	25.2123218682


32.0049798973	168.9822785340	25.2311924337


32.0259695061	169.1128770596	25.2500625811


32.0469585857	169.2434727899	25.2689323112


32.0679471368	169.3740657289	25.2878016245


32.0889351603	169.5046558812	25.3066705217


32.1099226570	169.6352432508	25.3255390034


32.1309096279	169.7658278420	25.3444070703


32.1518960737	169.8964096590	25.3632747231


32.1728819953	170.0269887061	25.3821419623


32.1938673936	170.1575649876	25.4010087887


32.2148522693	170.2881385075	25.4198752027


32.2358366234	170.4187092702	25.4387412052


32.2568204566	170.5492772798	25.4576067967


32.2778037699	170.6798425405	25.4764719779


32.2987865641	170.8104050566	25.4953367494


32.3197688400	170.9409648321	25.5142011118


32.3407505985	171.0715218713	25.5330650658


32.3617318405	171.2020761784	25.5519286120


32.3827125667	171.3326277574	25.5707917510


32.4036927781	171.4631766124	25.5896544835


32.4246724754	171.5937227477	25.6085168101


32.4456516597	171.7242661673	25.6273787314


32.4666303316	171.8548068753	25.6462402480


32.4876084920	171.9853448757	25.6651013606


32.5085861418	172.1158801726	25.6839620697


32.5295632817	172.2464127701	25.7028223760


32.5505399127	172.3769426721	25.7216822801


32.5715160355	172.5074698828	25.7405417826


32.5924916509	172.6379944061	25.7594008841


32.6134667597	172.7685162461	25.7782595851


32.6344413628	172.8990354068	25.7971178864


32.6554154609	173.0295518921	25.8159757886


32.6763890548	173.1600657061	25.8348332921


32.6973621454	173.2905768528	25.8536903977


32.7183347334	173.4210853361	25.8725471059


32.7393068197	173.5515911602	25.8914034174


32.7602784050	173.6820943289	25.9102593327


32.7812494901	173.8125948463	25.9291148525


32.8022200760	173.9430927163	25.9479699774


32.8231901633	174.0735879428	25.9668247079


32.8441597529	174.2040805297	25.9856790447


32.8651288455	174.3345704811	26.0045329883


32.8860974421	174.4650578008	26.0233865394


32.9070655434	174.5955424926	26.0422396985


32.9280331502	174.7260245606	26.0610924662


32.9490002632	174.8565040084	26.0799448431


32.9699668833	174.9869808401	26.0987968298


32.9909330113	175.1174550594	26.1176484269


33.0118986479	175.2479266702	26.1364996349


33.0328637939	175.3783956763	26.1553504545


33.0538284500	175.5088620815	26.1742008861


33.0747926171	175.6393258898	26.1930509305


33.0957562959	175.7697871048	26.2119005881


33.1167194871	175.9002457304	26.2307498595


33.1376821915	176.0307017704	26.2495987453


