0	0.30001	1.50000	7.00000	1.80001	7.30001	5.50000
1	0.29760	1.48795	6.99846	1.78554	7.29436	5.52169
2	0.29484	1.47415	6.99567	1.76899	7.28370	5.56630
3	0.29177	1.45879	6.99165	1.75055	7.26799	5.63336
4	0.28842	1.44205	6.98640	1.73047	7.24727	5.72187
5	0.28484	1.42419	6.97992	1.70903	7.22160	5.83033
6	0.28110	1.40546	6.97224	1.68656	7.19110	5.95680
7	0.27724	1.38618	6.96335	1.66342	7.15596	6.09890
8	0.27334	1.36669	6.95327	1.64003	7.11643	6.25391
9	0.26948	1.34737	6.94200	1.61685	7.07285	6.41882
10	0.26573	1.32863	6.92955	1.59436	7.02564	6.59037
11	0.26218	1.31091	6.91592	1.57309	6.97533	6.76511
12	0.25893	1.29463	6.90112	1.55356	6.92254	6.93949
13	0.25605	1.28025	6.88513	1.53630	6.86799	7.10989
14	0.25363	1.26816	6.86795	1.52180	6.81249	7.27273
15	0.25175	1.25875	6.84957	1.51050	6.75688	7.42456
16	0.25046	1.25230	6.82998	1.50276	6.70206	7.56216
17	0.24980	1.24903	6.80917	1.49883	6.64889	7.68267
18	0.24980	1.24905	6.78713	1.49886	6.59816	7.78364
19	0.25047	1.25236	6.76384	1.50283	6.55058	7.86317
20	0.25176	1.25885	6.73929	1.51062	6.50669	7.91993
21	0.25365	1.26831	6.71347	1.52196	6.46687	7.95315
22	0.25608	1.28042	6.68635	1.53650	6.43131	7.96262
23	0.25896	1.29483	6.65794	1.55379	6.40001	7.94864
24	0.26222	1.31113	6.62823	1.57335	6.37284	7.91192
25	0.26577	1.32887	6.59720	1.59464	6.34949	7.85351
26	0.26952	1.34762	6.56485	1.61714	6.32957	7.77471
27	0.27338	1.36694	6.53117	1.64032	6.31259	7.67700
28	0.27728	1.38643	6.49617	1.66371	6.29803	7.56193
29	0.28114	1.40571	6.45984	1.68684	6.28533	7.43115
30	0.28488	1.42443	6.42217	1.70931	6.27393	7.28628
31	0.28845	1.44228	6.38317	1.73073	6.26328	7.12896
32	0.29180	1.45900	6.34283	1.75079	6.25286	6.96080
33	0.29487	1.47434	6.30115	1.76921	6.24215	6.78334
34	0.29762	1.48812	6.25812	1.78574	6.23068	6.59815
35	0.30003	1.50015	6.21375	1.80018	6.21802	6.40675
36	0.30206	1.51030	6.16802	1.81236	6.20374	6.21064
37	0.30369	1.51845	6.12091	1.82214	6.18748	6.01136
38	0.30491	1.52452	6.07243	1.82943	6.16886	5.81046
39	0.30569	1.52845	6.02254	1.83415	6.14757	5.60954
40	0.30604	1.53020	5.97123	1.83625	6.12328	5.41029
41	0.30595	1.52975	5.91848	1.83570	6.09571	5.21447
42	0.30542	1.52710	5.86425	1.83253	6.06457	5.02398
43	0.30446	1.52229	5.80851	1.82675	6.02960	4.84081
44	0.30308	1.51535	5.75121	1.81842	5.99054	4.66710
45	0.30128	1.50636	5.69232	1.80764	5.94714	4.50511
46	0.29909	1.49543	5.63178	1.79452	5.89916	4.35717
47	0.29654	1.48266	5.56954	1.77920	5.84638	4.22564
48	0.29365	1.46822	5.50555	1.76187	5.78859	4.11277
49	0.29046	1.45228	5.43977	1.74275	5.72560	4.02062
50	0.28702	1.43507	5.37213	1.72209	5.65722	3.95089
51	0.28337	1.41683	5.30261	1.70020	5.58334	3.90471
52	0.27957	1.39784	5.23117	1.67741	5.50385	3.88252
53	0.27569	1.37843	5.15779	1.65412	5.41871	3.88397
54	0.27180	1.35896	5.08247	1.63076	5.32794	3.90782
55	0.26797	1.33982	5.00521	1.60779	5.23161	3.95204
56	0.26429	1.32144	4.92601	1.58573	5.12988	4.01384
57	0.26085	1.30423	4.84489	1.56508	5.02299	4.08987
58	0.25774	1.28866	4.76185	1.54640	4.91126	4.17636
59	0.25503	1.27514	4.67690	1.53017	4.79509	4.26933
60	0.25282	1.26408	4.59004	1.51690	4.67499	4.36475
61	0.25116	1.25581	4.50126	1.50697	4.55151	4.45868
62	0.25012	1.25061	4.41054	1.50073	4.42527	4.54745
63	0.24973	1.24864	4.31784	1.49837	4.29692	4.62775
64	0.24999	1.24998	4.22313	1.49997	4.16712	4.69674
65	0.25091	1.25457	4.12633	1.50548	4.03649	4.75211
66	0.25245	1.26227	4.02739	1.51472	3.90555	4.79213
67	0.25456	1.27282	3.92621	1.52738	3.77478	4.81562
68	0.25718	1.28590	3.82272	1.54307	3.64451	4.82196
69	0.26022	1.30111	3.71680	1.56133	3.51493	4.81100
70	0.26360	1.31803	3.60836	1.58164	3.38613	4.78301
71	0.26724	1.33623	3.49729	1.60347	3.25805	4.73864
72	0.27105	1.35526	3.38348	1.62630	3.13052	4.67877
73	0.27493	1.37469	3.26681	1.64963	3.00328	4.60453
74	0.27882	1.39414	3.14721	1.67297	2.87600	4.51719
75	0.28264	1.41324	3.02458	1.69588	2.74829	4.41814
76	0.28633	1.43165	2.89889	1.71797	2.61971	4.30889
77	0.28981	1.44908	2.77011	1.73889	2.48983	4.19103
78	0.29305	1.46528	2.63829	1.75833	2.35822	4.06622
79	0.29600	1.48002	2.50358	1.77602	2.22451	3.93622
80	0.29862	1.49312	2.36622	1.79174	2.08841	3.80290
81	0.30088	1.50442	2.22668	1.80530	1.94980	3.66823
82	0.30275	1.51379	2.08565	1.81654	1.80877	3.53429
83	0.30422	1.52112	1.94425	1.82534	1.66586	3.40320
84	0.30527	1.52635	1.80415	1.83162	1.52225	3.27708
85	0.30588	1.52942	1.66784	1.83530	1.38025	3.15780
86	0.30606	1.53029	1.53885	1.83635	1.24392	3.04662
87	0.30579	1.52896	1.42204	1.83476	1.12013	2.94363
88	0.30509	1.52545	1.32349	1.83054	1.01932	2.84729
89	0.30396	1.51978	1.25003	1.82374	0.95480	2.75480
90	0.30240	1.51202	1.20814	1.81443	0.93807	2.66482
91	0.30045	1.50225	1.20246	1.80270	0.97156	2.58146
92	0.29811	1.49057	1.23346	1.78868	1.04645	2.51384
93	0.29542	1.47712	1.29634	1.77254	1.14849	2.47106
94	0.29241	1.46206	1.38300	1.75447	1.26470	2.45844
95	0.28912	1.44559	1.48504	1.73470	1.38588	2.47717
96	0.28559	1.42793	1.59553	1.71352	1.50621	2.52541
97	0.28187	1.40936	1.70940	1.69123	1.62224	2.59951
98	0.27803	1.39016	1.82313	1.66819	1.73202	2.69486
99	0.27414	1.37068	1.93435	1.64482	1.83453	2.80666
100	0.27026	1.35130	2.04149	1.62156	1.92932	2.93019
101	0.26648	1.33241	2.14353	1.59889	2.01636	3.06105
102	0.26289	1.31444	2.23977	1.57732	2.09587	3.19523
103	0.25956	1.29783	2.32978	1.55740	2.16822	3.32906
104	0.25660	1.28302	2.41328	1.53963	2.23395	3.45925
105	0.25409	1.27044	2.49011	1.52452	2.29365	3.58282
106	0.25209	1.26045	2.56017	1.51254	2.34795	3.69716
107	0.25067	1.25337	2.62343	1.50404	2.39748	3.79999
108	0.24988	1.24944	2.67990	1.49933	2.44284	3.88939
109	0.24975	1.24878	2.72964	1.49854	2.48454	3.96387
110	0.25028	1.25143	2.77270	1.50171	2.52299	4.02236
111	0.25145	1.25728	2.80919	1.50873	2.55847	4.06419
112	0.25323	1.26615	2.83922	1.51937	2.59113	4.08913
113	0.25555	1.27775	2.86291	1.53329	2.62102	4.09732
114	0.25834	1.29172	2.88040	1.55006	2.64805	4.08924
115	0.26153	1.30766	2.89185	1.56919	2.67206	4.06563
116	0.26503	1.32515	2.89739	1.59017	2.69282	4.02744
117	0.26874	1.34372	2.89718	1.61247	2.71006	3.97577
118	0.27259	1.36296	2.89138	1.63555	2.72351	3.91181
119	0.27649	1.38245	2.88014	1.65894	2.73289	3.83681
120	0.28036	1.40180	2.86360	1.68216	2.73795	3.75200
121	0.28413	1.42066	2.84190	1.70479	2.73843	3.65864
122	0.28774	1.43871	2.81520	1.72645	2.73413	3.55793
123	0.29114	1.45568	2.78362	1.74682	2.72487	3.45103
124	0.29426	1.47133	2.74731	1.76559	2.71052	3.33907
125	0.29709	1.48544	2.70638	1.78252	2.69096	3.22313
126	0.29957	1.49784	2.66098	1.79740	2.66612	3.10426
127	0.30168	1.50838	2.61124	1.81006	2.63594	2.98347
128	0.30339	1.51695	2.55730	1.82034	2.60041	2.86174
129	0.30469	1.52346	2.49931	1.82815	2.55955	2.74005
130	0.30557	1.52783	2.43742	1.83340	2.51341	2.61935
131	0.30601	1.53003	2.37182	1.83603	2.46208	2.50063
132	0.30601	1.53003	2.30272	1.83603	2.40569	2.38487
133	0.30557	1.52783	2.23037	1.83339	2.34442	2.27310
134	0.30469	1.52345	2.15507	1.82814	2.27851	2.16635
135	0.30339	1.51694	2.07721	1.82033	2.20830	2.06574
136	0.30168	1.50837	1.99725	1.81005	2.13419	1.97241
137	0.29957	1.49782	1.91580	1.79739	2.05676	1.88752
138	0.29709	1.48542	1.83364	1.78251	1.97671	1.81230
139	0.29426	1.47131	1.75176	1.76557	1.89497	1.74792
140	0.29113	1.45566	1.67144	1.74680	1.81274	1.69554
141	0.28774	1.43869	1.59427	1.72643	1.73155	1.65614
142	0.28413	1.42064	1.52225	1.70477	1.65328	1.63053
143	0.28036	1.40178	1.45773	1.68213	1.58026	1.61917
144	0.27649	1.38243	1.40341	1.65891	1.51522	1.62209
145	0.27259	1.36294	1.36213	1.63553	1.46123	1.63879
146	0.26874	1.34370	1.33656	1.61244	1.42144	1.66812
147	0.26503	1.32512	1.32874	1.59015	1.39873	1.70830
148	0.26153	1.30764	1.33970	1.56917	1.39527	1.75696
149	0.25834	1.29170	1.36921	1.55004	1.41206	1.81136
150	0.25555	1.27773	1.41584	1.53327	1.44880	1.86858
151	0.25323	1.26613	1.47733	1.51936	1.50399	1.92584
152	0.25145	1.25727	1.55102	1.50872	1.57533	1.98058
153	0.25028	1.25142	1.63422	1.50170	1.66012	2.03062
154	0.24976	1.24878	1.72445	1.49853	1.75566	2.07417
155	0.24989	1.24944	1.81959	1.49932	1.85943	2.10982
156	0.25067	1.25337	1.91784	1.50405	1.96921	2.13656
157	0.25209	1.26045	2.01776	1.51254	2.08307	2.15378
158	0.25409	1.27044	2.11816	1.52453	2.19935	2.16121
159	0.25661	1.28303	2.21809	1.53964	2.31662	2.15899
160	0.25957	1.29784	2.31674	1.55741	2.43365	2.14755
161	0.26289	1.31445	2.41347	1.57734	2.54934	2.12761
162	0.26649	1.33242	2.50769	1.59891	2.66274	2.10018
163	0.27026	1.35131	2.59891	1.62158	2.77297	2.06650
164	0.27414	1.37070	2.68666	1.64484	2.87926	2.02803
165	0.27804	1.39017	2.77053	1.66821	2.98088	1.98643
166	0.28188	1.40937	2.85009	1.69124	3.07716	1.94354
167	0.28559	1.42794	2.92497	1.71353	3.16748	1.90137
168	0.28912	1.44560	2.99479	1.73472	3.25125	1.86206
169	0.29242	1.46207	3.05919	1.75449	3.32795	1.82779
170	0.29543	1.47713	3.11785	1.77255	3.39710	1.80075
171	0.29812	1.49058	3.17049	1.78869	3.45830	1.78298
172	0.30045	1.50225	3.21690	1.80271	3.51124	1.77626
173	0.30241	1.51203	3.25697	1.81444	3.55571	1.78195
174	0.30396	1.51979	3.29068	1.82375	3.59166	1.80089
175	0.30509	1.52545	3.31812	1.83055	3.61913	1.83336
176	0.30580	1.52896	3.33945	1.83476	3.63829	1.87906
177	0.30606	1.53029	3.35493	1.83635	3.64940	1.93722
178	0.30589	1.52941	3.36486	1.83530	3.65278	2.00668
179	0.30527	1.52635	3.36956	1.83162	3.64878	2.08606
180	0.30423	1.52112	3.36937	1.82534	3.63777	2.17385
181	0.30276	1.51378	3.36459	1.81654	3.62012	2.26851
182	0.30088	1.50441	3.35550	1.80529	3.59618	2.36855
183	0.29862	1.49311	3.34237	1.79173	3.56625	2.47251
184	0.29600	1.48001	3.32540	1.77601	3.53063	2.57905
185	0.29306	1.46527	3.30477	1.75832	3.48960	2.68686
186	0.28982	1.44907	3.28063	1.73888	3.44339	2.79472
187	0.28633	1.43163	3.25308	1.71796	3.39224	2.90144
188	0.28265	1.41322	3.22220	1.69587	3.33638	3.00586
189	0.27883	1.39413	3.18803	1.67295	3.27601	3.10683
190	0.27494	1.37468	3.15058	1.64962	3.21136	3.20318
191	0.27105	1.35524	3.10982	1.62629	3.14266	3.29374
192	0.26724	1.33622	3.06571	1.60346	3.07012	3.37730
193	0.26360	1.31802	3.01817	1.58163	2.99400	3.45264
194	0.26022	1.30110	2.96708	1.56132	2.91455	3.51853
195	0.25718	1.28589	2.91231	1.54307	2.83202	3.57379
196	0.25456	1.27281	2.85368	1.52738	2.74666	3.61726
197	0.25245	1.26226	2.79100	1.51472	2.65868	3.64790
198	0.25091	1.25457	2.72402	1.50548	2.56825	3.66483
199	0.24999	1.24998	2.65250	1.49997	2.47548	3.66737
200	0.24973	1.24864	2.57614	1.49837	2.38035	3.65509
201	0.25012	1.25061	2.49464	1.50074	2.28275	3.62788
202	0.25116	1.25582	2.40765	1.50698	2.18240	3.58593
203	0.25282	1.26409	2.31484	1.51691	2.07891	3.52977
204	0.25503	1.27516	2.21585	1.53019	1.97171	3.46021
205	0.25773	1.28868	2.11031	1.54641	1.86011	3.37838
206	0.26085	1.30425	1.99791	1.56510	1.74333	3.28559
207	0.26429	1.32146	1.87834	1.58575	1.62055	3.18333
208	0.26797	1.33985	1.75142	1.60781	1.49096	3.07313
209	0.27179	1.35898	1.61712	1.63078	1.35402	2.95630
210	0.27569	1.37845	1.47573	1.65414	1.20975	2.83363
211	0.27957	1.39786	1.32808	1.67743	1.05957	2.70448
212	0.28337	1.41685	1.17589	1.70022	0.90829	2.56523
213	0.28702	1.43509	1.02246	1.72211	0.76851	2.40642
214	0.29046	1.45231	0.87417	1.74277	0.66772	2.21062
215	0.29365	1.46824	0.74700	1.76189	0.64365	1.96558
216	0.29654	1.48268	0.67670	1.77922	0.70633	1.70029
217	0.29909	1.49545	0.68708	1.79453	0.82374	1.45718
218	0.30128	1.50638	0.75931	1.80766	0.96149	1.24902
219	0.30307	1.51537	0.86348	1.81844	1.10274	1.07191
220	0.30446	1.52230	0.98179	1.82676	1.24258	0.91886
221	0.30542	1.52712	1.10790	1.83254	1.38188	0.78440
222	0.30595	1.52976	1.24187	1.83572	1.52430	0.66658
223	0.30604	1.53021	1.38638	1.83626	1.67441	0.56922
224	0.30569	1.52846	1.54274	1.83416	1.83460	0.50493
225	0.30491	1.52453	1.70542	1.82944	1.99985	0.49286
226	0.30369	1.51846	1.86362	1.82215	2.15921	0.54255
227	0.30206	1.51030	2.01455	1.81236	2.30972	0.64321
228	0.30003	1.50015	2.16299	1.80018	2.45631	0.77753
229	0.29763	1.48812	2.31348	1.78574	2.60377	0.93404
230	0.29487	1.47434	2.46831	1.76921	2.75455	1.10735
231	0.29180	1.45899	2.62822	1.75080	2.90934	1.29550
232	0.28846	1.44227	2.79309	1.73073	3.06790	1.49811
233	0.28489	1.42442	2.96247	1.70930	3.22953	1.71547
234	0.28114	1.40570	3.13575	1.68684	3.39334	1.94804
235	0.27729	1.38642	3.31231	1.66370	3.55842	2.19619
236	0.27339	1.36693	3.49158	1.64032	3.72390	2.46007
237	0.26952	1.34760	3.67304	1.61712	3.88901	2.73952
238	0.26577	1.32885	3.85624	1.59462	4.05309	3.03400
239	0.26222	1.31111	4.04079	1.57333	4.21564	3.34255
240	0.25896	1.29481	4.22635	1.55377	4.37631	3.66382
241	0.25608	1.28040	4.41263	1.53648	4.53491	3.99602
242	0.25366	1.26828	4.59938	1.52194	4.69142	4.33696
243	0.25177	1.25883	4.78642	1.51059	4.84602	4.68411
244	0.25047	1.25234	4.97355	1.50281	4.99903	5.03468
245	0.24981	1.24903	5.16064	1.49883	5.15092	5.38566
246	0.24980	1.24901	5.34755	1.49881	5.30229	5.73404
247	0.25045	1.25228	5.53420	1.50273	5.45379	6.07681
248	0.25174	1.25873	5.72050	1.51047	5.60612	6.41118
249	0.25363	1.26815	5.90638	1.52178	5.75998	6.73461
250	0.25604	1.28024	6.09178	1.53628	5.91600	7.04491
251	0.25892	1.29463	6.27668	1.55354	6.07474	7.34027
252	0.26217	1.31090	6.46103	1.57308	6.23664	7.61928
253	0.26572	1.32863	6.64481	1.59435	6.40205	7.88089
254	0.26947	1.34737	6.82801	1.61684	6.57120	8.12442
255	0.27333	1.36670	7.01063	1.64003	6.74421	8.34949
256	0.27723	1.38619	7.19265	1.66342	6.92108	8.55599
257	0.28109	1.40547	7.37409	1.68656	7.10177	8.74403
258	0.28483	1.42420	7.55493	1.70903	7.28614	8.91390
259	0.28841	1.44207	7.73520	1.73047	7.47399	9.06603
260	0.29175	1.45880	7.91489	1.75056	7.66510	9.20101
261	0.29483	1.47417	8.09402	1.76900	7.85919	9.31950
262	0.29759	1.48796	8.27259	1.78555	8.05597	9.42228
263	0.30000	1.50002	8.45063	1.80002	8.25512	9.51023
264	0.30203	1.51019	8.62813	1.81222	8.45632	9.58430
265	0.30367	1.51837	8.80511	1.82204	8.65922	9.64555
266	0.30489	1.52447	8.98158	1.82936	8.86349	9.69514
267	0.30568	1.52843	9.15756	1.83411	9.06876	9.73434
268	0.30604	1.53020	9.33304	1.83624	9.27468	9.76457
269	0.30595	1.52978	9.50805	1.83573	9.48087	9.78738
270	0.30543	1.52716	9.68259	1.83259	9.68697	9.80447
271	0.30447	1.52237	9.85666	1.82684	9.89259	9.81774
272	0.30309	1.51545	10.03028	1.81855	10.09735	9.82924
273	0.30130	1.50649	10.20346	1.80779	10.30085	9.84127
274	0.29912	1.49558	10.37620	1.79470	10.50269	9.85628
275	0.29657	1.48283	10.54851	1.77940	10.70245	9.87696
276	0.29369	1.46841	10.72040	1.76209	10.89971	9.90613
277	0.29051	1.45248	10.89186	1.74299	11.09406	9.94679
278	0.28707	1.43528	11.06292	1.72235	11.28505	10.00201
279	0.28342	1.41705	11.23357	1.70047	11.47229	10.07485
280	0.27962	1.39806	11.40382	1.67769	11.65535	10.16828
281	0.27574	1.37866	11.57367	1.65440	11.83385	10.28506
282	0.27185	1.35918	11.74315	1.63103	12.00744	10.42756
283	0.26802	1.34004	11.91224	1.60806	12.17584	10.59764
284	0.26434	1.32163	12.08096	1.58597	12.33882	10.79648
285	0.26090	1.30441	12.24932	1.56531	12.49625	11.02442
286	0.25778	1.28881	12.41733	1.54659	12.64813	11.28091
287	0.25507	1.27527	12.58498	1.53033	12.79459	11.56441
288	0.25285	1.26417	12.75229	1.51702	12.93593	11.87242
289	0.25118	1.25587	12.91927	1.50705	13.07259	12.20151
290	0.25013	1.25063	13.08592	1.50076	13.20519	12.54755
291	0.24973	1.24862	13.25225	1.49835	13.33451	12.90580
292	0.24999	1.24992	13.41826	1.49990	13.46142	13.27126
293	0.25089	1.25447	13.58396	1.50537	13.58689	13.63883
294	0.25243	1.26214	13.74936	1.51456	13.71191	14.00361
295	0.25453	1.27266	13.91446	1.52719	13.83748	14.36110
296	0.25714	1.28571	14.07927	1.54285	13.96450	14.70730
297	0.26017	1.30091	14.24379	1.56108	14.09382	15.03888
298	0.26355	1.31782	14.40802	1.58137	14.22613	15.35313
299	0.26719	1.33600	14.57198	1.60319	14.36203	15.64801
300	0.27099	1.35503	14.73566	1.62602	14.50194	15.92207
301	0.27488	1.37446	14.89906	1.64934	14.64617	16.17438
302	0.27877	1.39392	15.06220	1.67268	14.79491	16.40448
303	0.28259	1.41302	15.22508	1.69560	14.94823	16.61229
304	0.28627	1.43144	15.38769	1.71771	15.10612	16.79803
305	0.28976	1.44889	15.55006	1.73865	15.26848	16.96217
306	0.29300	1.46510	15.71217	1.75811	15.43514	17.10540
307	0.29596	1.47987	15.87404	1.77582	15.60588	17.22857
308	0.29858	1.49299	16.03566	1.79157	15.78044	17.33264
309	0.30085	1.50431	16.19705	1.80515	15.95852	17.41872
310	0.30273	1.51370	16.35820	1.81643	16.13980	17.48801
311	0.30420	1.52106	16.51912	1.82526	16.32392	17.54181
312	0.30525	1.52631	16.67981	1.83157	16.51052	17.58153
313	0.30587	1.52941	16.84029	1.83528	16.69920	17.60866
314	0.30605	1.53030	17.00054	1.83636	16.88958	17.62482
315	0.30579	1.52900	17.16057	1.83480	17.08123	17.63176
316	0.30510	1.52551	17.32040	1.83061	17.27373	17.63134
317	0.30397	1.51987	17.48001	1.82384	17.46665	17.62558
318	0.30243	1.51213	17.63942	1.81455	17.65954	17.61666
319	0.30048	1.50237	17.79863	1.80285	17.85193	17.60690
320	0.29815	1.49071	17.95764	1.78886	18.04335	17.59883
321	0.29546	1.47728	18.11645	1.77274	18.23331	17.59513
322	0.29246	1.46223	18.27506	1.75469	18.42132	17.59862
323	0.28917	1.44577	18.43348	1.73494	18.60688	17.61228
324	0.28564	1.42813	18.59172	1.71377	18.78948	17.63919
325	0.28193	1.40956	18.74976	1.69149	18.96861	17.68245
326	0.27809	1.39036	18.90762	1.66846	19.14379	17.74515
327	0.27420	1.37088	19.06530	1.64508	19.31455	17.83020
328	0.27032	1.35149	19.22280	1.62181	19.48045	17.94029
329	0.26654	1.33259	19.38013	1.59913	19.64113	18.07765
330	0.26294	1.31460	19.53727	1.57755	19.79629	18.24398
331	0.25962	1.29798	19.69425	1.55759	19.94575	18.44021
332	0.25665	1.28314	19.85105	1.53980	20.08945	18.66644
333	0.25413	1.27053	20.00769	1.52465	20.22748	18.92176
334	0.25212	1.26051	20.16416	1.51263	20.36010	19.20424
335	0.25070	1.25340	20.32047	1.50409	20.48776	19.51094
336	0.24990	1.24943	20.47661	1.49933	20.61108	19.83801
337	0.24976	1.24874	20.63260	1.49849	20.73082	20.18088
338	0.25027	1.25134	20.78843	1.50162	20.84789	20.53450
339	0.25143	1.25716	20.94411	1.50860	20.96327	20.89359
340	0.25320	1.26600	21.09963	1.51920	21.07799	21.25294
341	0.25551	1.27758	21.25501	1.53308	21.19305	21.60761
342	0.25830	1.29153	21.41023	1.54982	21.30940	21.95318
343	0.26148	1.30746	21.56531	1.56894	21.42790	22.28580
344	0.26497	1.32493	21.72024	1.58990	21.54929	22.60234
345	0.26868	1.34350	21.87503	1.61218	21.67417	22.90029
346	0.27253	1.36274	22.02967	1.63527	21.80303	23.17782
347	0.27642	1.38223	22.18418	1.65865	21.93622	23.43367
348	0.28029	1.40159	22.33854	1.68188	22.07394	23.66709
349	0.28407	1.42046	22.49277	1.70452	22.21633	23.87777
350	0.28768	1.43853	22.64686	1.72620	22.36341	24.06576
351	0.29108	1.45551	22.80082	1.74659	22.51512	24.23140
352	0.29421	1.47117	22.95465	1.76538	22.67133	24.37527
353	0.29703	1.48530	23.10834	1.78234	22.83185	24.49817
354	0.29952	1.49772	23.26191	1.79725	22.99646	24.60105
355	0.30163	1.50829	23.41535	1.80993	23.16488	24.68500
356	0.30336	1.51689	23.56866	1.82024	23.33681	24.75124
357	0.30466	1.52341	23.72185	1.82808	23.51193	24.80110
358	0.30554	1.52781	23.87491	1.83336	23.68986	24.83602
359	0.30599	1.53003	24.02785	1.83602	23.87025	24.85757
360	0.30600	1.53005	24.18067	1.83605	24.05268	24.86741
361	0.30557	1.52788	24.33337	1.83344	24.23676	24.86733
362	0.30470	1.52352	24.48596	1.82822	24.42205	24.85928
363	0.30340	1.51704	24.63842	1.82044	24.60809	24.84530
364	0.30170	1.50848	24.79078	1.81018	24.79444	24.82764
365	0.29959	1.49795	24.94301	1.79755	24.98061	24.80866
366	0.29712	1.48557	25.09514	1.78269	25.16610	24.79092
367	0.29430	1.47147	25.24715	1.76578	25.35039	24.77712
368	0.29118	1.45584	25.39906	1.74702	25.53298	24.77012
369	0.28779	1.43887	25.55085	1.72667	25.71330	24.77293
370	0.28419	1.42083	25.70253	1.70501	25.89083	24.78862
371	0.28042	1.40197	25.85411	1.68239	26.06503	24.82035
372	0.27655	1.38262	26.00558	1.65917	26.23535	24.87121
373	0.27265	1.36313	26.15695	1.63578	26.40129	24.94420
374	0.26881	1.34388	26.30821	1.61268	26.56239	25.04205
375	0.26509	1.32529	26.45937	1.59038	26.71824	25.16712
376	0.26159	1.30779	26.61043	1.56938	26.86852	25.32121
377	0.25840	1.29183	26.76139	1.55022	27.01302	25.50540
378	0.25560	1.27783	26.91225	1.53342	27.15167	25.71994
379	0.25327	1.26620	27.06300	1.51947	27.28456	25.96409
380	0.25149	1.25731	27.21366	1.50879	27.41195	26.23607
381	0.25031	1.25142	27.36423	1.50173	27.53431	26.53307
382	0.24977	1.24875	27.51470	1.49852	27.65225	26.85136
383	0.24989	1.24938	27.66507	1.49926	27.76658	27.18644
384	0.25066	1.25328	27.81535	1.50394	27.87822	27.53327
385	0.25207	1.26033	27.96553	1.51240	27.98814	27.88659
386	0.25406	1.27030	28.11563	1.52436	28.09738	28.24113
387	0.25657	1.28287	28.26563	1.53943	28.20696	28.59191
388	0.25952	1.29766	28.41554	1.55718	28.31780	28.93439
389	0.26283	1.31426	28.56536	1.57709	28.43077	29.26463
390	0.26642	1.33222	28.71510	1.59864	28.54661	29.57934
391	0.27020	1.35111	28.86474	1.62131	28.66591	29.87592
392	0.27407	1.37050	29.01430	1.64457	28.78915	30.15239
393	0.27796	1.38998	29.16378	1.66794	28.91669	30.40737
394	0.28180	1.40918	29.31316	1.69099	29.04877	30.63998
395	0.28552	1.42777	29.46247	1.71329	29.18550	30.84982
396	0.28905	1.44544	29.61168	1.73449	29.32693	31.03683
397	0.29235	1.46192	29.76082	1.75427	29.47301	31.20128
398	0.29537	1.47700	29.90987	1.77237	29.62365	31.34371
399	0.29806	1.49047	30.05884	1.78853	29.77866	31.46483
400	0.30040	1.50217	30.20773	1.80257	29.93785	31.56559
401	0.30236	1.51196	30.35654	1.81432	30.10095	31.64705
402	0.30392	1.51974	30.50527	1.82366	30.26768	31.71041
403	0.30506	1.52543	30.65392	1.83049	30.43771	31.75702
404	0.30577	1.52896	30.80249	1.83473	30.61072	31.78834
405	0.30604	1.53031	30.95099	1.83635	30.78632	31.80592
406	0.30587	1.52945	31.09941	1.83533	30.96413	31.81147
407	0.30527	1.52641	31.24775	1.83167	31.14374	31.80682
408	0.30423	1.52120	31.39601	1.82543	31.32473	31.79392
409	0.30277	1.51388	31.54421	1.81665	31.50664	31.77488
410	0.30090	1.50452	31.69232	1.80543	31.68899	31.75196
411	0.29865	1.49324	31.84037	1.79189	31.87131	31.72758
412	0.29604	1.48015	31.98834	1.77619	32.05309	31.70431
413	0.29310	1.46542	32.13624	1.75852	32.23378	31.68491
414	0.28986	1.44923	32.28407	1.73909	32.41286	31.67227
415	0.28638	1.43180	32.43182	1.71818	32.58975	31.66942
416	0.28270	1.41340	32.57951	1.69610	32.76391	31.67948
417	0.27889	1.39430	32.72713	1.67319	32.93475	31.70562
418	0.27500	1.37485	32.87467	1.64985	33.10172	31.75099
419	0.27112	1.35541	33.02215	1.62652	33.26430	31.81860
420	0.26731	1.33637	33.16956	1.60368	33.42200	31.91121
421	0.26367	1.31816	33.31690	1.58183	33.57439	32.03118
422	0.26028	1.30122	33.46418	1.56150	33.72115	32.18034
423	0.25724	1.28599	33.61139	1.54322	33.86206	32.35978
424	0.25462	1.27289	33.75853	1.52750	33.99706	32.56974
425	0.25250	1.26231	33.90561	1.51481	34.12625	32.80947
426	0.25095	1.25458	34.05262	1.50553	34.24993	33.07717
427	0.25002	1.24996	34.19957	1.49998	34.36857	33.37002
428	0.24974	1.24860	34.34645	1.49834	34.48283	33.68427
429	0.25012	1.25054	34.49327	1.50066	34.59351	34.01541
430	0.25115	1.25572	34.64003	1.50687	34.70157	34.35842
431	0.25280	1.26396	34.78672	1.51676	34.80799	34.70802
432	0.25500	1.27501	34.93335	1.53001	34.91380	35.05899
433	0.25769	1.28851	35.07992	1.54620	35.02000	35.40636
434	0.26080	1.30408	35.22643	1.56487	35.12753	35.74561
435	0.26423	1.32127	35.37288	1.58550	35.23722	36.07282
436	0.26790	1.33966	35.51927	1.60756	35.34978	36.38470
437	0.27173	1.35879	35.66560	1.63052	35.46581	36.67864
438	0.27562	1.37827	35.81187	1.65389	35.58578	36.95262
439	0.27950	1.39768	35.95808	1.67718	35.71003	37.20525
440	0.28330	1.41668	36.10424	1.69997	35.83879	37.43561
441	0.28694	1.43493	36.25033	1.72188	35.97219	37.64324
442	0.29039	1.45216	36.39637	1.74255	36.11027	37.82806
443	0.29358	1.46811	36.54235	1.76169	36.25300	37.99028
444	0.29647	1.48257	36.68827	1.77904	36.40028	38.13039
445	0.29903	1.49535	36.83414	1.79438	36.55196	38.24912
446	0.30122	1.50631	36.97995	1.80753	36.70783	38.34734
447	0.30302	1.51531	37.12571	1.81834	36.86764	38.42611
448	0.30442	1.52227	37.27141	1.82669	37.03113	38.48664
449	0.30539	1.52710	37.41706	1.83249	37.19799	38.53026
450	0.30592	1.52977	37.56265	1.83569	37.36787	38.55842
451	0.30602	1.53024	37.70819	1.83626	37.54043	38.57270
452	0.30568	1.52851	37.85368	1.83419	37.71527	38.57482
453	0.30490	1.52459	37.99911	1.82950	37.89199	38.56662
454	0.30370	1.51853	38.14449	1.82223	38.07016	38.55009
455	0.30207	1.51039	38.28982	1.81247	38.24933	38.52737
456	0.30005	1.50026	38.43509	1.80031	38.42902	38.50074
457	0.29765	1.48824	38.58032	1.78589	38.60874	38.47265
458	0.29490	1.47448	38.72549	1.76938	38.78797	38.44575
459	0.29184	1.45914	38.87061	1.75098	38.96616	38.42280
460	0.28851	1.44243	39.01568	1.73093	39.14276	38.40675
461	0.28494	1.42457	39.16070	1.70952	39.31719	38.40066
462	0.28120	1.40586	39.30568	1.68706	39.48887	38.40771
463	0.27735	1.38658	39.45060	1.66393	39.65722	38.43110
464	0.27346	1.36708	39.59547	1.64054	39.82166	38.47399
465	0.26959	1.34775	39.74030	1.61734	39.98164	38.53941
466	0.26584	1.32899	39.88507	1.59484	40.13668	38.63012
467	0.26229	1.31123	40.02980	1.57353	40.28634	38.74848
468	0.25903	1.29492	40.17448	1.55395	40.43030	38.89627
469	0.25614	1.28049	40.31911	1.53663	40.56834	39.07453
470	0.25371	1.26835	40.46370	1.52206	40.70044	39.28342
471	0.25182	1.25887	40.60823	1.51069	40.82670	39.52208
472	0.25051	1.25235	40.75273	1.50286	40.94747	39.78864
473	0.24984	1.24902	40.89717	1.49885	41.06323	40.08016
474	0.24982	1.24897	41.04157	1.49879	41.17469	40.39283
475	0.25046	1.25222	41.18593	1.50268	41.28268	40.72208
476	0.25174	1.25864	41.33023	1.51038	41.38814	41.06287
477	0.25361	1.26804	41.47450	1.52165	41.49210	41.40995
478	0.25602	1.28011	41.61872	1.53613	41.59555	41.75814
479	0.25888	1.29448	41.76289	1.55337	41.69951	42.10252
480	0.26213	1.31075	41.90702	1.57288	41.80487	42.43866
481	0.26567	1.32847	42.05111	1.59414	41.91245	42.76269
482	0.26941	1.34721	42.19515	1.61662	42.02294	43.07139
483	0.27327	1.36653	42.33915	1.63980	42.13693	43.36219
484	0.27716	1.38603	42.48311	1.66319	42.25486	43.63311
485	0.28102	1.40532	42.62702	1.68634	42.37705	43.88275
486	0.28476	1.42406	42.77089	1.70882	42.50374	44.11021
487	0.28834	1.44194	42.91472	1.73027	42.63505	44.31501
488	0.29169	1.45868	43.05851	1.75037	42.77102	44.49705
489	0.29476	1.47407	43.20225	1.76883	42.91161	44.65653
490	0.29752	1.48788	43.34596	1.78540	43.05674	44.79393
491	0.29994	1.49995	43.48962	1.79989	43.20626	44.90993
492	0.30198	1.51014	43.63324	1.81212	43.35996	45.00541
493	0.30362	1.51834	43.77682	1.82196	43.51762	45.08141
494	0.30485	1.52446	43.92036	1.82930	43.67897	45.13912
495	0.30565	1.52843	44.06386	1.83408	43.84370	45.17986
496	0.30601	1.53022	44.20732	1.83624	44.01149	45.20510
497	0.30593	1.52982	44.35074	1.83575	44.18198	45.21642
498	0.30542	1.52721	44.49413	1.83263	44.35480	45.21555
499	0.30447	1.52244	44.63747	1.82691	44.52952	45.20435
500	0.30310	1.51554	44.78077	1.81864	44.70574	45.18483
501	0.30131	1.50660	44.92403	1.80791	44.88298	45.15916
502	0.29914	1.49569	45.06726	1.79483	45.06078	45.12965
503	0.29660	1.48296	45.21045	1.77956	45.23863	45.09881
504	0.29372	1.46855	45.35360	1.76227	45.41600	45.06930
505	0.29055	1.45264	45.49671	1.74318	45.59233	45.04395
506	0.28711	1.43544	45.63978	1.72255	45.76706	45.02575
507	0.28347	1.41721	45.78282	1.70068	45.93959	45.01781
508	0.27968	1.39823	45.92582	1.67791	46.10934	45.02334
509	0.27581	1.37882	46.06878	1.65462	46.27569	45.04558
510	0.27191	1.35934	46.21171	1.63126	46.43807	45.08771
511	0.26809	1.34019	46.35460	1.60827	46.59592	45.15278
512	0.26441	1.32177	46.49745	1.58618	46.74874	45.24354
513	0.26096	1.30454	46.64027	1.56550	46.89609	45.36230
514	0.25784	1.28892	46.78305	1.54676	47.03767	45.51077
515	0.25512	1.27535	46.92579	1.53048	47.17328	45.68989
516	0.25290	1.26423	47.06850	1.51713	47.30291	45.89970
517	0.25123	1.25590	47.21118	1.50713	47.42671	46.13922
518	0.25017	1.25063	47.35382	1.50080	47.54504	46.40639
519	0.24976	1.24860	47.49642	1.49835	47.65845	46.69818
520	0.25000	1.24987	47.63899	1.49987	47.76765	47.01064
521	0.25090	1.25440	47.78152	1.50530	47.87351	47.33915
522	0.25242	1.26204	47.92403	1.51446	47.97699	47.67865
523	0.25451	1.27254	48.06649	1.52705	48.07911	48.02389
524	0.25711	1.28558	48.20893	1.54269	48.18087	48.36976
525	0.26014	1.30076	48.35132	1.56089	48.28324	48.71143
526	0.26351	1.31766	48.49369	1.58116	48.38713	49.04456
527	0.26714	1.33584	48.63602	1.60297	48.49331	49.36538
528	0.27093	1.35486	48.77832	1.62579	48.60246	49.67076
529	0.27482	1.37430	48.92059	1.64911	48.71513	49.95818
530	0.27870	1.39376	49.06282	1.67246	48.83175	50.22574
531	0.28252	1.41287	49.20502	1.69539	48.95263	50.47208
532	0.28620	1.43130	49.34719	1.71750	49.07799	50.69630
533	0.28969	1.44876	49.48933	1.73845	49.20794	50.89795
534	0.29294	1.46499	49.63143	1.75793	49.34253	51.07691
535	0.29589	1.47977	49.77350	1.77566	49.48173	51.23340
536	0.29852	1.49291	49.91554	1.79143	49.62543	51.36786
537	0.30079	1.50424	50.05755	1.80503	49.77350	51.48097
538	0.30268	1.51365	50.19953	1.81633	49.92575	51.57360
539	0.30415	1.52103	50.34148	1.82519	50.08194	51.64677
540	0.30521	1.52630	50.48339	1.83152	50.24182	51.70166
541	0.30584	1.52941	50.62528	1.83525	50.40508	51.73961
542	0.30603	1.53033	50.76713	1.83636	50.57141	51.76206
543	0.30578	1.52905	50.90895	1.83482	50.74045	51.77062
544	0.30509	1.52558	51.05074	1.83066	50.91183	51.76702
545	0.30397	1.51995	51.19251	1.82392	51.08513	51.75314
546	0.30243	1.51223	51.33424	1.81465	51.25993	51.73102
547	0.30049	1.50249	51.47594	1.80298	51.43577	51.70285
548	0.29817	1.49084	51.61761	1.78901	51.61216	51.67099
549	0.29549	1.47742	51.75926	1.77291	51.78860	51.63797
550	0.29249	1.46238	51.90087	1.75487	51.96454	51.60651
551	0.28921	1.44593	52.04245	1.73514	52.13943	51.57949
552	0.28569	1.42829	52.18401	1.71398	52.31267	51.55993
553	0.28198	1.40972	52.32553	1.69170	52.48367	51.55102
554	0.27815	1.39053	52.46703	1.66868	52.65182	51.55599
555	0.27426	1.37105	52.60850	1.64531	52.81650	51.57812
556	0.27038	1.35165	52.74994	1.62203	52.97711	51.62063
557	0.26661	1.33274	52.89135	1.59934	53.13311	51.68655
558	0.26301	1.31474	53.03273	1.57775	53.28397	51.77861
559	0.25968	1.29809	53.17409	1.55778	53.42929	51.89905
560	0.25671	1.28324	53.31541	1.53995	53.56876	52.04951
561	0.25418	1.27060	53.45671	1.52479	53.70221	52.23080
562	0.25217	1.26056	53.59798	1.51273	53.82965	52.44280
563	0.25074	1.25342	53.73923	1.50415	53.95129	52.68433
564	0.24993	1.24942	53.88044	1.49935	54.06751	52.95321
565	0.24978	1.24870	54.02163	1.49848	54.17890	53.24621
566	0.25029	1.25128	54.16280	1.50157	54.28622	53.55928
567	0.25144	1.25708	54.30393	1.50851	54.39034	53.88772
568	0.25319	1.26589	54.44504	1.51908	54.49225	54.22643
569	0.25549	1.27745	54.58612	1.53294	54.59295	54.57023
570	0.25827	1.29138	54.72717	1.54965	54.69345	54.91405
571	0.26144	1.30730	54.86820	1.56874	54.79469	55.25316
572	0.26493	1.32477	55.00920	1.58969	54.89756	55.58334
573	0.26863	1.34334	55.15018	1.61197	55.00280	55.90094
574	0.27247	1.36257	55.29113	1.63504	55.11107	56.20291
575	0.27636	1.38207	55.43205	1.65843	55.22289	56.48684
576	0.28023	1.40143	55.57295	1.68166	55.33867	56.75089
577	0.28400	1.42031	55.71382	1.70431	55.45872	56.99375
578	0.28761	1.43839	55.85466	1.72600	55.58323	57.21455
579	0.29101	1.45539	55.99548	1.74640	55.71231	57.41287
580	0.29415	1.47106	56.13628	1.76521	55.84600	57.58860
581	0.29698	1.48521	56.27705	1.78219	55.98427	57.74194
582	0.29946	1.49765	56.41779	1.79711	56.12702	57.87333
583	0.30158	1.50823	56.55851	1.80982	56.27411	57.98346
584	0.30331	1.51685	56.69921	1.82015	56.42536	58.07317
585	0.30462	1.52339	56.83988	1.82801	56.58054	58.14349
586	0.30551	1.52781	56.98052	1.83332	56.73939	58.19558
587	0.30596	1.53005	57.12114	1.83601	56.90163	58.23078
588	0.30597	1.53009	57.26174	1.83606	57.06692	58.25054
589	0.30555	1.52793	57.40231	1.83348	57.23491	58.25646
590	0.30469	1.52360	57.54286	1.82828	57.40525	58.25031
591	0.30340	1.51713	57.68338	1.82053	57.57750	58.23396
592	0.30170	1.50859	57.82388	1.81029	57.75125	58.20949
593	0.29961	1.49807	57.96436	1.79768	57.92603	58.17912
594	0.29714	1.48570	58.10481	1.78284	58.10135	58.14525
595	0.29433	1.47162	58.24524	1.76595	58.27669	58.11045
596	0.29121	1.45599	58.38564	1.74721	58.45150	58.07749
597	0.28783	1.43904	58.52602	1.72687	58.62521	58.04929
598	0.28423	1.42099	58.66638	1.70522	58.79723	58.02895
599	0.28047	1.40214	58.80672	1.68261	58.96694	58.01968
600	0.27661	1.38279	58.94703	1.65939	59.13370	58.02478
601	0.27271	1.36329	59.08732	1.63600	59.29691	58.04756
602	0.26887	1.34404	59.22758	1.61290	59.45596	58.09124
603	0.26515	1.32543	59.36783	1.59059	59.61029	58.15886
604	0.26165	1.30792	59.50805	1.56957	59.75938	58.25310
605	0.25846	1.29194	59.64824	1.55039	59.90284	58.37615
606	0.25565	1.27792	59.78842	1.53357	60.04037	58.52950
607	0.25332	1.26627	59.92857	1.51959	60.17185	58.71384
608	0.25153	1.25734	60.06870	1.50888	60.29731	58.92884
609	0.25035	1.25143	60.20881	1.50178	60.41699	59.17317
610	0.24980	1.24873	60.34890	1.49853	60.53134	59.44442
611	0.24991	1.24933	60.48896	1.49924	60.64096	59.73922
612	0.25068	1.25321	60.62900	1.50388	60.74665	60.05337
613	0.25207	1.26023	60.76903	1.51230	60.84932	60.38211
614	0.25405	1.27018	60.90902	1.52423	60.94994	60.72034
615	0.25655	1.28273	61.04900	1.53927	61.04953	61.06290
616	0.25949	1.29751	61.18896	1.55700	61.14907	61.40480
617	0.26280	1.31409	61.32889	1.57689	61.24951	61.74144
618	0.26638	1.33205	61.46880	1.59843	61.35167	62.06870
619	0.27015	1.35094	61.60870	1.62108	61.45629	62.38306
620	0.27402	1.37033	61.74857	1.64434	61.56400	62.68158
621	0.27791	1.38981	61.88842	1.66772	61.67530	62.96196
622	0.28174	1.40903	62.02825	1.69077	61.79057	63.22241
623	0.28546	1.42762	62.16805	1.71308	61.91011	63.46169
624	0.28899	1.44530	62.30784	1.73429	62.03409	63.67898
625	0.29229	1.46180	62.44761	1.75409	62.16263	63.87387
626	0.29530	1.47690	62.58735	1.77220	62.29575	64.04626
627	0.29800	1.49038	62.72708	1.78838	62.43341	64.19637
628	0.30035	1.50210	62.86678	1.80244	62.57554	64.32463
629	0.30231	1.51191	63.00647	1.81422	62.72198	64.43172
630	0.30387	1.51971	63.14613	1.82358	62.87255	64.51848
631	0.30502	1.52542	63.28577	1.83044	63.02703	64.58593
632	0.30573	1.52897	63.42540	1.83470	63.18517	64.63524
633	0.30601	1.53034	63.56500	1.83635	63.34667	64.66772
634	0.30585	1.52950	63.70459	1.83535	63.51121	64.68485
635	0.30525	1.52647	63.84415	1.83172	63.67846	64.68823
636	0.30422	1.52128	63.98369	1.82550	63.84802	64.67963
637	0.30277	1.51397	64.12322	1.81674	64.01950	64.66097
638	0.30091	1.50464	64.26272	1.80555	64.19245	64.63434
639	0.29866	1.49337	64.40221	1.79203	64.36642	64.60198
640	0.29606	1.48029	64.54168	1.77635	64.54089	64.56635
641	0.29312	1.46557	64.68112	1.75869	64.71535	64.53006
642	0.28990	1.44939	64.82055	1.73929	64.88924	64.49593
643	0.28642	1.43197	64.95996	1.71839	65.06198	64.46694
644	0.28275	1.41357	65.09935	1.69632	65.23294	64.44623
645	0.27894	1.39447	65.23872	1.67341	65.40151	64.43708
646	0.27506	1.37502	65.37807	1.65008	65.56706	64.44283
647	0.27118	1.35557	65.51740	1.62675	65.72894	64.46682
648	0.26737	1.33652	65.65672	1.60390	65.88655	64.51229
649	0.26373	1.31830	65.79601	1.58204	66.03932	64.58226
650	0.26035	1.30134	65.93529	1.56169	66.18676	64.67935
651	0.25730	1.28609	66.07455	1.54339	66.32848	64.80567
652	0.25467	1.27297	66.21379	1.52764	66.46420	64.96258
653	0.25255	1.26236	66.35301	1.51491	66.59384	65.15058
654	0.25099	1.25461	66.49221	1.50560	66.71746	65.36918
655	0.25006	1.24996	66.63139	1.50002	66.83535	65.61680
656	0.24977	1.24857	66.77056	1.49834	66.94799	65.89085
657	0.25014	1.25048	66.90971	1.50062	67.05604	66.18779
658	0.25116	1.25563	67.04884	1.50679	67.16031	66.50330
659	0.25279	1.26385	67.18795	1.51665	67.26173	66.83255
660	0.25499	1.27488	67.32704	1.52987	67.36130	67.17043
661	0.25767	1.28836	67.46612	1.54604	67.46001	67.51184
662	0.26077	1.30392	67.60518	1.56468	67.55883	67.85189
663	0.26419	1.32110	67.74422	1.58530	67.65868	68.18608
664	0.26786	1.33948	67.88324	1.60734	67.76037	68.51042
665	0.27168	1.35862	68.02225	1.63030	67.86461	68.82153
666	0.27556	1.37810	68.16124	1.65366	67.97199	69.11658
667	0.27944	1.39752	68.30021	1.67696	68.08299	69.39336
668	0.28323	1.41652	68.43916	1.69976	68.19799	69.65017
669	0.28688	1.43479	68.57810	1.72167	68.31725	69.88582
670	0.29033	1.45203	68.71702	1.74236	68.44094	70.09954
671	0.29352	1.46800	68.85592	1.76152	68.56916	70.29094
672	0.29641	1.48247	68.99480	1.77889	68.70194	70.45995
673	0.29897	1.49527	69.13367	1.79425	68.83925	70.60678
674	0.30117	1.50625	69.27252	1.80741	68.98097	70.73188
675	0.30298	1.51527	69.41135	1.81824	69.12699	70.83590
676	0.30437	1.52224	69.55017	1.82662	69.27712	70.91969
677	0.30535	1.52710	69.68897	1.83245	69.43113	70.98427
678	0.30589	1.52978	69.82776	1.83567	69.58877	71.03080
679	0.30599	1.53027	69.96652	1.83627	69.74976	71.06060
680	0.30566	1.52856	70.10527	1.83422	69.91378	71.07514
681	0.30489	1.52467	70.24401	1.82955	70.08048	71.07605
682	0.30369	1.51862	70.38272	1.82231	70.24948	71.06509
683	0.30207	1.51050	70.52143	1.81257	70.42037	71.04422
684	0.30006	1.50038	70.66011	1.80044	70.59272	71.01555
685	0.29767	1.48837	70.79878	1.78604	70.76604	70.98138
686	0.29493	1.47462	70.93743	1.76955	70.93985	70.94417
687	0.29187	1.45929	71.07607	1.75116	71.11359	70.90662
688	0.28854	1.44259	71.21469	1.73113	71.28670	70.87158
689	0.28498	1.42475	71.35329	1.70973	71.45859	70.84209
690	0.28125	1.40603	71.49188	1.68728	71.62863	70.82137
691	0.27740	1.38675	71.63045	1.66415	71.79618	70.81272
692	0.27351	1.36725	71.76901	1.64076	71.96060	70.81955
693	0.26965	1.34791	71.90755	1.61756	72.12125	70.84522
694	0.26590	1.32914	72.04608	1.59505	72.27751	70.89297
695	0.26235	1.31137	72.18459	1.57372	72.42882	70.96580
696	0.25909	1.29504	72.32308	1.55413	72.57469	71.06628
697	0.25620	1.28058	72.46156	1.53678	72.71474	71.19639
698	0.25377	1.26842	72.60002	1.52219	72.84875	71.35735
699	0.25187	1.25891	72.73847	1.51078	72.97663	71.54948
700	0.25055	1.25237	72.87690	1.50292	73.09853	71.77205
701	0.24987	1.24900	73.01532	1.49887	73.21475	72.02330
702	0.24985	1.24893	73.15372	1.49877	73.32583	72.30042
703	0.25048	1.25214	73.29210	1.50262	73.43245	72.59969
704	0.25175	1.25855	73.43048	1.51029	73.53547	72.91670
705	0.25361	1.26792	73.56883	1.52153	73.63583	73.24654
706	0.25600	1.27997	73.70717	1.53597	73.73451	73.58413
707	0.25886	1.29433	73.84550	1.55319	73.83252	73.92441
708	0.26210	1.31059	73.98381	1.57268	73.93080	74.26261
709	0.26563	1.32830	74.12211	1.59393	74.03025	74.59434
710	0.26936	1.34704	74.26039	1.61640	74.13164	74.91577
711	0.27322	1.36636	74.39865	1.63958	74.23567	75.22360
712	0.27711	1.38586	74.53691	1.66297	74.34290	75.51517
713	0.28096	1.40516	74.67514	1.68612	74.45378	75.78832
714	0.28470	1.42391	74.81337	1.70861	74.56867	76.04147
715	0.28828	1.44180	74.95157	1.73007	74.68782	76.27347
716	0.29163	1.45856	75.08977	1.75019	74.81139	76.48359
717	0.29470	1.47396	75.22795	1.76866	74.93947	76.67148
718	0.29747	1.48778	75.36611	1.78525	75.07209	76.83708
719	0.29989	1.49987	75.50426	1.79976	75.20920	76.98061
720	0.30193	1.51008	75.64240	1.81201	75.35070	77.10252
721	0.30358	1.51830	75.78052	1.82188	75.49647	77.20346
722	0.30481	1.52444	75.91863	1.82925	75.64632	77.28428
723	0.30561	1.52844	76.05672	1.83405	75.80003	77.34599
724	0.30598	1.53025	76.19480	1.83623	75.95735	77.38975
725	0.30591	1.52986	76.33287	1.83577	76.11799	77.41689
726	0.30540	1.52728	76.47092	1.83267	76.28165	77.42888
727	0.30446	1.52252	76.60896	1.82697	76.44796	77.42735
728	0.30309	1.51564	76.74698	1.81873	76.61655	77.41411
729	0.30131	1.50671	76.88499	1.80802	76.78700	77.39112
730	0.29914	1.49582	77.02299	1.79497	76.95888	77.36052
731	0.29661	1.48310	77.16097	1.77972	77.13171	77.32465
732	0.29374	1.46870	77.29894	1.76244	77.30496	77.28603
733	0.29057	1.45280	77.43689	1.74337	77.47810	77.24740
734	0.28715	1.43561	77.57483	1.72276	77.65054	77.21167
735	0.28351	1.41738	77.71276	1.70090	77.82168	77.18194
736	0.27973	1.39840	77.85068	1.67813	77.99089	77.16148
737	0.27586	1.37899	77.98858	1.65485	78.15750	77.15367
738	0.27197	1.35951	78.12646	1.63148	78.32087	77.16194
739	0.26814	1.34035	78.26434	1.60849	78.48034	77.18968
740	0.26447	1.32192	78.40220	1.58639	78.63531	77.24013
741	0.26102	1.30467	78.54005	1.56569	78.78521	77.31626
742	0.25790	1.28903	78.67788	1.54693	78.92956	77.42055
743	0.25518	1.27544	78.81570	1.53062	79.06802	77.55487
744	0.25295	1.26429	78.95351	1.51724	79.20037	77.72026
745	0.25128	1.25593	79.09130	1.50721	79.32659	77.91685
746	0.25021	1.25063	79.22908	1.50084	79.44684	78.14369
747	0.24979	1.24857	79.36685	1.49836	79.56150	78.39878
748	0.25003	1.24981	79.50461	1.49984	79.67113	78.67911
749	0.25091	1.25431	79.64235	1.50523	79.77646	78.98081
750	0.25242	1.26193	79.78008	1.51435	79.87837	79.29934
751	0.25450	1.27241	79.91780	1.52692	79.97780	79.62979
752	0.25709	1.28543	80.05550	1.54252	80.07575	79.96706
753	0.26011	1.30060	80.19319	1.56071	80.17320	80.30620
754	0.26348	1.31749	80.33087	1.58096	80.27109	80.64252
755	0.26710	1.33566	80.46854	1.60276	80.37027	80.97177
756	0.27089	1.35468	80.60619	1.62557	80.47151	81.29025
757	0.27477	1.37412	80.74383	1.64889	80.57547	81.59481
758	0.27865	1.39359	80.88146	1.67224	80.68267	81.88287
759	0.28246	1.41271	81.01907	1.69517	80.79356	82.15240
760	0.28615	1.43115	81.15668	1.71730	80.90847	82.40187
761	0.28963	1.44862	81.29427	1.73826	81.02764	82.63021
762	0.29288	1.46487	81.43185	1.75775	81.15122	82.83673
763	0.29584	1.47966	81.56941	1.77550	81.27929	83.02110
764	0.29847	1.49282	81.70697	1.79129	81.41187	83.18329
765	0.30074	1.50418	81.84451	1.80492	81.54892	83.32350
766	0.30263	1.51361	81.98204	1.81623	81.69033	83.44222
767	0.30411	1.52101	82.11955	1.82511	81.83598	83.54008
768	0.30517	1.52630	82.25706	1.83147	81.98568	83.61792
769	0.30580	1.52943	82.39455	1.83523	82.13922	83.67676
770	0.30600	1.53036	82.53203	1.83636	82.29635	83.71777
771	0.30575	1.52910	82.66950	1.83485	82.45677	83.74226
772	0.30507	1.52565	82.80696	1.83071	82.62019	83.75172
773	0.30396	1.52004	82.94440	1.82399	82.78623	83.74781
774	0.30242	1.51233	83.08183	1.81476	82.95453	83.73233
775	0.30049	1.50261	83.21925	1.80310	83.12466	83.70728
776	0.29817	1.49098	83.35666	1.78915	83.29618	83.67484
777	0.29550	1.47757	83.49406	1.77307	83.46861	83.63738
778	0.29251	1.46254	83.63145	1.75505	83.64141	83.59748
779	0.28924	1.44610	83.76882	1.73533	83.81403	83.55793
780	0.28572	1.42846	83.90618	1.71419	83.98588	83.52169
781	0.28202	1.40990	84.04353	1.69192	84.15635	83.49195
782	0.27819	1.39071	84.18087	1.66890	84.32478	83.47201
783	0.27431	1.37122	84.31820	1.64553	84.49051	83.46532
784	0.27044	1.35182	84.45551	1.62225	84.65287	83.47535
785	0.26666	1.33289	84.59282	1.59956	84.81122	83.50551
786	0.26307	1.31488	84.73011	1.57795	84.96493	83.55903
787	0.25974	1.29822	84.86739	1.55796	85.11345	83.63883
788	0.25677	1.28334	85.00466	1.54011	85.25633	83.74730
789	0.25424	1.27068	85.14192	1.52492	85.39322	83.88616
790	0.25222	1.26061	85.27917	1.51283	85.52397	84.05630
791	0.25078	1.25344	85.41640	1.50422	85.64858	84.25760
792	0.24997	1.24941	85.55363	1.49938	85.76727	84.48889
793	0.24981	1.24866	85.69084	1.49847	85.88046	84.74794
794	0.25031	1.25121	85.82804	1.50152	85.98874	85.03155
795	0.25145	1.25698	85.96523	1.50843	86.09290	85.33568
796	0.25319	1.26577	86.10241	1.51896	86.19381	85.65572
797	0.25548	1.27731	86.23958	1.53279	86.29244	85.98671
798	0.25825	1.29123	86.37674	1.54948	86.38978	86.32362
799	0.26142	1.30714	86.51389	1.56855	86.48680	86.66155
800	0.26489	1.32459	86.65102	1.58948	86.58441	86.99595
801	0.26859	1.34316	86.78815	1.61175	86.68344	87.32268
802	0.27243	1.36240	86.92526	1.63482	86.78464	87.63819
803	0.27631	1.38189	87.06236	1.65821	86.88862	87.93946
804	0.28018	1.40126	87.19945	1.68144	86.99591	88.22401
805	0.28395	1.42015	87.33654	1.70410	87.10691	88.48991
806	0.28756	1.43824	87.47361	1.72580	87.22194	88.73572
807	0.29095	1.45526	87.61067	1.74621	87.34123	88.96040
808	0.29409	1.47095	87.74771	1.76504	87.46492	89.16332
809	0.29692	1.48511	87.88475	1.78203	87.59308	89.34418
810	0.29941	1.49757	88.02178	1.79698	87.72572	89.50294
811	0.30153	1.50817	88.15880	1.80970	87.86280	89.63986
812	0.30326	1.51681	88.29580	1.82007	88.00423	89.75537
813	0.30458	1.52337	88.43280	1.82795	88.14986	89.85015
814	0.30547	1.52781	88.56979	1.83328	88.29952	89.92502
815	0.30593	1.53007	88.70676	1.83600	88.45299	89.98100
816	0.30594	1.53013	88.84373	1.83608	88.61003	90.01925
817	0.30552	1.52799	88.98068	1.83352	88.77034	90.04111
818	0.30467	1.52368	89.11762	1.82835	88.93360	90.04808
819	0.30339	1.51722	89.25456	1.82061	89.09948	90.04180
820	0.30170	1.50870	89.39148	1.81040	89.26758	90.02413
821	0.29961	1.49820	89.52839	1.79781	89.43748	89.99708
822	0.29715	1.48585	89.66529	1.78299	89.60873	89.96287
823	0.29435	1.47177	89.80219	1.76612	89.78082	89.92391
824	0.29124	1.45616	89.93907	1.74739	89.95324	89.88285
825	0.28786	1.43921	90.07594	1.72707	90.12542	89.84252
826	0.28427	1.42117	90.21280	1.70544	90.29674	89.80595
827	0.28051	1.40232	90.34965	1.68283	90.46659	89.77639
828	0.27665	1.38297	90.48649	1.65962	90.63429	89.75721
829	0.27276	1.36346	90.62333	1.63623	90.79917	89.75191
830	0.26892	1.34420	90.76015	1.61312	90.96056	89.76399
831	0.26521	1.32559	90.89696	1.59079	91.11780	89.79689
832	0.26171	1.30806	91.03376	1.56977	91.27028	89.85381
833	0.25852	1.29205	91.17055	1.55057	91.41745	89.93760
834	0.25571	1.27801	91.30733	1.53372	91.55887	90.05056
835	0.25338	1.26633	91.44410	1.51971	91.69424	90.19426
836	0.25158	1.25738	91.58087	1.50896	91.82342	90.36937
837	0.25039	1.25144	91.71762	1.50183	91.94648	90.57555
838	0.24983	1.24871	91.85436	1.49854	92.06367	90.81141
839	0.24994	1.24928	91.99109	1.49921	92.17546	91.07448
840	0.25069	1.25313	92.12781	1.50382	92.28249	91.36136
841	0.25208	1.26013	92.26453	1.51220	92.38557	91.66788
842	0.25405	1.27005	92.40123	1.52410	92.48559	91.98936
843	0.25654	1.28258	92.53792	1.53912	92.58353	92.32082
844	0.25947	1.29734	92.67461	1.55682	92.68036	92.65727
845	0.26277	1.31392	92.81128	1.57669	92.77705	92.99393
846	0.26634	1.33187	92.94795	1.59822	92.87449	93.32633
847	0.27011	1.35076	93.08460	1.62086	92.97347	93.65051
848	0.27397	1.37015	93.22125	1.64412	93.07471	93.96303
849	0.27786	1.38964	93.35788	1.66750	93.17881	94.26098
850	0.28169	1.40886	93.49451	1.69055	93.28626	94.54202
851	0.28540	1.42747	93.63113	1.71287	93.39745	94.80431
852	0.28893	1.44516	93.76773	1.73410	93.51268	95.04646
853	0.29223	1.46168	93.90433	1.75391	93.63217	95.26750
854	0.29525	1.47679	94.04092	1.77204	93.75604	95.46683
855	0.29795	1.49029	94.17750	1.78824	93.88437	95.64418
856	0.30029	1.50203	94.31407	1.80232	94.01715	95.79954
857	0.30226	1.51186	94.45063	1.81412	94.15435	95.93315
858	0.30383	1.51968	94.58718	1.82351	94.29587	96.04548
859	0.30498	1.52541	94.72373	1.83038	94.44157	96.13718
860	0.30570	1.52898	94.86026	1.83468	94.59127	96.20908
861	0.30598	1.53037	94.99678	1.83635	94.74475	96.26220
862	0.30582	1.52955	95.13330	1.83537	94.90177	96.29772
863	0.30523	1.52654	95.26980	1.83177	95.06205	96.31696
864	0.30420	1.52137	95.40630	1.82557	95.22525	96.32143
865	0.30276	1.51408	95.54279	1.81684	95.39103	96.31282
866	0.30091	1.50476	95.67927	1.80567	95.55901	96.29299
867	0.29867	1.49350	95.81574	1.79217	95.72875	96.26398
868	0.29607	1.48044	95.95220	1.77651	95.89978	96.22807
869	0.29314	1.46573	96.08865	1.75887	96.07162	96.18771
870	0.28992	1.44956	96.22509	1.73948	96.24372	96.14558
871	0.28645	1.43215	96.36152	1.71860	96.41550	96.10460
872	0.28279	1.41375	96.49795	1.69653	96.58633	96.06787
873	0.27898	1.39465	96.63437	1.67364	96.75559	96.03868
874	0.27510	1.37520	96.77077	1.65030	96.92259	96.02049
875	0.27123	1.35574	96.90717	1.62697	97.08665	96.01682
876	0.26743	1.33669	97.04356	1.60411	97.24708	96.03123
877	0.26379	1.31845	97.17994	1.58224	97.40323	96.06715
878	0.26040	1.30147	97.31631	1.56188	97.55448	96.12776
879	0.25735	1.28620	97.45268	1.54355	97.70031	96.21585
880	0.25473	1.27305	97.58903	1.52778	97.84029	96.33357
881	0.25260	1.26242	97.72538	1.51502	97.97416	96.48233
882	0.25104	1.25464	97.86171	1.50568	98.10182	96.66260
883	0.25010	1.24995	97.99804	1.50005	98.22337	96.87380
884	0.24980	1.24853	98.13436	1.49833	98.33913	97.11429
885	0.25017	1.25041	98.27067	1.50058	98.44959	97.38137
886	0.25118	1.25554	98.40697	1.50672	98.55545	97.67147
887	0.25280	1.26374	98.54327	1.51654	98.65754	97.98030
888	0.25498	1.27474	98.67955	1.52972	98.75677	98.30310
889	0.25766	1.28821	98.81583	1.54587	98.85411	98.63492
890	0.26075	1.30375	98.95210	1.56450	98.95054	98.97082
891	0.26417	1.32093	99.08836	1.58509	99.04699	99.30611
892	0.26782	1.33930	99.22461	1.60713	99.14433	99.63646
893	0.27164	1.35844	99.36086	1.63008	99.24334	99.95804
894	0.27552	1.37792	99.49709	1.65344	99.34470	100.26753
895	0.27939	1.39735	99.63332	1.67674	99.44898	100.56217
896	0.28318	1.41636	99.76953	1.69954	99.55666	100.83971
897	0.28683	1.43464	99.90574	1.72147	99.66810	101.09838
898	0.29027	1.45190	100.04195	1.74217	99.78360	101.33689
899	0.29346	1.46788	100.17814	1.76134	99.90334	101.55430
900	0.29636	1.48237	100.31432	1.77873	100.02746	101.75007
901	0.29892	1.49519	100.45050	1.79411	100.15601	101.92393
902	0.30112	1.50618	100.58667	1.80730	100.28901	102.07589
903	0.30293	1.51522	100.72283	1.81815	100.42639	102.20622
904	0.30433	1.52222	100.85898	1.82655	100.56806	102.31536
905	0.30531	1.52710	100.99513	1.83240	100.71389	102.40398
906	0.30585	1.52980	101.13126	1.83566	100.86369	102.47293
907	0.30596	1.53031	101.26739	1.83627	101.01726	102.52320
908	0.30563	1.52862	101.40351	1.83425	101.17434	102.55597
909	0.30487	1.52474	101.53962	1.82961	101.33464	102.57260
910	0.30367	1.51872	101.67573	1.82239	101.49784	102.57460
911	0.30206	1.51061	101.81182	1.81268	101.66360	102.56368
912	0.30005	1.50051	101.94791	1.80056	101.83151	102.54172
913	0.29767	1.48852	102.08399	1.78619	102.00114	102.51080
914	0.29494	1.47478	102.22006	1.76972	102.17203	102.47324
915	0.29189	1.45946	102.35612	1.75135	102.34365	102.43155
916	0.28856	1.44277	102.49218	1.73133	102.51547	102.38847
917	0.28501	1.42493	102.62823	1.70994	102.68688	102.34697
918	0.28128	1.40621	102.76427	1.68750	102.85727	102.31022
919	0.27744	1.38693	102.90030	1.66438	103.02596	102.28159
920	0.27356	1.36743	103.03632	1.64099	103.19228	102.26459
921	0.26970	1.34808	103.17234	1.61779	103.35552	102.26280
922	0.26596	1.32930	103.30835	1.59526	103.51501	102.27980
923	0.26241	1.31151	103.44435	1.57392	103.67007	102.31902
924	0.25915	1.29516	103.58034	1.55431	103.82010	102.38361
925	0.25626	1.28068	103.71633	1.53694	103.96459	102.47624
926	0.25382	1.26849	103.85231	1.52231	104.10314	102.59897
927	0.25191	1.25896	103.98828	1.51087	104.23553	102.75299
928	0.25060	1.25238	104.12424	1.50298	104.36169	102.93856
929	0.24991	1.24899	104.26019	1.49889	104.48178	103.15485
930	0.24988	1.24888	104.39614	1.49875	104.59615	103.39997
931	0.25050	1.25207	104.53208	1.50257	104.70537	103.67102
932	0.25176	1.25844	104.66801	1.51020	104.81014	103.96426
933	0.25361	1.26779	104.80394	1.52140	104.91131	104.27527
934	0.25600	1.27982	104.93985	1.53582	105.00984	104.59927
935	0.25885	1.29417	105.07576	1.55301	105.10667	104.93132
936	0.26208	1.31041	105.21166	1.57249	105.20277	105.26655
937	0.26560	1.32812	105.34756	1.59372	105.29906	105.60038
938	0.26933	1.34685	105.48345	1.61618	105.39638	105.92861
939	0.27318	1.36618	105.61933	1.63935	105.49548	106.24754
940	0.27706	1.38568	105.75520	1.66274	105.59702	106.55399
941	0.28091	1.40499	105.89106	1.68590	105.70155	106.84531
942	0.28465	1.42375	106.02692	1.70840	105.80951	107.11934
943	0.28822	1.44165	106.16277	1.72987	105.92126	107.37442
944	0.29157	1.45843	106.29861	1.75000	106.03706	107.60931
945	0.29465	1.47384	106.43444	1.76849	106.15711	107.82312
946	0.29741	1.48769	106.57027	1.78510	106.28153	108.01534
947	0.29983	1.49980	106.70609	1.79963	106.41036	108.18573
948	0.30188	1.51003	106.84191	1.81191	106.54361	108.33432
949	0.30353	1.51827	106.97771	1.82179	106.68123	108.46136
950	0.30476	1.52443	107.11351	1.82919	106.82311	108.56733
951	0.30557	1.52844	107.24930	1.83401	106.96912	108.65289
952	0.30594	1.53028	107.38508	1.83622	107.11909	108.71887
953	0.30588	1.52991	107.52086	1.83579	107.27279	108.76629
954	0.30537	1.52734	107.65663	1.83272	107.42997	108.79634
955	0.30444	1.52261	107.79239	1.82704	107.59036	108.81036
956	0.30307	1.51575	107.92815	1.81882	107.75362	108.80990
957	0.30130	1.50683	108.06390	1.80814	107.91940	108.79668
958	0.29914	1.49596	108.19964	1.79510	108.08729	108.77262
959	0.29662	1.48325	108.33537	1.77987	108.25687	108.73984
960	0.29375	1.46887	108.47110	1.76262	108.42764	108.70069
961	0.29059	1.45297	108.60682	1.74356	108.59909	108.65774
962	0.28717	1.43579	108.74253	1.72296	108.77066	108.61380
963	0.28354	1.41757	108.87824	1.70111	108.94174	108.57190
964	0.27976	1.39859	109.01393	1.67835	109.11169	108.53529
965	0.27590	1.37918	109.14963	1.65507	109.27984	108.50740
966	0.27201	1.35969	109.28531	1.63170	109.44548	108.49179
967	0.26819	1.34051	109.42099	1.60871	109.60792	108.49212
968	0.26452	1.32207	109.55666	1.58659	109.76645	108.51196
969	0.26108	1.30480	109.69232	1.56588	109.92042	108.55474
970	0.25795	1.28914	109.82798	1.54710	110.06922	108.62356
971	0.25523	1.27553	109.96363	1.53076	110.21238	108.72100
972	0.25300	1.26435	110.09927	1.51735	110.34951	108.84893
973	0.25132	1.25596	110.23491	1.50729	110.48043	109.00837
974	0.25025	1.25063	110.37054	1.50089	110.60512	109.19933
975	0.24982	1.24854	110.50616	1.49836	110.72379	109.42074
976	0.25005	1.24975	110.64178	1.49980	110.83684	109.67048
977	0.25093	1.25422	110.77738	1.50516	110.94486	109.94542
978	0.25243	1.26182	110.91299	1.51425	111.04862	110.24167
979	0.25451	1.27227	111.04858	1.52678	111.14897	110.55473
980	0.25709	1.28527	111.18417	1.54236	111.24686	110.87978
981	0.26010	1.30042	111.31975	1.56052	111.34326	111.21192
982	0.26345	1.31731	111.45533	1.58076	111.43911	111.54636
983	0.26707	1.33548	111.59090	1.60254	111.53531	111.87864
984	0.27085	1.35450	111.72646	1.62535	111.63267	112.20468
985	0.27472	1.37394	111.86201	1.64866	111.73193	112.52092
986	0.27860	1.39341	111.99756	1.67201	111.83370	112.82430
987	0.28241	1.41254	112.13310	1.69495	111.93851	113.11229
988	0.28609	1.43099	112.26864	1.71709	112.04679	113.38284
989	0.28958	1.44848	112.40417	1.73806	112.15889	113.63435
990	0.29283	1.46474	112.53969	1.75757	112.27505	113.86563
991	0.29578	1.47956	112.67520	1.77534	112.39545	114.07587
992	0.29841	1.49273	112.81071	1.79115	112.52020	114.26456
993	0.30069	1.50411	112.94621	1.80480	112.64935	114.43150
994	0.30258	1.51356	113.08171	1.81613	112.78290	114.57673
995	0.30406	1.52098	113.21720	1.82504	112.92079	114.70051
996	0.30513	1.52629	113.35268	1.83142	113.06293	114.80332
997	0.30576	1.52944	113.48816	1.83521	113.20917	114.88582
998	0.30596	1.53040	113.62363	1.83636	113.35934	114.94884
999	0.30572	1.52916	113.75909	1.83488	113.51322	114.99342
1000	0.30504	1.52572	113.89455	1.83077	113.67057	115.02073
1001	0.30394	1.52013	114.03000	1.82407	113.83108	115.03216
1002	0.30241	1.51244	114.16544	1.81486	113.99444	115.02924
1003	0.30048	1.50274	114.30088	1.80322	114.16028	115.01374
1004	0.29817	1.49112	114.43631	1.78929	114.32820	114.98760
1005	0.29551	1.47772	114.57174	1.77323	114.49776	114.95299
1006	0.29252	1.46271	114.70715	1.75524	114.66845	114.91231
1007	0.28925	1.44628	114.84257	1.73553	114.83977	114.86818
1008	0.28575	1.42865	114.97797	1.71439	115.01111	114.82348
1009	0.28205	1.41009	115.11337	1.69214	115.18188	114.78131
1010	0.27823	1.39090	115.24876	1.66912	115.35141	114.74498
1011	0.27435	1.37141	115.38415	1.64576	115.51901	114.71801
1012	0.27048	1.35199	115.51953	1.62248	115.68398	114.70401
1013	0.26671	1.33306	115.65491	1.59977	115.84560	114.70668
1014	0.26312	1.31503	115.79027	1.57815	116.00317	114.72961
1015	0.25979	1.29835	115.92564	1.55814	116.15604	114.77621
1016	0.25682	1.28345	116.06099	1.54027	116.30362	114.84950
1017	0.25429	1.27076	116.19634	1.52505	116.44543	114.95195
1018	0.25227	1.26066	116.33169	1.51293	116.58115	115.08527
1019	0.25083	1.25346	116.46702	1.50428	116.71061	115.25025
1020	0.25001	1.24940	116.60235	1.49941	116.83386	115.44668
1021	0.24984	1.24862	116.73768	1.49846	116.95115	115.67321
1022	0.25033	1.25114	116.87300	1.50147	117.06293	115.92750
1023	0.25147	1.25688	117.00831	1.50834	117.16983	116.20622
1024	0.25320	1.26565	117.14362	1.51885	117.27263	116.50534
1025	0.25548	1.27716	117.27892	1.53264	117.37224	116.82029
1026	0.25824	1.29106	117.41421	1.54931	117.46958	117.14624
1027	0.26140	1.30696	117.54950	1.56836	117.56562	117.47832
1028	0.26487	1.32441	117.68478	1.58928	117.66128	117.81185
1029	0.26856	1.34297	117.82006	1.61153	117.75745	118.14247
1030	0.27239	1.36221	117.95533	1.63460	117.85491	118.46626
1031	0.27627	1.38171	118.09059	1.65798	117.95436	118.77977
1032	0.28013	1.40109	118.22585	1.68122	118.05640	119.08008
1033	0.28390	1.41999	118.36110	1.70388	118.16154	119.36474
1034	0.28751	1.43809	118.49635	1.72560	118.27019	119.63181
1035	0.29090	1.45512	118.63159	1.74602	118.38267	119.87976
1036	0.29404	1.47083	118.76683	1.76487	118.49921	120.10747
1037	0.29687	1.48501	118.90205	1.78188	118.61999	120.31415
1038	0.29936	1.49749	119.03728	1.79685	118.74511	120.49935
1039	0.30148	1.50811	119.17249	1.80959	118.87462	120.66286
1040	0.30321	1.51677	119.30770	1.81998	119.00850	120.80475
1041	0.30453	1.52336	119.44291	1.82789	119.14670	120.92528
1042	0.30543	1.52781	119.57811	1.83324	119.28913	121.02493
1043	0.30589	1.53009	119.71330	1.83598	119.43564	121.10437
1044	0.30591	1.53018	119.84849	1.83609	119.58605	121.16445
1045	0.30550	1.52806	119.98367	1.83355	119.74016	121.20618
1046	0.30465	1.52376	120.11885	1.82841	119.89769	121.23076
1047	0.30337	1.51733	120.25402	1.82070	120.05838	121.23959
1048	0.30168	1.50882	120.38918	1.81051	120.22187	121.23424
1049	0.29960	1.49834	120.52434	1.79794	120.38782	121.21647
1050	0.29715	1.48600	120.65949	1.78315	120.55580	121.18828
1051	0.29435	1.47194	120.79464	1.76629	120.72536	121.15188
1052	0.29125	1.45633	120.92978	1.74758	120.89601	121.10972
1053	0.28788	1.43939	121.06492	1.72727	121.06720	121.06448
1054	0.28429	1.42136	121.20005	1.70565	121.23835	121.01912
1055	0.28054	1.40251	121.33517	1.68305	121.40881	120.97679
1056	0.27669	1.38315	121.47029	1.65984	121.57792	120.94091
1057	0.27280	1.36365	121.60540	1.63645	121.74499	120.91503
1058	0.26897	1.34437	121.74051	1.61334	121.90928	120.90285
1059	0.26526	1.32575	121.87561	1.59100	122.07007	120.90809
1060	0.26176	1.30820	122.01071	1.56996	122.22667	120.93435
1061	0.25857	1.29218	122.14580	1.55074	122.37842	120.98500
1062	0.25576	1.27811	122.28088	1.53387	122.52475	121.06300
1063	0.25343	1.26640	122.41596	1.51983	122.66522	121.17066
1064	0.25163	1.25742	122.55104	1.50905	122.79952	121.30952
1065	0.25043	1.25145	122.68610	1.50188	122.92755	121.48015
1066	0.24987	1.24868	122.82117	1.49856	123.04939	121.68206
1067	0.24997	1.24922	122.95622	1.49919	123.16534	121.91369
1068	0.25072	1.25304	123.09127	1.50376	123.27590	122.17244
1069	0.25209	1.26001	123.22632	1.51211	123.38174	122.45481
1070	0.25405	1.26991	123.36136	1.52397	123.48366	122.75664
1071	0.25653	1.28242	123.49640	1.53896	123.58259	123.07330
1072	0.25946	1.29717	123.63142	1.55663	123.67944	123.39997
1073	0.26275	1.31374	123.76645	1.57649	123.77519	123.73186
1074	0.26632	1.33168	123.90147	1.59800	123.87073	124.06436
1075	0.27008	1.35057	124.03648	1.62064	123.96692	124.39324
1076	0.27393	1.36996	124.17149	1.64389	124.06452	124.71471
1077	0.27782	1.38946	124.30649	1.66727	124.16421	125.02546
1078	0.28164	1.40869	124.44149	1.69033	124.26657	125.32267
1079	0.28535	1.42731	124.57648	1.71266	124.37207	125.60401
1080	0.28888	1.44502	124.71146	1.73390	124.48111	125.86762
1081	0.29218	1.46155	124.84644	1.75373	124.59399	126.11204
1082	0.29520	1.47667	124.98142	1.77187	124.71095	126.33619
1083	0.29790	1.49020	125.11639	1.78809	124.83214	126.53935
1084	0.30024	1.50195	125.25135	1.80220	124.95765	126.72107
1085	0.30221	1.51181	125.38631	1.81402	125.08754	126.88118
1086	0.30378	1.51965	125.52127	1.82343	125.22178	127.01974
1087	0.30493	1.52540	125.65622	1.83033	125.36033	127.13703
1088	0.30566	1.52899	125.79116	1.83465	125.50308	127.23354
1089	0.30594	1.53040	125.92610	1.83634	125.64989	127.30993
1090	0.30579	1.52960	126.06103	1.83539	125.80058	127.36705
1091	0.30520	1.52661	126.19596	1.83182	125.95494	127.40594
1092	0.30418	1.52146	126.33088	1.82564	126.11270	127.42780
1093	0.30274	1.51419	126.46580	1.81693	126.27359	127.43403
1094	0.30089	1.50489	126.60071	1.80578	126.43726	127.42624
1095	0.29866	1.49365	126.73561	1.79231	126.60333	127.40622
1096	0.29607	1.48060	126.87051	1.77667	126.77140	127.37600
1097	0.29315	1.46590	127.00541	1.75905	126.94100	127.33785
1098	0.28993	1.44974	127.14030	1.73967	127.11162	127.29426
1099	0.28647	1.43233	127.27519	1.71880	127.28271	127.24800
1100	0.28281	1.41394	127.41007	1.69675	127.45366	127.20207
1101	0.27901	1.39485	127.54494	1.67386	127.62383	127.15973
1102	0.27514	1.37539	127.67981	1.65053	127.79253	127.12444
1103	0.27127	1.35592	127.81468	1.62719	127.95904	127.09985
1104	0.26747	1.33686	127.94954	1.60433	128.12264	127.08969
1105	0.26384	1.31861	128.08439	1.58244	128.28260	127.09772
1106	0.26045	1.30161	128.21924	1.56206	128.43820	127.12755
1107	0.25740	1.28631	128.35409	1.54372	128.58882	127.18249
1108	0.25478	1.27314	128.48893	1.52791	128.73390	127.26540
1109	0.25265	1.26248	128.62376	1.51513	128.87302	127.37846
1110	0.25108	1.25466	128.75859	1.50575	129.00591	127.52299
1111	0.25014	1.24995	128.89341	1.50009	129.13251	127.69933
1112	0.24984	1.24849	129.02823	1.49833	129.25297	127.90674
1113	0.25020	1.25034	129.16305	1.50054	129.36762	128.14339
1114	0.25120	1.25544	129.29786	1.50664	129.47701	128.40649
1115	0.25281	1.26361	129.43266	1.51643	129.58185	128.69236
1116	0.25499	1.27459	129.56746	1.52958	129.68297	128.99672
1117	0.25766	1.28804	129.70226	1.54570	129.78127	129.31492
1118	0.26074	1.30357	129.83704	1.56431	129.87771	129.64215
1119	0.26415	1.32074	129.97183	1.58489	129.97322	129.97368
1120	0.26780	1.33911	130.10661	1.60691	130.06870	130.30504
1121	0.27161	1.35825	130.24138	1.62985	130.16496	130.63210
1122	0.27548	1.37773	130.37615	1.65321	130.26274	130.95119
1123	0.27935	1.39716	130.51092	1.67651	130.36271	131.25914
1124	0.28314	1.41619	130.64568	1.69933	130.46541	131.55324
1125	0.28678	1.43448	130.78043	1.72126	130.57130	131.83127
1126	0.29022	1.45175	130.91518	1.74198	130.68075	132.09143
1127	0.29341	1.46775	131.04992	1.76117	130.79407	132.33234
1128	0.29631	1.48226	131.18466	1.77857	130.91146	132.55298
1129	0.29887	1.49510	131.31940	1.79397	131.03308	132.75263
1130	0.30107	1.50611	131.45413	1.80718	131.15901	132.93090
1131	0.30288	1.51518	131.58886	1.81806	131.28930	133.08763
1132	0.30428	1.52220	131.72358	1.82648	131.42394	133.22288
1133	0.30527	1.52709	131.85829	1.83236	131.56285	133.33695
1134	0.30582	1.52982	131.99300	1.83564	131.70595	133.43032
1135	0.30593	1.53035	132.12771	1.83628	131.85309	133.50366
1136	0.30560	1.52868	132.26241	1.83428	132.00408	133.55783
1137	0.30484	1.52483	132.39711	1.82967	132.15872	133.59387
1138	0.30365	1.51882	132.53180	1.82247	132.31675	133.61300
1139	0.30205	1.51073	132.66649	1.81278	132.47786	133.61664
1140	0.30004	1.50065	132.80117	1.80069	132.64173	133.60642
1141	0.29767	1.48867	132.93584	1.78634	132.80796	133.58416
1142	0.29494	1.47495	133.07052	1.76988	132.97615	133.55194
1143	0.29190	1.45964	133.20519	1.75153	133.14580	133.51208
1144	0.28858	1.44295	133.33985	1.73153	133.31641	133.46713
1145	0.28503	1.42512	133.47451	1.71015	133.48741	133.41991
1146	0.28131	1.40641	133.60916	1.68772	133.65817	133.37353
1147	0.27747	1.38713	133.74381	1.66460	133.82805	133.33130
1148	0.27359	1.36762	133.87845	1.64121	133.99632	133.29677
1149	0.26974	1.34826	134.01309	1.61801	134.16228	133.27364
1150	0.26600	1.32947	134.14773	1.59547	134.32517	133.26572
1151	0.26246	1.31166	134.28236	1.57412	134.48427	133.27677
1152	0.25920	1.29529	134.41698	1.55449	134.63887	133.31040
1153	0.25631	1.28079	134.55161	1.53709	134.78833	133.36985
1154	0.25387	1.26857	134.68622	1.52244	134.93214	133.45788
1155	0.25196	1.25900	134.82083	1.51096	135.06990	133.57649
1156	0.25064	1.25240	134.95544	1.50304	135.20139	133.72679
1157	0.24995	1.24897	135.09004	1.49891	135.32658	133.90888
1158	0.24991	1.24883	135.22464	1.49874	135.44568	134.12176
1159	0.25053	1.25198	135.35923	1.50251	135.55908	134.36336
1160	0.25178	1.25833	135.49382	1.51011	135.66736	134.63067
1161	0.25362	1.26766	135.62841	1.52128	135.77126	134.91986
1162	0.25600	1.27967	135.76299	1.53567	135.87163	135.22657
1163	0.25884	1.29399	135.89756	1.55284	135.96938	135.54612
1164	0.26207	1.31023	136.03213	1.57229	136.06547	135.87375
1165	0.26558	1.32793	136.16670	1.59351	136.16080	136.20479
1166	0.26930	1.34666	136.30126	1.61596	136.25625	136.53488
1167	0.27315	1.36598	136.43582	1.63913	136.35262	136.86003
1168	0.27703	1.38549	136.57037	1.66252	136.45063	137.17670
1169	0.28087	1.40481	136.70492	1.68568	136.55090	137.48183
1170	0.28461	1.42358	136.83946	1.70819	136.65397	137.77281
1171	0.28818	1.44150	136.97400	1.72967	136.76027	138.04753
1172	0.29152	1.45829	137.10854	1.74981	136.87016	138.30427
1173	0.29460	1.47372	137.24307	1.76832	136.98393	138.54169
1174	0.29736	1.48759	137.37759	1.78495	137.10177	138.75883
1175	0.29978	1.49972	137.51211	1.79950	137.22384	138.95502
1176	0.30183	1.50997	137.64663	1.81180	137.35022	139.12986
1177	0.30348	1.51823	137.78114	1.82171	137.48093	139.28322
1178	0.30472	1.52441	137.91565	1.82913	137.61597	139.41518
1179	0.30553	1.52845	138.05015	1.83398	137.75528	139.52604
1180	0.30591	1.53030	138.18465	1.83621	137.89875	139.61627
1181	0.30584	1.52996	138.31915	1.83580	138.04624	139.68657
1182	0.30534	1.52741	138.45364	1.83276	138.19757	139.73779
1183	0.30441	1.52270	138.58812	1.82711	138.35251	139.77098
1184	0.30305	1.51586	138.72260	1.81891	138.51082	139.78738
1185	0.30129	1.50696	138.85708	1.80825	138.67219	139.78843
1186	0.29913	1.49611	138.99155	1.79524	138.83628	139.77577
1187	0.29661	1.48341	139.12602	1.78003	139.00270	139.75129
1188	0.29376	1.46904	139.26049	1.76279	139.17101	139.71710
1189	0.29060	1.45315	139.39495	1.74375	139.34074	139.67556
1190	0.28719	1.43598	139.52940	1.72317	139.51135	139.62931
1191	0.28356	1.41776	139.66385	1.70132	139.68226	139.58123
1192	0.27979	1.39878	139.79830	1.67857	139.85285	139.53450
1193	0.27593	1.37937	139.93274	1.65530	140.02242	139.49252
1194	0.27205	1.35987	140.06718	1.63193	140.19027	139.45891
1195	0.26823	1.34069	140.20161	1.60893	140.35565	139.43745
1196	0.26456	1.32224	140.33604	1.58680	140.51782	139.43198
1197	0.26112	1.30495	140.47047	1.56607	140.67603	139.44628
1198	0.25800	1.28927	140.60489	1.54727	140.82960	139.48392
1199	0.25528	1.27562	140.73931	1.53091	140.97789	139.54811
1200	0.25305	1.26442	140.87372	1.51747	141.12041	139.64144
1201	0.25137	1.25600	141.00813	1.50737	141.25680	139.76574
1202	0.25029	1.25064	141.14253	1.50093	141.38689	139.92189
1203	0.24986	1.24851	141.27693	1.49837	141.51070	140.10975
1204	0.25008	1.24969	141.41133	1.49977	141.62848	140.32805
1205	0.25096	1.25413	141.54572	1.50509	141.74067	140.57449
1206	0.25245	1.26169	141.68011	1.51415	141.84789	140.84584
1207	0.25452	1.27213	141.81449	1.52665	141.95090	141.13818
1208	0.25709	1.28511	141.94887	1.54220	142.05058	141.44705
1209	0.26009	1.30025	142.08324	1.56034	142.14785	141.76777
1210	0.26344	1.31712	142.21761	1.58056	142.24363	142.09562
1211	0.26705	1.33528	142.35198	1.60233	142.33884	142.42603
1212	0.27083	1.35430	142.48634	1.62513	142.43431	142.75476
1213	0.27469	1.37375	142.62070	1.64844	142.53084	143.07792
1214	0.27857	1.39322	142.75505	1.67179	142.62910	143.39212
1215	0.28238	1.41236	142.88940	1.69474	142.72971	143.69439
1216	0.28605	1.43083	143.02375	1.71688	142.83317	143.98226
1217	0.28954	1.44833	143.15809	1.73787	142.93990	144.25368
1218	0.29278	1.46461	143.29243	1.75739	143.05025	144.50701
1219	0.29574	1.47944	143.42676	1.77518	143.16448	144.74098
1220	0.29837	1.49264	143.56109	1.79100	143.28279	144.95465
1221	0.30064	1.50403	143.69542	1.80468	143.40532	145.14739
1222	0.30253	1.51351	143.82974	1.81604	143.53215	145.31883
1223	0.30402	1.52095	143.96405	1.82497	143.66331	145.46884
1224	0.30509	1.52628	144.09837	1.83137	143.79878	145.59752
1225	0.30572	1.52946	144.23268	1.83518	143.93849	145.70517
1226	0.30593	1.53044	144.36698	1.83636	144.08235	145.79228
1227	0.30569	1.52922	144.50128	1.83491	144.23022	145.85953
1228	0.30502	1.52580	144.63558	1.83082	144.38190	145.90780
1229	0.30391	1.52023	144.76987	1.82415	144.53718	145.93813
1230	0.30239	1.51256	144.90416	1.81496	144.69580	145.95180
1231	0.30047	1.50287	145.03845	1.80334	144.85744	145.95025
1232	0.29817	1.49127	145.17273	1.78944	145.02177	145.93518
1233	0.29551	1.47789	145.30700	1.77340	145.18839	145.90849
1234	0.29253	1.46289	145.44128	1.75542	145.35685	145.87235
1235	0.28926	1.44646	145.57555	1.73573	145.52666	145.82919
1236	0.28576	1.42884	145.70981	1.71460	145.69729	145.78169
1237	0.28207	1.41028	145.84407	1.69236	145.86812	145.73284
1238	0.27826	1.39109	145.97833	1.66935	146.03852	145.68587
1239	0.27438	1.37160	146.11258	1.64598	146.20778	145.64428
1240	0.27052	1.35218	146.24683	1.62270	146.37519	145.61177
1241	0.26675	1.33323	146.38108	1.59998	146.53998	145.59217
1242	0.26316	1.31519	146.51532	1.57835	146.70140	145.58936
1243	0.25984	1.29848	146.64956	1.55832	146.85870	145.60714
1244	0.25687	1.28356	146.78379	1.54043	147.01121	145.64903
1245	0.25434	1.27085	146.91802	1.52518	147.15831	145.71815
1246	0.25232	1.26071	147.05224	1.51303	147.29953	145.81695
1247	0.25087	1.25348	147.18647	1.50435	147.43455	145.94706
1248	0.25005	1.24939	147.32068	1.49944	147.56325	146.10913
1249	0.24988	1.24857	147.45490	1.49845	147.68569	146.30274
1250	0.25036	1.25106	147.58911	1.50143	147.80218	146.52639
1251	0.25149	1.25677	147.72331	1.50826	147.91320	146.77753
1252	0.25322	1.26551	147.85752	1.51873	148.01942	147.05277
1253	0.25549	1.27700	147.99171	1.53250	148.12161	147.34806
1254	0.25824	1.29089	148.12591	1.54914	148.22066	147.65889
1255	0.26139	1.30677	148.26010	1.56817	148.31750	147.98059
1256	0.26485	1.32421	148.39429	1.58907	148.41303	148.30850
1257	0.26854	1.34277	148.52847	1.61131	148.50816	148.63815
1258	0.27236	1.36201	148.66265	1.63437	148.60370	148.96541
1259	0.27624	1.38152	148.79683	1.65776	148.70041	149.28652
1260	0.28010	1.40090	148.93100	1.68100	148.79896	149.59820
1261	0.28386	1.41981	149.06517	1.70367	148.89992	149.89761
1262	0.28746	1.43793	149.19933	1.72539	149.00379	150.18236
1263	0.29086	1.45498	149.33349	1.74583	149.11097	150.45049
1264	0.29399	1.47070	149.46765	1.76469	149.22179	150.70043
1265	0.29682	1.48490	149.60180	1.78172	149.33650	150.93097
1266	0.29931	1.49740	149.73595	1.79671	149.45529	151.14120
1267	0.30144	1.50805	149.87009	1.80948	149.57830	151.33052
1268	0.30317	1.51672	150.00424	1.81989	149.70560	151.49858
1269	0.30449	1.52333	150.13837	1.82782	149.83722	151.64526
1270	0.30539	1.52782	150.27251	1.83320	149.97313	151.77068
1271	0.30585	1.53012	150.40664	1.83597	150.11327	151.87513
1272	0.30588	1.53022	150.54076	1.83610	150.25754	151.95911
1273	0.30547	1.52813	150.67489	1.83359	150.40580	152.02331
1274	0.30462	1.52385	150.80901	1.82847	150.55785	152.06862
1275	0.30335	1.51743	150.94312	1.82078	150.71348	152.09610
1276	0.30167	1.50895	151.07723	1.81062	150.87242	152.10702
1277	0.29959	1.49849	151.21134	1.79808	151.03437	152.10288
1278	0.29714	1.48616	151.34545	1.78330	151.19896	152.08540
1279	0.29435	1.47211	151.47955	1.76646	151.36579	152.05652
1280	0.29125	1.45652	151.61364	1.74777	151.53441	152.01846
1281	0.28789	1.43958	151.74774	1.72747	151.70432	151.97372
1282	0.28431	1.42156	151.88183	1.70586	151.87496	151.92505
1283	0.28056	1.40271	152.01591	1.68327	152.04571	151.87551
1284	0.27671	1.38335	152.15000	1.66006	152.21592	151.82844
1285	0.27284	1.36384	152.28407	1.63668	152.38487	151.78739
1286	0.26900	1.34456	152.41815	1.61356	152.55181	151.75615
1287	0.26530	1.32592	152.55222	1.59121	152.71599	151.73861
1288	0.26180	1.30835	152.68629	1.57015	152.87663	151.73868
1289	0.25861	1.29230	152.82035	1.55092	153.03300	151.76016
1290	0.25581	1.27821	152.95441	1.53402	153.18442	151.80652
1291	0.25347	1.26648	153.08847	1.51995	153.33031	151.88077
1292	0.25167	1.25746	153.22252	1.50914	153.47022	151.98519
1293	0.25047	1.25146	153.35657	1.50193	153.60386	152.12121
1294	0.24991	1.24866	153.49062	1.49857	153.73118	152.28923
1295	0.25000	1.24916	153.62466	1.49916	153.85228	152.48856
1296	0.25074	1.25295	153.75870	1.50369	153.96752	152.71745
1297	0.25211	1.25989	153.89274	1.51201	154.07742	152.97315
1298	0.25407	1.26977	154.02677	1.52384	154.18268	153.25210
1299	0.25654	1.28226	154.16080	1.53880	154.28411	153.55014
1300	0.25946	1.29699	154.29482	1.55645	154.38259	153.86273
1301	0.26274	1.31355	154.42885	1.57629	154.47905	154.18524
1302	0.26631	1.33149	154.56286	1.59779	154.57439	154.51305
1303	0.27005	1.35037	154.69688	1.62042	154.66947	154.84181
1304	0.27391	1.36976	154.83089	1.64367	154.76512	155.16750
1305	0.27778	1.38927	154.96490	1.66705	154.86205	155.48650
1306	0.28161	1.40850	155.09890	1.69011	154.96090	155.79562
1307	0.28532	1.42714	155.23290	1.71245	155.06224	156.09215
1308	0.28884	1.44486	155.36690	1.73370	155.16654	156.37379
1309	0.29214	1.46141	155.50089	1.75354	155.27418	156.63865
1310	0.29515	1.47655	155.63488	1.77171	155.38547	156.88522
1311	0.29785	1.49010	155.76887	1.78795	155.50068	157.11235
1312	0.30020	1.50187	155.90285	1.80207	155.61997	157.31917
1313	0.30217	1.51175	156.03683	1.81392	155.74346	157.50509
1314	0.30374	1.51961	156.17080	1.82335	155.87124	157.66979
1315	0.30489	1.52538	156.30478	1.83027	156.00333	157.81316
1316	0.30562	1.52900	156.43875	1.83462	156.13970	157.93532
1317	0.30591	1.53043	156.57271	1.83634	156.28028	158.03657
1318	0.30576	1.52966	156.70667	1.83542	156.42498	158.11743
1319	0.30517	1.52669	156.84063	1.83186	156.57365	158.17858
1320	0.30416	1.52156	156.97459	1.82571	156.72609	158.22092
1321	0.30272	1.51431	157.10854	1.81703	156.88209	158.24554
1322	0.30088	1.50502	157.24249	1.80590	157.04138	158.25372
1323	0.29865	1.49380	157.37643	1.79245	157.20364	158.24699
1324	0.29606	1.48077	157.51037	1.77683	157.36850	158.22709
1325	0.29315	1.46608	157.64431	1.75923	157.53556	158.19604
1326	0.28994	1.44993	157.77825	1.73987	157.70436	158.15610
1327	0.28648	1.43253	157.91218	1.71901	157.87437	158.10982
1328	0.28283	1.41414	158.04611	1.69697	158.04502	158.06006
1329	0.27903	1.39505	158.18003	1.67408	158.21569	158.00994
1330	0.27517	1.37559	158.31395	1.65075	158.38570	157.96288
1331	0.27130	1.35612	158.44787	1.62741	158.55431	157.92253
1332	0.26751	1.33704	158.58179	1.60454	158.72078	157.89275
1333	0.26388	1.31877	158.71570	1.58265	158.88431	157.87748
1334	0.26049	1.30176	158.84960	1.56225	159.04415	157.88066
1335	0.25745	1.28643	158.98351	1.54388	159.19956	157.90606
1336	0.25482	1.27323	159.11741	1.52805	159.34987	157.95710
1337	0.25269	1.26254	159.25131	1.51523	159.49452	158.03665
1338	0.25113	1.25469	159.38520	1.50582	159.63310	158.14683
1339	0.25018	1.24995	159.51909	1.50012	159.76537	158.28884
1340	0.24987	1.24846	159.65298	1.49833	159.89131	158.46282
1341	0.25023	1.25027	159.78687	1.50050	160.01110	158.66782
1342	0.25122	1.25534	159.92075	1.50656	160.12512	158.90185
1343	0.25283	1.26348	160.05463	1.51632	160.23395	159.16194
1344	0.25500	1.27444	160.18850	1.52944	160.33831	159.44440
1345	0.25766	1.28787	160.32237	1.54553	160.43903	159.74498
1346	0.26074	1.30338	160.45624	1.56412	160.53700	160.05915
1347	0.26414	1.32054	160.59010	1.58468	160.63313	160.38227
1348	0.26778	1.33891	160.72397	1.60669	160.72832	160.70984
1349	0.27158	1.35805	160.85782	1.62963	160.82342	161.03759
1350	0.27546	1.37753	160.99168	1.65299	160.91920	161.36163
1351	0.27932	1.39697	161.12553	1.67629	161.01637	161.67845
1352	0.28310	1.41601	161.25938	1.69911	161.11555	161.98498
1353	0.28674	1.43432	161.39322	1.72106	161.21729	162.27862
1354	0.29018	1.45160	161.52707	1.74179	161.32202	162.55715
1355	0.29337	1.46762	161.66091	1.76099	161.43013	162.81875
1356	0.29626	1.48215	161.79474	1.77841	161.54192	163.06199
1357	0.29883	1.49501	161.92857	1.79383	161.65763	163.28573
1358	0.30102	1.50604	162.06240	1.80707	161.77742	163.48916
1359	0.30284	1.51513	162.19623	1.81797	161.90142	163.67170
1360	0.30424	1.52217	162.33005	1.82641	162.02969	163.83306
1361	0.30523	1.52709	162.46387	1.83232	162.16225	163.97313
1362	0.30578	1.52984	162.59769	1.83562	162.29909	164.09204
1363	0.30589	1.53039	162.73150	1.83629	162.44013	164.19011
1364	0.30557	1.52875	162.86531	1.83432	162.58527	164.26784
1365	0.30481	1.52491	162.99912	1.82972	162.73436	164.32593
1366	0.30363	1.51893	163.13292	1.82256	162.88722	164.36530
1367	0.30203	1.51086	163.26672	1.81289	163.04361	164.38704
1368	0.30003	1.50079	163.40052	1.80082	163.20325	164.39247
1369	0.29765	1.48883	163.53431	1.78648	163.36584	164.38315
1370	0.29493	1.47512	163.66810	1.77005	163.53099	164.36085
1371	0.29189	1.45982	163.80189	1.75172	163.69829	164.32765
1372	0.28858	1.44315	163.93567	1.73173	163.86727	164.28586
1373	0.28504	1.42532	164.06946	1.71036	164.03739	164.23811
1374	0.28133	1.40661	164.20323	1.68793	164.20806	164.18733
1375	0.27750	1.38733	164.33701	1.66482	164.37864	164.13674
1376	0.27362	1.36782	164.47078	1.64144	164.54843	164.08983
1377	0.26977	1.34845	164.60455	1.61823	164.71669	164.05035
1378	0.26604	1.32964	164.73832	1.59568	164.88265	164.02221
1379	0.26250	1.31182	164.87208	1.57432	165.04552	164.00942
1380	0.25924	1.29543	165.00584	1.55466	165.20453	164.01593
1381	0.25635	1.28090	165.13959	1.53725	165.35894	164.04547
1382	0.25391	1.26865	165.27335	1.52256	165.50811	164.10140
1383	0.25200	1.25905	165.40710	1.51106	165.65150	164.18643
1384	0.25068	1.25241	165.54084	1.50309	165.78874	164.30249
1385	0.24999	1.24895	165.67459	1.49894	165.91964	164.45053
1386	0.24994	1.24878	165.80833	1.49872	166.04423	164.63046
1387	0.25056	1.25190	165.94207	1.50246	166.16273	164.84105
1388	0.25180	1.25822	166.07580	1.51002	166.27557	165.08008
1389	0.25364	1.26752	166.20953	1.52116	166.38338	165.34439
1390	0.25601	1.27950	166.34326	1.53552	166.48690	165.63016
1391	0.25885	1.29381	166.47699	1.55266	166.58696	165.93309
1392	0.26206	1.31003	166.61071	1.57210	166.68447	166.24862
1393	0.26557	1.32773	166.74443	1.59330	166.78033	166.57219
1394	0.26929	1.34645	166.87815	1.61574	166.87541	166.89937
1395	0.27313	1.36578	167.01186	1.63891	166.97054	167.22600
1396	0.27700	1.38529	167.14557	1.66230	167.06649	167.54831
1397	0.28084	1.40462	167.27928	1.68546	167.16393	167.86290
1398	0.28457	1.42340	167.41298	1.70797	167.26346	168.16682
1399	0.28814	1.44133	167.54668	1.72947	167.36561	168.45756
1400	0.29148	1.45814	167.68038	1.74963	167.47080	168.73298
1401	0.29456	1.47359	167.81408	1.76815	167.57939	168.99135
1402	0.29732	1.48748	167.94777	1.78480	167.69168	169.23126
1403	0.29974	1.49963	168.08146	1.79937	167.80789	169.45165
1404	0.30179	1.50990	168.21515	1.81169	167.92819	169.65171
1405	0.30344	1.51819	168.34883	1.82163	168.05270	169.83090
1406	0.30468	1.52439	168.48251	1.82907	168.18147	169.98893
1407	0.30549	1.52845	168.61619	1.83394	168.31453	170.12571
1408	0.30587	1.53033	168.74986	1.83620	168.45184	170.24138
1409	0.30581	1.53001	168.88353	1.83582	168.59336	170.33626
1410	0.30531	1.52749	169.01720	1.83280	168.73895	170.41086
1411	0.30438	1.52279	169.15087	1.82717	168.88849	170.46589
1412	0.30303	1.51597	169.28453	1.81900	169.04176	170.50228
1413	0.30127	1.50709	169.41819	1.80836	169.19855	170.52114
1414	0.29912	1.49626	169.55185	1.79537	169.35857	170.52381
1415	0.29660	1.48358	169.68550	1.78018	169.52150	170.51189
1416	0.29375	1.46922	169.81915	1.76297	169.68696	170.48721
1417	0.29060	1.45334	169.95280	1.74394	169.85451	170.45187
1418	0.28719	1.43618	170.08645	1.72337	170.02367	170.40827
1419	0.28357	1.41797	170.22009	1.70154	170.19389	170.35912
1420	0.27981	1.39899	170.35373	1.67880	170.36457	170.30741
1421	0.27595	1.37957	170.48736	1.65552	170.53505	170.25645
1422	0.27208	1.36007	170.62100	1.63215	170.70461	170.20984
1423	0.26827	1.34088	170.75463	1.60914	170.87250	170.17139
1424	0.26460	1.32241	170.88825	1.58700	171.03793	170.14510
1425	0.26116	1.30510	171.02188	1.56626	171.20010	170.13500
1426	0.25804	1.28939	171.15550	1.54743	171.35824	170.14507
1427	0.25532	1.27572	171.28912	1.53105	171.51163	170.17898
1428	0.25309	1.26449	171.42274	1.51758	171.65963	170.23998
1429	0.25141	1.25604	171.55635	1.50745	171.80175	170.33064
1430	0.25033	1.25064	171.68996	1.50097	171.93764	170.45268
1431	0.24990	1.24848	171.82357	1.49837	172.06718	170.60680
1432	0.25012	1.24962	171.95717	1.49974	172.19043	170.79264
1433	0.25099	1.25403	172.09077	1.50502	172.30767	171.00873
1434	0.25247	1.26157	172.22437	1.51404	172.41938	171.25260
1435	0.25453	1.27198	172.35797	1.52651	172.52622	171.52095
1436	0.25710	1.28494	172.49156	1.54203	172.62894	171.80983
1437	0.26009	1.30006	172.62515	1.56015	172.72840	172.11489
1438	0.26344	1.31692	172.75874	1.58035	172.82550	172.43160
1439	0.26704	1.33508	172.89232	1.60211	172.92113	172.75545
1440	0.27081	1.35409	173.02590	1.62491	173.01614	173.08210
1441	0.27467	1.37354	173.15948	1.64822	173.11135	173.40751
1442	0.27854	1.39303	173.29306	1.67157	173.20749	173.72801
1443	0.28235	1.41218	173.42663	1.69452	173.30522	174.04032
1444	0.28602	1.43066	173.56020	1.71667	173.40512	174.34161
1445	0.28950	1.44817	173.69377	1.73768	173.50769	174.62944
1446	0.29274	1.46447	173.82733	1.75721	173.61334	174.90177
1447	0.29570	1.47932	173.96090	1.77502	173.72242	175.15692
1448	0.29833	1.49254	174.09446	1.79086	173.83522	175.39354
1449	0.30060	1.50396	174.22801	1.80455	173.95195	175.61059
1450	0.30249	1.51345	174.36157	1.81594	174.07277	175.80730
1451	0.30398	1.52092	174.49512	1.82489	174.19779	175.98316
1452	0.30505	1.52627	174.62866	1.83132	174.32707	176.13787
1453	0.30569	1.52947	174.76221	1.83516	174.46063	176.27138
1454	0.30589	1.53047	174.89575	1.83637	174.59844	176.38381
1455	0.30566	1.52928	175.02929	1.83493	174.74043	176.47550
1456	0.30499	1.52588	175.16283	1.83087	174.88650	176.54696
1457	0.30389	1.52034	175.29636	1.82422	175.03648	176.59892
1458	0.30237	1.51269	175.42990	1.81506	175.19020	176.63232
1459	0.30045	1.50302	175.56342	1.80347	175.34740	176.64829
1460	0.29815	1.49143	175.69695	1.78958	175.50781	176.64820
1461	0.29550	1.47806	175.83047	1.77356	175.67109	176.63369
1462	0.29252	1.46307	175.96399	1.75560	175.83686	176.60663
1463	0.28926	1.44666	176.09751	1.73592	176.00466	176.56919
1464	0.28577	1.42904	176.23103	1.71481	176.17401	176.52382
1465	0.28208	1.41049	176.36454	1.69257	176.34434	176.47332
1466	0.27827	1.39130	176.49805	1.66957	176.51503	176.42077
1467	0.27440	1.37180	176.63156	1.64620	176.68540	176.36957
1468	0.27054	1.35237	176.76506	1.62292	176.85471	176.32341
1469	0.26678	1.33342	176.89856	1.60020	177.02220	176.28618
1470	0.26320	1.31535	177.03206	1.57855	177.18707	176.26194
1471	0.25988	1.29863	177.16556	1.55851	177.34851	176.25476
1472	0.25691	1.28368	177.29905	1.54059	177.50575	176.26860
1473	0.25438	1.27094	177.43254	1.52531	177.65808	176.30709
1474	0.25236	1.26077	177.56603	1.51313	177.80489	176.37335
1475	0.25091	1.25351	177.69951	1.50442	177.94571	176.46978
1476	0.25009	1.24938	177.83300	1.49947	178.08026	176.59788
1477	0.24991	1.24853	177.96648	1.49844	178.20843	176.75810
1478	0.25039	1.25098	178.09995	1.50138	178.33036	176.94979
1479	0.25151	1.25666	178.23343	1.50818	178.44638	177.17126
1480	0.25324	1.26538	178.36690	1.51861	178.55701	177.41981
1481	0.25551	1.27684	178.50037	1.53235	178.66291	177.69200
1482	0.25825	1.29071	178.63384	1.54896	178.76490	177.98378
1483	0.26139	1.30658	178.76730	1.56797	178.86381	178.29077
1484	0.26485	1.32401	178.90076	1.58886	178.96055	178.60847
1485	0.26853	1.34256	179.03422	1.61109	179.05599	178.93244
1486	0.27235	1.36180	179.16768	1.63415	179.15098	179.25844
1487	0.27622	1.38131	179.30113	1.65753	179.24629	179.58252
1488	0.28007	1.40071	179.43458	1.68078	179.34265	179.90115
1489	0.28383	1.41963	179.56803	1.70346	179.44069	180.21115
1490	0.28743	1.43776	179.70147	1.72519	179.54097	180.50979
1491	0.29082	1.45482	179.83492	1.74564	179.64397	180.79471
1492	0.29395	1.47057	179.96836	1.76452	179.75010	181.06396
1493	0.29678	1.48479	180.10179	1.78157	179.85968	181.31590
1494	0.29927	1.49731	180.23523	1.79658	179.97299	181.54924
1495	0.30140	1.50798	180.36866	1.80937	180.09023	181.76298
1496	0.30313	1.51667	180.50209	1.81980	180.21158	181.95637
1497	0.30445	1.52331	180.63552	1.82776	180.33712	182.12891
1498	0.30535	1.52781	180.76894	1.83316	180.46692	182.28033
1499	0.30581	1.53014	180.90237	1.83596	180.60099	182.41056
