1.5000000000	0.0000000000	0.0000000000


1.4776190362	0.1749996217	-0.0000000841


1.4326508718	0.3473241730	-0.0000001671


1.3651623401	0.5141890315	-0.0000002479


1.2755290669	0.6727131014	-0.0000003253


1.1644763299	0.8199406176	-0.0000003982


1.0331237596	0.9528745269	-0.0000004653


0.8830315489	1.0685245291	-0.0000005255


0.7162444496	1.1639727983	-0.0000005775


0.5353281408	1.2364598201	-0.0000006204


0.3433907028	1.2834913965	-0.0000006530


0.1440802604	1.3029654284	-0.0000006745


-0.0584510504	1.2933134413	-0.0000006844


-0.2596260286	1.2536471428	-0.0000006822


-0.4545705504	1.1838952535	-0.0000006679


-0.6382914074	1.0849117068	-0.0000006419


-0.8058959761	0.9585347955	-0.0000006049


-0.9528363469	0.8075796028	-0.0000005580


-1.0751523990	0.6357538137	-0.0000005027


-1.1696844582	0.4474988007	-0.0000004408


-1.2342286597	0.2477709145	-0.0000003743


-1.2676169708	0.0417884312	-0.0000003053


-1.2697166751	-0.1652255537	-0.0000002358


-1.2413572386	-0.3682759670	-0.0000001678


-1.1842023185	-0.5627835541	-0.0000001031


-1.1005892970	-0.7447170853	-0.0000000434


-0.9933581753	-0.9106692977	0.0000000099


-0.8656874725	-1.0578832691	0.0000000559


-0.7209489637	-1.1842400032	0.0000000936


-0.5625873668	-1.2882191182	0.0000001225


-0.3940264845	-1.3688435670	0.0000001421


-0.2186001749	-1.4256172626	0.0000001524


-0.0395047778	-1.4584621056	0.0000001532


0.1402310739	-1.4676587182	0.0000001447


0.3177633213	-1.4537933985	0.0000001272


0.4904396936	-1.4177124847	0.0000001010


0.6558003799	-1.3604844172	0.0000000665


0.8115746854	-1.2833692161	0.0000000243


0.9556756686	-1.1877947706	-0.0000000250


1.0861943179	-1.0753391759	-0.0000000808


1.2013944841	-0.9477182929	-0.0000001424


1.2997095323	-0.8067776990	-0.0000002089


1.3797415061	-0.6544882029	-0.0000002796


1.4402634851	-0.4929440967	-0.0000003535


1.4802257488	-0.3243632869	-0.0000004298


1.4987663216	-0.1510883711	-0.0000005075


1.4952264372	0.0244124000	-0.0000005856


1.4691714020	0.1995455334	-0.0000006628


1.4204172333	0.3715956009	-0.0000007382


1.3490632389	0.5377333030	-0.0000008106


1.2555303595	0.6950305431	-0.0000008787


1.1406045319	0.8404851729	-0.0000009413


1.0054834961	0.9710584279	-0.0000009973


0.8518242973	1.0837282408	-0.0000010455


0.6817872087	1.1755614293	-0.0000010848


0.4980699921	1.2438069407	-0.0000011142


0.3039245270	1.2860106137	-0.0000011327


0.1031463028	1.3001490503	-0.0000011398


-0.0999732600	1.2847761031	-0.0000011350


-0.3007403938	1.2391705063	-0.0000011182


-0.4942033039	1.1634681836	-0.0000010895


-0.6753452602	1.0587592402	-0.0000010494


-0.8393154429	0.9271293871	-0.0000009990


-0.9816770685	0.7716300057	-0.0000009394


-1.0986452738	0.5961704378	-0.0000008722


-1.1872853657	0.4053387475	-0.0000007992


-1.2456468100	0.2041698412	-0.0000007224


-1.2728188884	-0.0021112945	-0.0000006437


-1.2689073108	-0.2083409415	-0.0000005650


-1.2349433760	-0.4096363751	-0.0000004881


-1.1727454218	-0.6015665060	-0.0000004146


-1.0847550817	-0.7802663262	-0.0000003458


-0.9738689104	-0.9424971669	-0.0000002829


-0.8432810565	-1.0856610119	-0.0000002267


-0.6963467986	-1.2077801088	-0.0000001777


-0.5364714106	-1.3074534480	-0.0000001363


-0.3670247469	-1.3838002952	-0.0000001027


-0.1912793180	-1.4363987799	-0.0000000767


-0.0123682717	-1.4652252390	-0.0000000584


0.1667407452	-1.4705979736	-0.0000000471


0.3432597204	-1.4531274732	-0.0000000426


0.5145858377	-1.4136739938	-0.0000000442


0.6783013412	-1.3533126053	-0.0000000512


0.8321700178	-1.2733053431	-0.0000000629


0.9741321324	-1.1750798355	-0.0000000784


1.1022992476	-1.0602136531	-0.0000000968


1.2149500587	-0.9304235831	-0.0000001171


1.3105281569	-0.7875590253	-0.0000001381


1.3876424862	-0.6335987076	-0.0000001588


1.4450711694	-0.4706499071	-0.0000001780


1.4817693254	-0.3009493112	-0.0000001946


1.4968814672	-0.1268645625	-0.0000002073


1.4897590348	0.0491046303	-0.0000002153


1.4599835497	0.2243271536	-0.0000002177


1.4073957471	0.3960445639	-0.0000002140


1.3321307987	0.5613805829	-0.0000002036


1.2346593231	0.7173584423	-0.0000001862


1.1158332351	0.8609289218	-0.0000001615


0.9769345274	0.9890122569	-0.0000001293


0.8197237679	1.0985571837	-0.0000000897


0.6464834318	1.1866200328	-0.0000000431


0.4600492793	1.2504657009	0.0000000099


0.2638211120	1.2876902300	0.0000000685


0.0617429162	1.2963614006	0.0000001312


-0.1417576422	1.2751692392	0.0000001967


-0.3418783010	1.2235731461	0.0000002630


-0.5336028802	1.1419275858	0.0000003280


-0.7119088081	1.0315656013	0.0000003895


-0.8720072119	0.8948206201	0.0000004452


-1.0095922320	0.7349732334	0.0000004931


-1.1210706114	0.5561204538	0.0000005312


-1.2037429283	0.3629780791	0.0000005579


-1.2559147875	0.1606385648	0.0000005719


-1.2769281983	-0.0456862773	0.0000005725


-1.2671167566	-0.2509082395	0.0000005593


-1.2276993690	-0.4502677503	0.0000005325


-1.1606335909	-0.6394869771	0.0000004924


-1.0684506898	-0.8148671069	0.0000004399


-0.9540914296	-0.9733341138	0.0000003760


-0.8207562317	-1.1124424069	0.0000003020


-0.6717776330	-1.2303477664	0.0000002191


-0.5105180479	-1.3257606500	0.0000001290


-0.3402923012	-1.3978892590	0.0000000329


-0.1643122431	-1.4463795223	-0.0000000675


0.0143502519	-1.4712569543	-0.0000001707


0.1927858298	-1.4728734735	-0.0000002754


0.3682594207	-1.4518608322	-0.0000003799


0.5382144177	-1.4090912933	-0.0000004829


0.7002719225	-1.3456455279	-0.0000005830


0.8522271840	-1.2627873071	-0.0000006789


0.9920449149	-1.1619443488	-0.0000007690


1.1178548084	-1.0446945788	-0.0000008522


1.2279483152	-0.9127570385	-0.0000009270


1.3207775504	-0.7679866618	-0.0000009921


1.3949570784	-0.6123721386	-0.0000010461


1.4492692514	-0.4480360585	-0.0000010879


1.4826737366	-0.2772364554	-0.0000011159


1.4943218398	-0.1023687603	-0.0000011291


1.4835761933	0.0740330188	-0.0000011262


1.4500362993	0.2492973243	-0.0000011064


1.3935702557	0.4206200550	-0.0000010688


1.3143527031	0.5850757205	-0.0000010132


1.2129085452	0.7396373579	-0.0000009397


1.0901612423	0.8812082409	-0.0000008489


0.9474833960	1.0066687045	-0.0000007419


0.7867458846	1.1129413941	-0.0000006205


0.6103600077	1.1970776934	-0.0000004868


0.4213051148	1.2563666898	-0.0000003432


0.2231323840	1.2884655222	-0.0000001924


0.0199343831	1.2915461627	-0.0000000373


-0.1837293886	1.2644487956	0.0000001192


-0.3829577774	1.2068266710	0.0000002741


-0.5726848986	1.1192629693	0.0000004246


-0.7479009153	1.0033386202	0.0000005675


-0.9038991150	0.8616328516	0.0000007003


-1.0365234347	0.6976462017	0.0000008202


-1.1423867461	0.5156477265	0.0000009250


-1.2190328120	0.3204612767	0.0000010128


-1.2650237616	0.1172161941	0.0000010822


-1.2799477660	-0.0889074974	0.0000011323


-1.2643545592	-0.2929113770	0.0000011627


-1.2196360923	-0.4901678152	0.0000011733


-1.1478740962	-0.6765555171	0.0000011647


-1.0516758029	-0.8485404687	0.0000011375


-0.9340150498	-1.0032084925	0.0000010928


-0.7980904194	-1.1382595941	0.0000010316


-0.6472065850	-1.2519754231	0.0000009552


-0.4846806054	-1.3431703224	0.0000008650


-0.3137718820	-1.4111345360	0.0000007624


-0.1376327617	-1.4555759286	0.0000006488


0.0407239510	-1.4765644950	0.0000005258


0.2184443650	-1.4744822378	0.0000003949


0.3928432203	-1.4499797208	0.0000002579


0.5614069225	-1.4039397208	0.0000001168


0.7217923347	-1.3374478420	-0.0000000264


0.8718232838	-1.2517696216	-0.0000001696


1.0094863292	-1.1483334833	-0.0000003102


1.1329270256	-1.0287188195	-0.0000004461


1.2404476781	-0.8946484572	-0.0000005749


1.3305074264	-0.7479847570	-0.0000006943


1.4017253966	-0.5907285776	-0.0000008021


1.4528876021	-0.4250202949	-0.0000008965


1.4829582444	-0.2531419809	-0.0000009756


1.4910960417	-0.0775196980	-0.0000010380


1.4766761661	0.0992753435	-0.0000010822


1.4393182756	0.2745283129	-0.0000011072


1.3789209308	0.4453868837	-0.0000011122


1.2957023388	0.6088743040	-0.0000010966


1.1902467994	0.7619122183	-0.0000010604


1.0635553620	0.9013564577	-0.0000010036


0.9170979821	1.0240492485	-0.0000009269


0.7528628532	1.1268911407	-0.0000008315


0.5733966666	1.2069351632	-0.0000007191


0.3818275242	1.2615039665	-0.0000005917


0.1818605534	1.2883277421	-0.0000004524


-0.0222643598	1.2856964517	-0.0000003043


-0.2258620228	1.2526146933	-0.0000001514


-0.4239438718	1.1889423004	0.0000000019


-0.6114106835	1.0955000829	0.0000001513


-0.7832850275	0.9741198335	0.0000002920


-0.9349627426	0.8276223026	0.0000004196


-1.0624555746	0.6597164380	0.0000005303


-1.1625952955	0.4748260195	0.0000006205


-1.2331745190	0.2778625073	0.0000006877


-1.2730100444	0.0739717178	0.0000007302


-1.2819278536	-0.1317156408	0.0000007473


-1.2606810038	-0.3343036448	0.0000007391


-1.2108196209	-0.5293037352	0.0000007065


-1.1345348896	-0.7127529924	0.0000006512


-1.0344970607	-0.8812797543	0.0000005755


-0.9137028059	-1.0321242830	0.0000004820


-0.7753416428	-1.1631251248	0.0000003738


-0.6226860178	-1.2726821991	0.0000002543


-0.4590057154	-1.3597063976	0.0000001270


-0.2875047111	-1.4235634494	-0.0000000044


-0.1112772316	-1.4640176469	-0.0000001363


0.0667206886	-1.4811790972	-0.0000002659


0.2436877864	-1.4754566324	-0.0000003917


0.4169855328	-1.4475173925	-0.0000005148


0.5841402328	-1.3982533327	-0.0000006390


0.7428415077	-1.3287544290	-0.0000007712


0.8909389613	-1.2402880836	-0.0000009225


1.0264384625	-1.1342840918	-0.0000011086


1.1474991959	-1.0123244762	-0.0000013501


1.2524324444	-0.8761374735	-0.0000016645


1.3397029467	-0.7275949104	-0.0000020410


1.4079335212	-0.5687121188	-0.0000024183


1.4559134787	-0.4016496778	-0.0000027336


1.4826116589	-0.2287162746	-0.0000029654


1.4871948854	-0.0523713650	-0.0000031157


1.4690522971	0.1247737892	-0.0000031918


1.4278259904	0.2999583054	-0.0000032005


1.3634482291	0.4702791389	-0.0000031474


1.2761850534	0.6327063520	-0.0000030372


1.1666854535	0.7841092027	-0.0000028742


1.0360342795	0.9212964536	-0.0000026627


0.8858056880	1.0410744506	-0.0000024075


0.7181121619	1.1403262040	-0.0000021143


0.5356421059	1.2161136327	-0.0000017892


0.3416769956	1.2658029818	-0.0000014396


0.1400775946	1.2872099766	-0.0000010739


-0.0647713673	1.2787565728	-0.0000007014


-0.2680665473	1.2396257274	-0.0000003320


-0.4647448033	1.1698956293	0.0000000238


-0.6496908974	1.0706320205	0.0000003555


-0.8179797048	0.9439184712	0.0000006533


-0.9651292966	0.7928108502	0.0000009079


-1.0873356122	0.6212132673	0.0000011119


-1.1816598425	0.4336860283	0.0000012594


-1.2461467091	0.2352079205	0.0000013467


-1.2798637635	0.0309219520	0.0000013719


-1.2828651015	-0.1741062185	0.0000013355


-1.2560938106	-0.3750938311	0.0000012394


-1.2012436457	-0.5676966204	0.0000010873


-1.1206014384	-0.7481103838	0.0000008839


-1.0168887505	-0.9131223962	0.0000006349


-0.8931161701	-1.0601215054	0.0000003464


-0.7524581499	-1.1870777318	0.0000000250


-0.5981515753	-1.2925019671	-0.0000003228


-0.4334178298	-1.3753948107	-0.0000006904


-0.2614060188	-1.4351915069	-0.0000010715


-0.0851539858	-1.4717078735	-0.0000014598


0.0924365184	-1.4850903417	-0.0000018495


0.2686139645	-1.4757718506	-0.0000022352


0.4407835100	-1.4444343602	-0.0000026115


0.6065083465	-1.3919780917	-0.0000029735


0.7635080011	-1.3194972021	-0.0000033168


0.9096552514	-1.2282613762	-0.0000036371


1.0429729840	-1.1197027042	-0.0000039304


1.1616320794	-0.9954071682	-0.0000041931


1.2639512318	-0.8571100407	-0.0000044219


1.3483995020	-0.7066944801	-0.0000046138


1.4136023427	-0.5461925685	-0.0000047660


1.4583518031	-0.3777879576	-0.0000048763


1.4816216048	-0.2038191567	-0.0000049426


1.4825877567	-0.0267822959	-0.0000049635


1.4606553080	0.1506680816	-0.0000049378


1.4154916916	0.3257220081	-0.0000048651


1.3470668229	0.4954231069	-0.0000047453


1.2556996332	0.6566863756	-0.0000045792


1.1421099449	0.8063279511	-0.0000043686


1.0074734693	0.9411104226	-0.0000041159


0.8534761757	1.0578073029	-0.0000038247


0.6823623727	1.1532897459	-0.0000034998


0.4969687180	1.2246371962	-0.0000031469


0.3007344165	1.2692710642	-0.0000027732


0.0976767079	1.2851065812	-0.0000023871


-0.1076787441	1.2707128785	-0.0000019976


-0.3104198838	1.2254658031	-0.0000016148


-0.5054238889	1.1496734477	-0.0000012491


-0.6875786737	1.0446527012	-0.0000009108


-0.8520325351	0.9127380412	-0.0000006096


-0.9944457716	0.7572119418	-0.0000003541


-1.1112142795	0.5821584689	-0.0000001515


-1.1996378486	0.3922548686	-0.0000000069


-1.2580149096	0.1925263773	0.0000000763


-1.2856582944	-0.0119059113	0.0000000971


-1.2828393716	-0.2160563931	0.0000000562


-1.2506773605	-0.4152651606	-0.0000000438


-1.1909949912	-0.6053365156	-0.0000001991


-1.1061611781	-0.7826245711	-0.0000004046


-0.9989375094	-0.9440716610	-0.0000006547


-0.8723400244	-1.0872091634	-0.0000009431


-0.7295224957	-1.2101315044	-0.0000012633


-0.5736831842	-1.3114533681	-0.0000016087


-0.4079940969	-1.3902583889	-0.0000019730


-0.2355500756	-1.4460455241	-0.0000023497


-0.0593342960	-1.4786773536	-0.0000027329


0.1178033481	-1.4883329388	-0.0000031167


0.2931582407	-1.4754666480	-0.0000034958


0.4641762471	-1.4407735032	-0.0000038649


0.6284544793	-1.3851610434	-0.0000042193


0.7837395312	-1.3097273613	-0.0000045544


0.9279247223	-1.2157447873	-0.0000048660


1.0590475864	-1.1046486032	-0.0000051502


1.1752886348	-0.9780301294	-0.0000054034


1.2749722704	-0.8376335097	-0.0000056224


1.3565706459	-0.6853554897	-0.0000058040


1.4187112105	-0.5232474304	-0.0000059456


1.4601886745	-0.3535186994	-0.0000060449


1.4799821073	-0.1785404241	-0.0000060999


1.4772778527	-0.0008483575	-0.0000061091


1.4514988652	0.1768567040	-0.0000060715


1.4023408815	0.3517129181	-0.0000059866


1.3298155049	0.5207082441	-0.0000058545


1.2342996989	0.6807010960	-0.0000056762


1.1165902999	0.8284542194	-0.0000054535


0.9779608811	0.9606855113	-0.0000051891


0.8202166028	1.0741394014	-0.0000048869


0.6457406399	1.1656816458	-0.0000045517


0.4575236008	1.2324186027	-0.0000041899


0.2591655332	1.2718389946	-0.0000038089


0.0548393668	1.2819717226	-0.0000034171


-0.1507940872	1.2615478555	-0.0000030242


-0.3527253591	1.2101494523	-0.0000026404


-0.5457883094	1.1283240225	-0.0000022760


-0.7248938313	1.0176431258	-0.0000019413


-0.8852843050	0.8806883296	-0.0000016459


-1.0227806139	0.7209575418	-0.0000013980


-1.1339917823	0.5426977453	-0.0000012043


-1.2164623146	0.3506828801	-0.0000010695


-1.2687429940	0.1499643211	-0.0000009964


-1.2903841113	-0.0543763009	-0.0000009855


-1.2818620154	-0.2574463090	-0.0000010357


-1.2444576488	-0.4547160784	-0.0000011442


-1.1801083463	-0.6421407295	-0.0000013068


-1.0912523673	-0.8162307196	-0.0000015184


-0.9806811461	-0.9740785154	-0.0000017732


-0.8514088725	-1.1133514097	-0.0000020650


-0.7065641009	-1.2322609961	-0.0000023873


-0.5493043106	-1.3295186824	-0.0000027337


-0.3827518640	-1.4042847501	-0.0000030977


-0.2099484588	-1.4561164417	-0.0000034733


-0.0338246640	-1.4849187387	-0.0000038544


0.1428188511	-1.4909000308	-0.0000042354


0.3173214633	-1.4745337983	-0.0000046109


0.4871667463	-1.4365266874	-0.0000049758


0.6499828000	-1.3777928836	-0.0000053254


0.8035405225	-1.2994344047	-0.0000056552


0.9457512490	-1.2027267857	-0.0000059611


1.0746649231	-1.0891095536	-0.0000062391


1.1884697792	-0.9601808563	-0.0000064857


1.2854943953	-0.8176955873	-0.0000066975


1.3642129057	-0.6635663078	-0.0000068716


1.4232541349	-0.4998661967	-0.0000070053


1.4614154029	-0.3288331398	-0.0000070962


1.4776817430	-0.1528738795	-0.0000071425


1.4712512333	0.0254331168	-0.0000071425


1.4415670368	0.2033377640	-0.0000070955


1.3883565183	0.3779235799	-0.0000070008


1.3116773969	0.5461206598	-0.0000068588


1.2119702149	0.7047295817	-0.0000066706


1.0901153848	0.8504598639	-0.0000064381


0.9474916325	0.9799868147	-0.0000061642


0.7860308011	1.0900303393	-0.0000058531


0.6082618036	1.1774582061	-0.0000055101


0.4173343446	1.2394140711	-0.0000051416


0.2170114257	1.2734669853	-0.0000047554


0.0116194432	1.2777742020	-0.0000043605


-0.1940531669	1.2512434225	-0.0000039665


-0.3949125784	1.1936754114	-0.0000035838


-0.5857671007	1.1058649941	-0.0000032229


-0.7615710910	0.9896397199	-0.0000028939


-0.9176813345	0.8478220300	-0.0000026062


-1.0500963042	0.6841120133	-0.0000023676


-1.1556492239	0.5029012174	-0.0000021844


-1.2321330422	0.3090397327	-0.0000020607


-1.2783473695	0.1075854486	-0.0000019988


-1.2940705661	-0.0964356119	-0.0000019989


-1.2799708759	-0.2982348351	-0.0000020593


-1.2374765073	-0.4934186100	-0.0000021770


-1.1686255444	-0.6780937261	-0.0000023476


-1.0759137032	-0.8489240396	-0.0000025659


-0.9621530502	-1.0031466841	-0.0000028260


-0.8303495488	-1.1385580811	-0.0000031218


-0.6836027812	-1.2534798536	-0.0000034468


-0.5250278943	-1.3467133318	-0.0000037947


-0.3576977649	-1.4174894085	-0.0000041593


-0.1846023384	-1.4654185592	-0.0000045343


-0.0086217839	-1.4904441645	-0.0000049141


0.1674897664	-1.4928009609	-0.0000052929


0.3411127695	-1.4729794976	-0.0000056656


0.5097655553	-1.4316968355	-0.0000060271


0.6711043506	-1.3698733233	-0.0000063727


0.8229216760	-1.2886150488	-0.0000066980


0.9631444441	-1.1892014418	-0.0000069988


1.0898328604	-1.0730774429	-0.0000072713


1.2011810692	-0.9418496226	-0.0000075119


1.2955203907	-0.7972856038	-0.0000077174


1.3713259462	-0.6413160909	-0.0000078846


1.4272274498	-0.4760387179	-0.0000080110


1.4620249448	-0.3037227829	-0.0000080943


1.4747102492	-0.1268137188	-0.0000081324


1.4644948252	0.0520641508	-0.0000081239


1.4308446507	0.2301084141	-0.0000080679


1.3735223947	0.4043452554	-0.0000079641


1.2926367099	0.5716448854	-0.0000078128


1.1886976642	0.7287491169	-0.0000076153


1.0626761676	0.8723149030	-0.0000073736


0.9160636372	0.9989777584	-0.0000070910


0.7509261267	1.1054384959	-0.0000067719


0.5699448768	1.1885753015	-0.0000064217


0.3764331354	1.2455805037	-0.0000060474


0.1743178084	1.2741172937	-0.0000056571


-0.0319250359	1.2724863216	-0.0000052600


-0.2373886564	1.2397863151	-0.0000048660


-0.4369096281	1.1760481406	-0.0000044856


-0.6252896815	1.0823199903	-0.0000041292


-0.7975474760	0.9606843926	-0.0000038070


-0.9491738375	0.8141960917	-0.0000035279


-1.0763601953	0.6467422320	-0.0000032994


-1.1761727983	0.4628395820	-0.0000031273


-1.2466544115	0.2673938808	-0.0000030152


-1.2868479518	0.0654508609	-0.0000029650


-1.2967491446	-0.1380336627	-0.0000029762


-1.2772045083	-0.3383845306	-0.0000030470


-1.2297752117	-0.5313482664	-0.0000031739


-1.1565868721	-0.7131829206	-0.0000033526


-1.0601816678	-0.8807019776	-0.0000035776


-0.9433840369	-1.0312813621	-0.0000038431


-0.8091862135	-1.1628397607	-0.0000041430


-0.6606557741	-1.2738018433	-0.0000044709


-0.5008645251	-1.3630523556	-0.0000048205


-0.3328363901	-1.4298871226	-0.0000051857


-0.1595111821	-1.4739651652	-0.0000055605


0.0162790058	-1.4952646022	-0.0000059391


0.1918238548	-1.4940438371	-0.0000063161


0.3645420080	-1.4708087009	-0.0000066862


0.5319836516	-1.4262856732	-0.0000070445


0.6918303483	-1.3614009586	-0.0000073864


0.8418936402	-1.2772650072	-0.0000077074


0.9801136637	-1.1751619603	-0.0000080035


1.1045588265	-1.0565434542	-0.0000082709


1.2134274624	-0.9230261829	-0.0000085058


1.3050523040	-0.7763925822	-0.0000087051


1.3779085836	-0.6185939305	-0.0000088658


1.4306265633	-0.4517550541	-0.0000089851


1.4620093001	-0.2781796509	-0.0000090608


1.4710564376	-0.1003549956	-0.0000090910


1.4569947418	0.0790455477	-0.0000090741


1.4193159352	0.2571642157	-0.0000090095


1.3578220401	0.4309672657	-0.0000088967


1.2726778655	0.5972632229	-0.0000087363


1.1644693545	0.7527345826	-0.0000085297


1.0342651789	0.8939869595	-0.0000082791


0.8836771841	1.0176196322	-0.0000079881


0.7149131133	1.1203206871	-0.0000076612


0.5308127177	1.1989881578	-0.0000073045


0.3348563821	1.2508753860	-0.0000069250


0.1311345508	1.2737542076	-0.0000065313


-0.0757325176	1.2660838873	-0.0000061326


-0.2807309165	1.2271680181	-0.0000057394


-0.4786439753	1.1572775976	-0.0000053621


-0.6642867830	1.0577181802	-0.0000050111


-0.8327631597	0.9308238619	-0.0000046964


-0.9797165849	0.7798708648	-0.0000044265


-1.1015449255	0.6089166484	-0.0000042086


-1.1955539476	0.4225832046	-0.0000040480


-1.2600353287	0.2258117824	-0.0000039477


-1.2942679852	0.0236184670	-0.0000039091


-1.2984532481	-0.1791240965	-0.0000039314


-1.2736019948	-0.3778618754	-0.0000040125


-1.2213943771	-0.5684841505	-0.0000041486


-1.1440310633	-0.7473987130	-0.0000043352


-1.0440906183	-0.9115642239	-0.0000045668


-0.9244025162	-1.0584892277	-0.0000048376


-0.7879405784	-1.1862078158	-0.0000051415


-0.6377379994	-1.2932409244	-0.0000054722


-0.4768227197	-1.3785505199	-0.0000058235


-0.3081705647	-1.4414920351	-0.0000061894


-0.1346730260	-1.4817687022	-0.0000065639


0.0408834638	-1.4993900417	-0.0000069415


0.2158296562	-1.4946357268	-0.0000073167


0.3876195127	-1.4680253236	-0.0000076844


0.5538322304	-1.4202939328	-0.0000080397


0.7121719883	-1.3523734741	-0.0000083780


0.8604668264	-1.2653791929	-0.0000086950


0.9966678333	-1.1606008814	-0.0000089865


1.1188496457	-1.0394982662	-0.0000092487


1.2252131596	-0.9036999739	-0.0000094781


1.3140912957	-0.7550054428	-0.0000096714


1.3839586462	-0.5953890617	-0.0000098255


1.4334458315	-0.4270056904	-0.0000099378


1.4613594042	-0.2521965076	-0.0000100061


1.4667081101	-0.0734938530	-0.0000100283


1.4487362299	0.1063766525	-0.0000100032


1.4069645056	0.2844989027	-0.0000099299


1.3412387543	0.4577767652	-0.0000098082


1.2517855822	0.6229555448	-0.0000096387


1.1392735574	0.7766583044	-0.0000094231


1.0048766942	0.9154411808	-0.0000091638


0.8503351423	1.0358716066	-0.0000088646


0.6780056647	1.1346322963	-0.0000085303


0.4908921592	1.2086516018	-0.0000081673


0.2926447295	1.2552571353	-0.0000077831


0.0875155245	1.2723444417	-0.0000073865


-0.1197382666	1.2585465756	-0.0000069870


-0.3240085162	1.2133850100	-0.0000065952


-0.5200431015	1.1373792781	-0.0000062217


-0.7026910931	1.0320940662	-0.0000058768


-0.8671620047	0.9001092096	-0.0000055701


-1.0092692423	0.7449094902	-0.0000053100


-1.1256285080	0.5707046200	-0.0000051030


-1.2137892160	0.3822015049	-0.0000049540


-1.2722889070	0.1843574256	-0.0000048656


-1.3006336354	-0.0178573075	-0.0000048386


-1.2992177817	-0.2196644909	-0.0000048720


-1.2692025927	-0.4166372339	-0.0000049631


-1.2123737024	-0.6048088236	-0.0000051082


-1.1309951506	-0.7807343078	-0.0000053025


-1.0276727351	-0.9415125246	-0.0000055405


-0.9052345196	-1.0847782763	-0.0000058164


-0.7666319900	-1.2086742694	-0.0000061242


-0.6148621775	-1.3118111624	-0.0000064576


-0.4529090570	-1.3932222710	-0.0000068105


-0.2837014882	-1.4523176625	-0.0000071770


-0.1100846110	-1.4888407853	-0.0000075514


0.0651983194	-1.5028295313	-0.0000079279


0.2395163737	-1.4945827126	-0.0000083014


0.4103559976	-1.4646323065	-0.0000086668


0.5753226105	-1.4137214251	-0.0000090191


0.7321403566	-1.3427877195	-0.0000093539


0.8786513269	-1.2529517974	-0.0000096668


1.0128153707	-1.1455101628	-0.0000099538


1.1327114653	-1.0219321397	-0.0000102110


1.2365415357	-0.8838602063	-0.0000104348


1.3226375752	-0.7331131022	-0.0000106221


1.3894729159	-0.5716909735	-0.0000107697


1.4356785111	-0.4017816591	-0.0000108750


1.4600650945	-0.2257669928	-0.0000109358


1.4616520483	-0.0462276695	-0.0000109501


1.4397036897	0.1340551980	-0.0000109166


1.3937734230	0.3121042262	-0.0000108346


1.3237557133	0.4847585984	-0.0000107040


1.2299450323	0.6486991810	-0.0000105255


1.1130997144	0.8004899912	-0.0000103009


0.9745069767	0.9366402553	-0.0000100330


0.8160432147	1.0536908512	-0.0000097257


0.6402212779	1.1483275104	-0.0000093843


0.4502141515	1.2175204109	-0.0000090154


0.2498430621	1.2586855339	-0.0000086269


0.0435184260	1.2698575942	-0.0000082279


-0.1638747372	1.2498583278	-0.0000078282


-0.3671487668	1.1984390034	-0.0000074385


-0.5610351213	1.1163742291	-0.0000070693


-0.7404378481	1.0054872429	-0.0000067311


-0.9006920148	0.8685954205	-0.0000064329


-1.0377965999	0.7093773033	-0.0000061829


-1.1485943132	0.5321757933	-0.0000059871


-1.2308800140	0.3417624250	-0.0000058499


-1.2834320846	0.1430919538	-0.0000057734


-1.3059735490	-0.0589257112	-0.0000057579


-1.2990787349	-0.2596163800	-0.0000058021


-1.2640453906	-0.4546847470	-0.0000059031


-1.2027517277	-0.6403081191	-0.0000060569


-1.1175143264	-0.8131854947	-0.0000062587


-1.0109579761	-0.9705504674	-0.0000065029


-0.8859037257	-1.1101576338	-0.0000067837


-0.7452775042	-1.2302516521	-0.0000070951


-0.5920389323	-1.3295266236	-0.0000074311


-0.4291282942	-1.4070816708	-0.0000077856


-0.2594288531	-1.4623768641	-0.0000081527


-0.0857414950	-1.4951921974	-0.0000085268


0.0892311682	-1.5055911938	-0.0000089023


0.2628937798	-1.4938899213	-0.0000092741


0.4327624726	-1.4606316553	-0.0000096371


0.5964661576	-1.4065670853	-0.0000099865


0.7517463608	-1.3326397586	-0.0000103178


0.8964568513	-1.2399763445	-0.0000106267


1.0285641254	-1.1298812379	-0.0000109092


1.1461496976	-1.0038349812	-0.0000111613


1.2474150845	-0.8634959352	-0.0000113797


1.3306903494	-0.7107045541	-0.0000115609


1.3944470843	-0.5474894997	-0.0000117020


1.4373167253	-0.3760746437	-0.0000118003


1.4581150955	-0.1988857408	-0.0000118535


1.4558740223	-0.0185551897	-0.0000118598


1.4298807168	0.1620771670	-0.0000118179


1.3797252788	0.3399698193	-0.0000117271


1.3053561031	0.5118951806	-0.0000115874


1.2071420269	0.6744688353	-0.0000113999


1.0859386687	0.8241967123	-0.0000111664


0.9431545394	0.9575444763	-0.0000108898


0.7808101999	1.0710327079	-0.0000105747


0.6015812590	1.1613596119	-0.0000102264


0.4088138748	1.2255497136	-0.0000098520


0.2065004625	1.2611221974	-0.0000094596


-0.0007954570	1.2662666118	-0.0000090587


-0.2080719979	1.2400077219	-0.0000086594


-0.4100782897	1.1823371326	-0.0000082724


-0.6015493995	1.0942889923	-0.0000079082


-0.7774653845	0.9779420906	-0.0000075771


-0.9333057140	0.8363408782	-0.0000072880


-1.0652687153	0.6733412327	-0.0000070484


-1.1704309674	0.4933995192	-0.0000068640


-1.2468323218	0.3013319565	-0.0000067386


-1.2934852120	0.1020733619	-0.0000066739


-1.3103184116	-0.0995397893	-0.0000066698


-1.2980727794	-0.2989452194	-0.0000067247


-1.2581689915	-0.4919821856	-0.0000068353


-1.1925656212	-0.6749709327	-0.0000069975


-1.1036218316	-0.8447504211	-0.0000072064


-0.9939740494	-0.9986832662	-0.0000074565


-0.8664314958	-1.1346373730	-0.0000077421


-0.7238919634	-1.2509528602	-0.0000080570


-0.5692768927	-1.3464012749	-0.0000083954


-0.4054834777	-1.4201423333	-0.0000087513


-0.2353509549	-1.4716818100	-0.0000091190


-0.0616381580	-1.5008328822	-0.0000094927


0.1129903764	-1.5076822364	-0.0000098672


0.2859721299	-1.4925615476	-0.0000102373


0.4548501663	-1.4560244723	-0.0000105979


0.6172742145	-1.3988290096	-0.0000109444


0.7710006661	-1.3219249121	-0.0000112722


0.9138926660	-1.2264457363	-0.0000115772


1.0439213213	-1.1137050662	-0.0000118551


1.1591689652	-0.9851963993	-0.0000121023


1.2578353666	-0.8425961259	-0.0000123151


1.3382477754	-0.6877689447	-0.0000124902


1.3988757132	-0.5227749081	-0.0000126247


1.4383514382	-0.3498770825	-0.0000127158


1.4554970108	-0.1715484970	-0.0000127614


1.4493588109	0.0095233480	-0.0000127596


1.4192501595	0.1904366593	-0.0000127092


1.3648022966	0.3680830684	-0.0000126095


1.2860232730	0.5391663909	-0.0000124608


1.1833632228	0.7002365216	-0.0000122642


1.0577829154	0.8477429033	-0.0000120217


0.9108204182	0.9781118437	-0.0000117367


0.7446482507	1.0878509083	-0.0000114138


0.5621109179	1.1736813169	-0.0000110589


0.3667308138	1.2326954272	-0.0000106792


0.1626701127	1.2625310602	-0.0000102835


-0.0453615409	1.2615482436	-0.0000098812


-0.2522582087	1.2289882989	-0.0000094828


-0.4527236107	1.1650920708	-0.0000090991


-0.6415171589	1.0711554683	-0.0000087405


-0.8137156421	0.9495073998	-0.0000084171


-0.9649604509	0.8034068220	-0.0000081373


-1.0916609731	0.6368691970	-0.0000079085


-1.1911321815	0.4544443001	-0.0000077356


-1.2616563466	0.2609737240	-0.0000076220


-1.3024716232	0.0613562573	-0.0000075691


-1.3137005137	-0.1396564475	-0.0000075762


-1.2962368938	-0.3376203081	-0.0000076414


-1.2516112300	-0.5285107783	-0.0000077613


-1.1818509997	-0.7087890037	-0.0000079317


-1.0893488705	-0.8754293646	-0.0000081475


-0.9767464052	-1.0259175540	-0.0000084033


-0.8468369226	-1.1582283420	-0.0000086933


-0.7024880808	-1.2707910242	-0.0000090116


-0.5465827949	-1.3624488919	-0.0000093523


-0.3819760519	-1.4324173681	-0.0000097095


-0.2114647994	-1.4802439531	-0.0000100776


-0.0377681020	-1.5057719381	-0.0000104511


0.1364849900	-1.5091089614	-0.0000108245


0.3087620806	-1.4906008749	-0.0000111928


0.4766304521	-1.4508109849	-0.0000115511


0.6377580344	-1.3905044904	-0.0000118947


0.7899136327	-1.3106377957	-0.0000122190


0.9309675356	-1.2123522961	-0.0000125199


1.0588935006	-1.0969721823	-0.0000127934


1.1717730469	-0.9660057609	-0.0000130355


1.2678029583	-0.8211497188	-0.0000132427


1.3453069151	-0.6642956495	-0.0000134117


1.4027521980	-0.4975379906	-0.0000135395


1.4387724324	-0.3231822730	-0.0000136234


1.4521973238	-0.1437522374	-0.0000136612


1.4420902331	0.0380060809	-0.0000136512


1.4077941897	0.2191257581	-0.0000135921


1.3489864526	0.3964289902	-0.0000134835


1.2657409093	0.5665494775	-0.0000133257


1.1585963471	0.7259715216	-0.0000131199


1.0286268667	0.8710904026	-0.0000128685


0.8775084496	0.9982982050	-0.0000125751


0.7075731235	1.1040978350	-0.0000122446


0.5218397344	1.1852451538	-0.0000118833


0.3240087824	1.2389147228	-0.0000114988


0.1184091342	1.2628788656	-0.0000111001


-0.0901123063	1.2556834679	-0.0000106970


-0.2963601473	1.2167988335	-0.0000103002


-0.4950117714	1.1467220704	-0.0000099203


-0.6808720652	1.0470107006	-0.0000095679


-0.8491346091	0.9202359339	-0.0000092525


-0.9956186236	0.7698567749	-0.0000089825


-1.1169540644	0.6000295105	-0.0000087646


-1.2106965157	0.4153772798	-0.0000086033


-1.2753661445	0.2207486273	-0.0000085016


-1.3104171999	0.0209916807	-0.0000084602


-1.3161533333	-0.1792364665	-0.0000084783


-1.2936080164	-0.3756146767	-0.0000085536


-1.2444089232	-0.5642550203	-0.0000086826


-1.1706417800	-0.7417566910	-0.0000088609


-1.0747245515	-0.9052245121	-0.0000090833


-0.9592982469	-1.0522611860	-0.0000093446


-0.8271368887	-1.1809420040	-0.0000096389


-0.6810765289	-1.2897793889	-0.0000099603


-0.5239615853	-1.3776829770	-0.0000103031


-0.3586059654	-1.4439193314	-0.0000106616


-0.1877662048	-1.4880740064	-0.0000110301


-0.0141239458	-1.5100176149	-0.0000114031


0.1597246482	-1.5098767769	-0.0000117754


0.3312746120	-1.4880102967	-0.0000121420


0.4981147777	-1.4449905739	-0.0000124979


0.6579287155	-1.3815900485	-0.0000128385


0.8084952550	-1.2987723575	-0.0000131594


0.9476896644	-1.1976878107	-0.0000134563


1.0734864671	-1.0796727435	-0.0000137252


1.1839648232	-0.9462522474	-0.0000139621


1.2773174014	-0.7991456958	-0.0000141637


1.3518636907	-0.6402743531	-0.0000143265


1.4060687344	-0.4717701575	-0.0000144475


1.4385682930	-0.2959844821	-0.0000145241


1.4482014061	-0.1154952915	-0.0000145541


1.4340511902	0.0668893899	-0.0000145357


1.3954943895	0.2481343978	-0.0000144679


1.3322596131	0.4249901138	-0.0000143502


1.2444932279	0.5940189748	-0.0000141831


1.1328304405	0.7516403628	-0.0000139681


0.9984671282	0.8941985185	-0.0000137079


0.8432255493	1.0180574348	-0.0000134062


0.6696044114	1.1197248254	-0.0000130683


0.4808014878	1.1960038794	-0.0000127009


0.2806958949	1.2441665132	-0.0000123120


0.0737783629	1.2621356510	-0.0000119108


-0.1349777176	1.2486578821	-0.0000115075


-0.3403037741	1.2034435371	-0.0000111127


-0.5368709461	1.1272509196	-0.0000107372


-0.7195507776	1.0218965803	-0.0000103914


-0.8836727022	0.8901839364	-0.0000100846


-1.0252478254	0.7357559539	-0.0000098247


-1.1411338915	0.5628903090	-0.0000096178


-1.2291270918	0.3762637779	-0.0000094683


-1.2879792186	0.1807145425	-0.0000093783


-1.3173499376	-0.0189730159	-0.0000093483


-1.3177111407	-0.2182444706	-0.0000093772


-1.2902227323	-0.4129049460	-0.0000094623


-1.2365976560	-0.5992024706	-0.0000096001


-1.1589700614	-0.7738707495	-0.0000097859


-1.0597758517	-0.9341397457	-0.0000100148


-0.9416505571	-1.0777230558	-0.0000102812


-0.8073461352	-1.2027902907	-0.0000105796


-0.6596660315	-1.3079312061	-0.0000109040


-0.5014165237	-1.3921166879	-0.0000112489


-0.3353717749	-1.4546601844	-0.0000116085


-0.1642499015	-1.4951819248	-0.0000119772


0.0093024825	-1.5135773138	-0.0000123498


0.1827194997	-1.5099902093	-0.0000127210


0.3535209513	-1.4847913372	-0.0000130857


0.5193145957	-1.4385618000	-0.0000134393


0.6777971372	-1.3720814651	-0.0000137770


0.8267551008	-1.2863219142	-0.0000140943


0.9640666381	-1.1824435719	-0.0000143872


1.0877052295	-1.0617965791	-0.0000146514


1.1957462221	-0.9259249124	-0.0000148832


1.2863771525	-0.7765731498	-0.0000150791


1.3579128418	-0.6156951320	-0.0000152355


1.4088162879	-0.4454635364	-0.0000153497


1.4377263960	-0.2682790599	-0.0000154189


1.4434935346	-0.0867774708	-0.0000154409


1.4252237215	0.0961677646	-0.0000154140


1.3823318535	0.2774502329	-0.0000153373


1.3146036910	0.4537463703	-0.0000152104


1.2222651872	0.6215466367	-0.0000150340


1.1060561174	0.7772068224	-0.0000148098


0.9673027847	0.9170241310	-0.0000145407


0.8079819859	1.0373416565	-0.0000142308


0.6307657534	1.1346825172	-0.0000138858


0.4390343437	1.2059109285	-0.0000135126


0.2368444763	1.2484119518	-0.0000131196


0.0288420576	1.2602752156	-0.0000127165


-0.1798856995	1.2404620426	-0.0000123134


-0.3840148278	1.1889321863	-0.0000119213


-0.5782310503	1.1067078157	-0.0000115508


-0.7574934542	0.9958594794	-0.0000112122


-0.9172850732	0.8594105971	-0.0000109143


-1.0538209086	0.7011706748	-0.0000106647


-1.1641914046	0.5255190049	-0.0000104691


-1.2464312616	0.3371668784	-0.0000103312


-1.2995161007	0.1409260817	-0.0000102528


-1.3232995232	-0.0584942392	-0.0000102341


-1.3184086293	-0.2566488581	-0.0000102735


-1.2861169921	-0.4494711638	-0.0000103682


-1.2282115998	-0.6333435407	-0.0000105144


-1.1468660357	-0.8051301095	-0.0000107076


-1.0445276019	-0.9621804393	-0.0000109426


-0.9238221377	-1.1023129229	-0.0000112140


-0.7874773368	-1.2237854687	-0.0000115162


-0.6382634587	-1.3252596382	-0.0000118435


-0.4789492849	-1.4057627747	-0.0000121903


-0.3122707467	-1.4646512577	-0.0000125509


-0.1409096280	-1.5015768917	-0.0000129198


0.0325200574	-1.5164575893	-0.0000132919


0.2054801224	-1.5094529165	-0.0000136619


0.3755125002	-1.4809446728	-0.0000140249


0.5402412966	-1.4315224313	-0.0000143760


0.6973738963	-1.3619738135	-0.0000147107


0.8447022508	-1.2732791879	-0.0000150246


0.9801053646	-1.1666104191	-0.0000153133


1.1015539442	-1.0433332401	-0.0000155729


1.2071181642	-0.9050127418	-0.0000157995


1.2949795329	-0.7534213580	-0.0000159895


1.3634478842	-0.5905485429	-0.0000161396


1.4109845670	-0.4186110757	-0.0000162467


1.4362329047	-0.2400625598	-0.0000163083


1.4380569190	-0.0576001999	-0.0000163222


1.4155890727	0.1258336659	-0.0000162867


1.3682873083	0.3070585089	-0.0000162010


1.2960008223	0.4826749908	-0.0000160648


1.1990427189	0.6491013868	-0.0000158790


1.0782658403	0.8026319583	-0.0000156456


0.9351356909	0.9395218307	-0.0000153676


0.7717916440	1.0561015057	-0.0000150497


0.5910850147	1.1489212346	-0.0000146977


0.3965808897	1.2149208904	-0.0000143191


0.1925109097	1.2516149367	-0.0000139226


-0.0163324560	1.2572755608	-0.0000135179


-0.2247626631	1.2310917460	-0.0000131157


-0.4274194389	1.1732801704	-0.0000127268


-0.6190243281	1.0851271548	-0.0000123619


-0.7946441994	0.9689498189	-0.0000120308


-0.9499318381	0.8279774860	-0.0000117422


-1.0813159713	0.6661677653	-0.0000115032


-1.1861223773	0.4879817806	-0.0000113189


-1.2626202409	0.2981470721	-0.0000111927


-1.3099999286	0.1014344107	-0.0000111258


-1.3282969268	-0.0975321753	-0.0000111181


-1.3182805757	-0.2944216987	-0.0000111678


-1.2813258652	-0.4852966248	-0.0000112718


-1.2192833616	-0.6666712811	-0.0000114262


-1.1343579228	-0.8355356623	-0.0000116264


-1.0290024902	-0.9893532661	-0.0000118673


-0.9058296614	-1.1260412547	-0.0000121435


-0.7675411831	-1.2439400180	-0.0000124494


-0.6168739232	-1.3417776731	-0.0000127794


-0.4565600603	-1.4186335259	-0.0000131279


-0.2892989560	-1.4739032231	-0.0000134894


-0.1177382235	-1.5072673089	-0.0000138586


0.0555382711	-1.5186641537	-0.0000142301


0.2280174459	-1.5082677021	-0.0000145988


0.3972607635	-1.4764701530	-0.0000149600


0.5609061417	-1.4238694692	-0.0000153087


0.7166692441	-1.3512614903	-0.0000156404


0.8623452371	-1.2596363424	-0.0000159507


0.9958120145	-1.1501787825	-0.0000162353


1.1150358570	-1.0242720513	-0.0000164902


1.2180805076	-0.8835047173	-0.0000167114


1.3031206793	-0.7296798581	-0.0000168955


1.3684610707	-0.5648257149	-0.0000170391


1.4125620012	-0.3912066549	-0.0000171391


1.4340727724	-0.2113328639	-0.0000171930


1.4318737399	-0.0279666540	-0.0000171986


1.4051277799	0.1558773884	-0.0000171543


1.3533412507	0.3369419378	-0.0000170594


1.2764335625	0.5117504168	-0.0000169139


1.1748129789	0.6766492904	-0.0000167186


1.0494542075	0.8278741721	-0.0000164760


0.9019707628	0.9616440983	-0.0000161893


0.7346722716	1.0742864377	-0.0000158634


0.5505944285	1.1623914126	-0.0000155048


0.3534881164	1.2229900070	-0.0000151211


0.1477554161	1.2537426068	-0.0000147214


-0.0616752045	1.2531192904	-0.0000143158


-0.2695340728	1.2205482405	-0.0000139150


-0.4704447477	1.1565084555	-0.0000135299


-0.6591859050	1.0625482428	-0.0000131710


-0.8309514469	0.9412215827	-0.0000128480


-0.9815782278	0.7959479699	-0.0000125690


-1.1077162715	0.6308139959	-0.0000123407


-1.2069271300	0.4503431269	-0.0000121678


-1.2777087209	0.2592619567	-0.0000120532


-1.3194560251	0.0622871212	-0.0000119977


-1.3323740165	-0.1360507679	-0.0000120009


-1.3173615313	-0.3315386039	-0.0000120605


-1.2758833261	-0.5203676785	-0.0000121735


-1.2098438639	-0.6991811658	-0.0000123358


-1.1214719297	-0.8650900530	-0.0000125428


-1.0132210813	-1.0156660177	-0.0000127894


-0.8876877319	-1.1489190802	-0.0000130701


-0.7475464641	-1.2632665233	-0.0000133795


-0.5955008776	-1.3574980488	-0.0000137121


-0.4342476567	-1.4307407218	-0.0000140623


-0.2664513821	-1.4824260692	-0.0000144246


-0.0947277180	-1.5122607906	-0.0000147939


0.0783671502	-1.5202018830	-0.0000151648


0.2503426754	-1.5064365305	-0.0000155323


0.4187772789	-1.4713668217	-0.0000158915


0.5813201979	-1.4155991751	-0.0000162378


0.7356930233	-1.3399382465	-0.0000165665


0.8796919822	-1.2453850201	-0.0000168731


1.0111919605	-1.1331387272	-0.0000171535


1.1281532444	-1.0046021653	-0.0000174036


1.2286319921	-0.8613898824	-0.0000176195


1.3107954956	-0.7053385302	-0.0000177976


1.3729433551	-0.5385184483	-0.0000179345


1.4135357246	-0.3632451999	-0.0000180273


1.4312297550	-0.1820893135	-0.0000180733


1.4249252006	0.0021181021	-0.0000180705


1.3938197705	0.1862869220	-0.0000180173


1.3374741053	0.3670805793	-0.0000179131


1.2558851030	0.5409442250	-0.0000177580


1.1495646150	0.7041535514	-0.0000175533


1.0196182496	0.8528893071	-0.0000173014


0.8678162652	0.9833415248	-0.0000170060


0.6966457028	1.0918450773	-0.0000166725


0.5093306944	1.1750440543	-0.0000163074


0.3098073356	1.2300766836	-0.0000159191


0.1026417668	1.2547658223	-0.0000155167


-0.1071140429	1.2477939609	-0.0000151107


-0.3141250426	1.2088383621	-0.0000147119


-0.5130195160	1.1386434626	-0.0000143312


-0.6986542951	1.0390149336	-0.0000139788


-0.8663682698	0.9127317893	-0.0000136641


-1.0121946585	0.7633866243	-0.0000133950


-1.1330100724	0.5951755399	-0.0000131777


-1.2266102107	0.4126654327	-0.0000130162


-1.2917144629	0.2205659938	-0.0000129131


-1.3279114860	0.0235281540	-0.0000128688


-1.3355631972	-0.1740176591	-0.0000128826


-1.3156855450	-0.3679785746	-0.0000129519


-1.2698220720	-0.5546735289	-0.0000130737


-1.1999222507	-0.7308708816	-0.0000132437


-1.1082322296	-0.8937974834	-0.0000134572


-0.9972018494	-1.0411274354	-0.0000137091


-0.8694089532	-1.1709578567	-0.0000139942


-0.7275001583	-1.2817775755	-0.0000143070


-0.5741462105	-1.3724331869	-0.0000146420


-0.4120095943	-1.4420955943	-0.0000149937


-0.2437220021	-1.4902290827	-0.0000153569


-0.0718694187	-1.5165641595	-0.0000157261


0.1010171768	-1.5210748245	-0.0000160964


0.2724672187	-1.5039605419	-0.0000164626


0.4400735486	-1.4656329384	-0.0000168199


0.6014942724	-1.4067070962	-0.0000171637


0.7544546049	-1.3279972190	-0.0000174893


0.8967497364	-1.2305163798	-0.0000177923


1.0262497162	-1.1154799993	-0.0000180685


1.1409073541	-0.9843126194	-0.0000183137


1.2387701848	-0.8386574134	-0.0000185241


1.3179976058	-0.6803876833	-0.0000186961


1.3768843601	-0.5116193189	-0.0000188262


1.4138915659	-0.3347228046	-0.0000189116


1.4276864333	-0.1523328453	-0.0000189496


1.4171915922	0.0326469707	-0.0000189381


1.3816444813	0.2170478161	-0.0000188759


1.3206664031	0.3974517315	-0.0000187622


1.2343395088	0.5702250700	-0.0000185976


1.1232880513	0.7315745372	-0.0000183833


0.9887577331	0.8776307833	-0.0000181221


0.8326840887	1.0045630773	-0.0000178182


0.6577380513	1.1087256112	-0.0000174772


0.4673350256	1.1868312175	-0.0000171061


0.2655940338	1.2361420033	-0.0000167135


0.0572369296	1.2546596144	-0.0000163090


-0.1525751808	1.2412923705	-0.0000159031


-0.3584609520	1.1959745884	-0.0000155069


-0.5550747155	1.1197168631	-0.0000151310


-0.7373718523	1.0145752030	-0.0000147856


-0.9008526149	0.8835399319	-0.0000144798


-1.0417567268	0.7303586515	-0.0000142208


-1.1571904293	0.5593174703	-0.0000140144


-1.2451800427	0.3750086273	-0.0000138644


-1.3046578891	0.1821103222	-0.0000137727


-1.3353947836	-0.0148022301	-0.0000137395


-1.3378970774	-0.2114040977	-0.0000137635


-1.3132859196	-0.4037238327	-0.0000138424


-1.2631733717	-0.5882060305	-0.0000139726


-1.1895458187	-0.7617401207	-0.0000141499


-1.0946609587	-0.9216635239	-0.0000143697


-0.9809612223	-1.0657470540	-0.0000146269


-0.8510040028	-1.1921693482	-0.0000149162


-0.7074075231	-1.2994856842	-0.0000152321


-0.5528103434	-1.3865951349	-0.0000155694


-0.3898422012	-1.4527087937	-0.0000159226


-0.2211038812	-1.4973208335	-0.0000162864


-0.0491539940	-1.5201834456	-0.0000166557


0.1234992107	-1.5212862051	-0.0000170252


0.2944026138	-1.5008400681	-0.0000173901


0.4611609713	-1.4592659993	-0.0000177455


0.6214388471	-1.3971880919	-0.0000180868


0.7729628241	-1.3154309621	-0.0000184093


0.9135250146	-1.2150211358	-0.0000187086


1.0409888738	-1.0971920745	-0.0000189804


1.1532983450	-0.9633923958	-0.0000192207


1.2484914247	-0.8152966939	-0.0000194255


1.3247193093	-0.6548181475	-0.0000195912


1.3802723489	-0.4841217881	-0.0000197145


1.4136140463	-0.3056368596	-0.0000197923


1.4234242468	-0.1220661327	-0.0000198221


1.4086523750	0.0636106768	-0.0000198019


1.3685809971	0.2481430468	-0.0000197304


1.3028989804	0.4280298321	-0.0000196072


1.2117819757	0.5995586482	-0.0000194328


1.0959757854	0.7588698357	-0.0000192089


0.9568754645	0.9020497749	-0.0000189386


0.7965900103	1.0252564077	-0.0000186263


0.6179798648	1.1248762177	-0.0000182780


0.4246531377	1.1977065220	-0.0000179012


0.2209076575	1.2411502347	-0.0000175047


0.0116106515	1.2534035961	-0.0000170986


-0.1979837505	1.2336127790	-0.0000166935


-0.4024680658	1.1819750084	-0.0000163003


-0.5965440836	1.0997652949	-0.0000159299


-0.7752851552	0.9892806682	-0.0000155919


-0.9343674582	0.8537074012	-0.0000152952


-1.0702451313	0.6969293168	-0.0000150465


-1.1802549256	0.5233033018	-0.0000148513


-1.2626485489	0.3374298795	-0.0000147126


-1.3165616738	0.1439426241	-0.0000146322


-1.3419353910	-0.0526674385	-0.0000146098


-1.3394081669	-0.2481848201	-0.0000146439


-1.3101949986	-0.4387596401	-0.0000147320


-1.2559669416	-0.6209594837	-0.0000148704


-1.1787399713	-0.7917903816	-0.0000150549


-1.0807782296	-0.9486949376	-0.0000152807


-0.9645136359	-1.0895350569	-0.0000155429


-0.8324817114	-1.2125655156	-0.0000158362


-0.6872721862	-1.3164031994	-0.0000161552


-0.5314923248	-1.3999955153	-0.0000164946


-0.3677407063	-1.4625903598	-0.0000168492


-0.1985892599	-1.5037091621	-0.0000172136


-0.0265715547	-1.5231238865	-0.0000175828


0.1458244139	-1.5208384408	-0.0000179516


0.3161604589	-1.4970746483	-0.0000183151


0.4820507755	-1.4522627585	-0.0000186686


0.6411640139	-1.3870363600	-0.0000190073


0.7912259161	-1.3022314804	-0.0000193266


0.9300235328	-1.1988895976	-0.0000196221


1.0554120412	-1.0782642082	-0.0000198896


1.1653252273	-0.9418304857	-0.0000201248


1.2577907692	-0.7912973951	-0.0000203239


1.3309515392	-0.6286213722	-0.0000204833


1.3830942030	-0.4560203208	-0.0000205995


1.4126863863	-0.2759861857	-0.0000206695


1.4184235412	-0.0912937306	-0.0000206909


1.3992862768	0.0949976228	-0.0000206618


1.3546082082	0.2795528898	-0.0000205809


1.2841532005	0.4587863747	-0.0000204480


1.1881991059	0.6289076869	-0.0000202639


1.0676226976	0.7859943479	-0.0000200304


0.9239775913	0.9260954301	-0.0000197509


0.7595539306	1.0453682069	-0.0000194304


0.5774062351	1.1402455330	-0.0000190751


0.3813351761	1.2076256709	-0.0000186930


0.1758113294	1.2450693219	-0.0000182932


-0.0341650177	1.2509823211	-0.0000178860


-0.2432644050	1.2247590503	-0.0000174821


-0.4460741471	1.1668632061	-0.0000170927


-0.6373646326	1.0788300060	-0.0000167281


-0.8123453219	0.9631860651	-0.0000163980


-0.9668808828	0.8232969036	-0.0000161107


-1.0976455296	0.6631634142	-0.0000158725


-1.2022053659	0.4871945810	-0.0000156884


-1.2790307607	0.2999833518	-0.0000155611


-1.3274503435	0.1061070414	-0.0000154918


-1.3475634293	-0.0900344969	-0.0000154800


-1.3401286037	-0.2843379100	-0.0000155240


-1.3064439847	-0.4730741093	-0.0000156210


-1.2482308497	-0.6529304318	-0.0000157673


-1.1675281918	-0.8210247772	-0.0000159587


-1.0666021571	-0.9748995145	-0.0000161903


-0.9478715950	-1.1125021441	-0.0000164573


-0.8138491444	-1.2321584168	-0.0000167544


-0.6670962368	-1.3325422424	-0.0000170763


-0.5101899236	-1.4126454816	-0.0000174179


-0.3456993294	-1.4717496974	-0.0000177737


-0.1761696391	-1.5094011713	-0.0000181387


-0.0041117330	-1.5253899295	-0.0000185077


0.1680041770	-1.5197331466	-0.0000188758


0.3377523422	-1.4926630446	-0.0000192379


0.5027539519	-1.4446192487	-0.0000195894


0.6606794086	-1.3762454633	-0.0000199254


0.8092514506	-1.2883902614	-0.0000202415


0.9462501424	-1.1821117127	-0.0000205332


1.0695207777	-1.0586854894	-0.0000207962


1.1769858015	-0.9196159569	-0.0000210263


1.2666619412	-0.7666495609	-0.0000212196


1.3366838235	-0.6017895305	-0.0000213724


1.3853354066	-0.4273105087	-0.0000214814


1.4110905226	-0.2457711746	-0.0000215436


1.4126636300	-0.0600222248	-0.0000215564


1.3890714103	0.1267937445	-0.0000215182


1.3397049915	0.3112548023	-0.0000214278


1.2644111961	0.4896898429	-0.0000212851


1.1635792019	0.6582319623	-0.0000210910


1.0382263654	0.8129004203	-0.0000208479


0.8900738930	0.9497151364	-0.0000205595


0.7216000797	1.0648446014	-0.0000202309


0.5360568556	1.1547831455	-0.0000198690


0.3374355753	1.2165469750	-0.0000194819


0.1303714970	1.2478713452	-0.0000190792


-0.0800162514	1.2473855811	-0.0000186715


-0.2883419346	1.2147407123	-0.0000182695


-0.4892090483	1.1506680614	-0.0000178842


-0.6774771030	1.0569564335	-0.0000175260


-0.8485082487	0.9363486953	-0.0000172042


-0.9983660812	0.7923718852	-0.0000169265


-1.1239483360	0.6291247667	-0.0000166990


-1.2230474373	0.4510505299	-0.0000165260


-1.2943444215	0.2627200090	-0.0000164099


-1.3373498919	0.0686441381	-0.0000163516


-1.3523093421	-0.1268739688	-0.0000163502


-1.3400899129	-0.3198446414	-0.0000164038


-1.3020627867	-0.5066580096	-0.0000165095


-1.2399914420	-0.6841174627	-0.0000166635


-1.1559320350	-0.8494478532	-0.0000168615


-1.0521488959	-1.0002859182	-0.0000170987


-0.9310457409	-1.1346594103	-0.0000173703


-0.7951116864	-1.2509601172	-0.0000176711


-0.6468803170	-1.3479146440	-0.0000179958


-0.4888997204	-1.4245556799	-0.0000183393


-0.3237113689	-1.4801955568	-0.0000186964


-0.1538358621	-1.5144032192	-0.0000190618


0.0182362404	-1.5269852343	-0.0000194307


0.1900500472	-1.5179711461	-0.0000197979


0.3591897736	-1.4876032583	-0.0000201586


0.5232811868	-1.4363308025	-0.0000205080


0.6799941446	-1.3648083565	-0.0000208414


0.8270462655	-1.2738983107	-0.0000211543


0.9622087642	-1.1646771106	-0.0000214421


1.0833155295	-1.0384448979	-0.0000217005


1.1882765988	-0.8967380271	-0.0000219253


1.2750972791	-0.7413436996	-0.0000221127


1.3419042517	-0.5743156310	-0.0000222588


1.3869800385	-0.3979892015	-0.0000223604


1.4088071382	-0.2149939344	-0.0000224145


1.4061228726	-0.0282603831	-0.0000224186


1.3779854106	0.1589823706	-0.0000223711


1.3238504122	0.3432233149	-0.0000222710


1.2436561334	0.5207056655	-0.0000221184


1.1379125743	0.6874883505	-0.0000219144


1.0077873818	0.8395380183	-0.0000216617


0.8551780555	0.9728548317	-0.0000213644


0.6827571851	1.0836315900	-0.0000210280


0.4939760197	1.1684401128	-0.0000206597


0.2930128500	1.2244318714	-0.0000202681


0.0846575167	1.2495329405	-0.0000198631


-0.1258680150	1.2426086325	-0.0000194554


-0.3331418891	1.2035729326	-0.0000190558


-0.5318052681	1.1334234709	-0.0000186753


-0.7168263523	1.0341937293	-0.0000183240


-0.8837347711	0.9088278555	-0.0000180107


-1.0288012866	0.7609959741	-0.0000177429


-1.1491484693	0.5948757713	-0.0000175261


-1.2427903473	0.4149277432	-0.0000173642


-1.3086095910	0.2256874788	-0.0000172593


-1.3462874134	0.0315909033	-0.0000172117


-1.3562035984	-0.1631598474	-0.0000172205


-1.3393227954	-0.3546893079	-0.0000172835


-1.2970798947	-0.5395045721	-0.0000173976


-1.2312732916	-0.7145210162	-0.0000175590


-1.1439711332	-0.8770654154	-0.0000177634


-1.0374326876	-1.0248635426	-0.0000180061


-0.9140449243	-1.1560182341	-0.0000182821


-0.7762731266	-1.2689826093	-0.0000185864


-0.6266237112	-1.3625318904	-0.0000189138


-0.4676171965	-1.4357362158	-0.0000192591


-0.3017692868	-1.4879360164	-0.0000196173


-0.1315781952	-1.5187209141	-0.0000199832


0.0404834618	-1.5279126775	-0.0000203519


0.2119736571	-1.5155524826	-0.0000207182


0.3804841158	-1.4818925452	-0.0000210775


0.5436427949	-1.4273920736	-0.0000214248


0.6991167461	-1.3527174138	-0.0000217555


0.8446163994	-1.2587461877	-0.0000220650


0.9779023211	-1.1465751497	-0.0000223488


1.0967955647	-1.0175313652	-0.0000226025


1.1991928217	-0.8731861421	-0.0000228220


1.2830876885	-0.7153708816	-0.0000230033


1.3465994458	-0.5461936361	-0.0000231426


1.3880107735	-0.3680546443	-0.0000232366


1.4058157042	-0.1836584407	-0.0000232824


1.3987787706	0.0039806922	-0.0000232777


1.3660055943	0.1915440865	-0.0000232207


1.3070239494	0.3754299394	-0.0000231108


1.2218724964	0.5517961981	-0.0000229481


1.1111918618	0.7166309144	-0.0000227342


0.9763096694	0.8658549454	-0.0000224720


0.8193079220	0.9954593617	-0.0000221659


0.6430585927	1.1016755164	-0.0000218219


0.4512125561	1.1811694925	-0.0000214476


0.2481293147	1.2312454226	-0.0000210520


0.0387411787	1.2500356664	-0.0000206452


-0.1716446649	1.2366523459	-0.0000202380


-0.3775911913	1.1912764070	-0.0000198415


-0.5737984628	1.1151679972	-0.0000194662


-0.7553616727	1.0105942444	-0.0000191221


-0.9179907483	0.8806842616	-0.0000188177


-1.0581696401	0.7292324512	-0.0000185599


-1.1732450599	0.5604769916	-0.0000183540


-1.2614464469	0.3788799399	-0.0000182032


-1.3218482578	0.1889299620	-0.0000181093


-1.3542907596	-0.0050192094	-0.0000180723


-1.3592764245	-0.1988694264	-0.0000180910


-1.3378569468	-0.3888590446	-0.0000181631


-1.2915222793	-0.5716092959	-0.0000182853


-1.2220991673	-0.7441431990	-0.0000184539


-1.1316632163	-0.9038843688	-0.0000186645


-1.0224659154	-1.0486423808	-0.0000189124


-0.8968762804	-1.1765901779	-0.0000191927


-0.7573357450	-1.2862377403	-0.0000195004


-0.6063244360	-1.3764050746	-0.0000198304


-0.4463368212	-1.4461966254	-0.0000201775


-0.2798647916	-1.4949784684	-0.0000205368


-0.1093864048	-1.5223591113	-0.0000209030


0.0626412804	-1.5281743560	-0.0000212714


0.2337866545	-1.5124764291	-0.0000216369


0.4016465165	-1.4755274319	-0.0000219946


0.5638486513	-1.4177970587	-0.0000223398


0.7180550795	-1.3399644580	-0.0000226677


0.8619670229	-1.2429240435	-0.0000229738


0.9933326700	-1.1277949679	-0.0000232535


1.1099589076	-0.9959338400	-0.0000235025


1.2097282856	-0.8489500597	-0.0000237165


1.2906225977	-0.6887228443	-0.0000238915


1.3507545392	-0.5174185882	-0.0000240238


1.3884088944	-0.3375066220	-0.0000241101


1.4020945386	-0.1517706915	-0.0000241475


1.3906080836	0.0366874119	-0.0000241336


1.3531091408	0.2244566066	-0.0000240671


1.2892057444	0.4078430933	-0.0000239471


1.1990463892	0.5829207331	-0.0000237743


1.0834123593	0.7456110316	-0.0000235504


0.9438007852	0.8917971083	-0.0000232787


0.7824857124	1.0174728804	-0.0000229640


0.6025423352	1.1189235725	-0.0000226128


0.4078196949	1.1929268765	-0.0000222329


0.2028507354	1.2369567872	-0.0000218338


-0.0073038196	1.2493663098	-0.0000214257


-0.2172705662	1.2295232712	-0.0000210197


-0.4216187298	1.1778771654	-0.0000206267


-0.6151279022	1.0959444539	-0.0000202571


-0.7930370345	0.9862129816	-0.0000199207


-0.9512470743	0.8519794803	-0.0000196254


-1.0864590000	0.6971437548	-0.0000193779


-1.1962411242	0.5259868012	-0.0000191828


-1.2790308470	0.3429577686	-0.0000190431


-1.3340839650	0.1524881859	-0.0000189600


-1.3613882209	-0.0411562109	-0.0000189333


-1.3615575658	-0.2339831538	-0.0000189617


-1.3357209031	-0.4223436444	-0.0000190427


-1.2854153157	-0.6029697570	-0.0000191728


-1.2124900184	-0.7729876080	-0.0000193484


-1.1190241428	-0.9299125657	-0.0000195650


-1.0072591654	-1.0716329034	-0.0000198179


-0.8795453075	-1.1963868960	-0.0000201023


-0.7383003982	-1.3027371474	-0.0000204133


-0.5859793263	-1.3895448545	-0.0000207457


-0.4250521358	-1.4559458502	-0.0000210945


-0.2579889186	-1.5013296071	-0.0000214548


-0.0872498338	-1.5253219107	-0.0000218214


0.0847212270	-1.5277715928	-0.0000221895


0.2555006331	-1.5087414990	-0.0000225540


0.4226878392	-1.4685037317	-0.0000229101


0.5839081229	-1.4075391190	-0.0000232532


0.7368162843	-1.3265407901	-0.0000235783


0.8791023684	-1.2264216615	-0.0000238809


1.0085005321	-1.1083255360	-0.0000241564


1.1228022737	-0.9736413589	-0.0000244005


1.2198753624	-0.8240199404	-0.0000246089


1.2976899181	-0.6613921042	-0.0000247775


1.3543531624	-0.4879867431	-0.0000249027


1.3881543161	-0.3063466100	-0.0000249810


1.3976208804	-0.1193388656	-0.0000250097


1.3815869659	0.0698435511	-0.0000249866


1.3392732982	0.2576946581	-0.0000249102


1.2703768711	0.4404280466	-0.0000247801


1.1751658548	0.6140355443	-0.0000245971


1.0545723479	0.7743775653	-0.0000243633


0.9102722093	0.9173088293	-0.0000240822


0.7447382036	1.0388392933	-0.0000237591


0.5612511402	1.1353243236	-0.0000234009


0.3638548637	1.2036709191	-0.0000230159


0.1572459152	1.2415396474	-0.0000226137


-0.0534024424	1.2475171188	-0.0000222050


-0.2626707158	1.2212336191	-0.0000218006


-0.4651559179	1.1634062990	-0.0000214117


-0.6557368608	1.0757994381	-0.0000210484


-0.8298112533	0.9611070329	-0.0000207199


-0.9834796180	0.8227753771	-0.0000204341


-1.1136617023	0.6647910295	-0.0000201969


-1.2181432162	0.4914610807	-0.0000200126


-1.2955610363	0.3072086624	-0.0000198838


-1.3453414542	0.1163993993	-0.0000198114


-1.3676082355	-0.0767934802	-0.0000197949


-1.3630760773	-0.2684844725	-0.0000198328


-1.3329419142	-0.4551353720	-0.0000199223


-1.2787827276	-0.6335854237	-0.0000200602


-1.2024649758	-0.8010591627	-0.0000202425


-1.1060679400	-0.9551586653	-0.0000204648


-0.9918212919	-1.0938459479	-0.0000207226


-0.8620559469	-1.2154200521	-0.0000210110


-0.7191666049	-1.3184922000	-0.0000213251


-0.5655841218	-1.4019614146	-0.0000216599


-0.4037558369	-1.4649922154	-0.0000220104


-0.2361321082	-1.5069954186	-0.0000223716


-0.0651574758	-1.5276126551	-0.0000227385


0.1067349420	-1.5267049414	-0.0000231062


0.2771270627	-1.5043454568	-0.0000234697


0.4436185952	-1.4608165605	-0.0000238243


0.6038299991	-1.3966110039	-0.0000241650


0.7554067020	-1.3124372213	-0.0000244873


0.8960256591	-1.2092285006	-0.0000247863


1.0234054233	-1.0881557159	-0.0000250576


1.1353210043	-0.9506431230	-0.0000252967


1.2296249268	-0.7983864443	-0.0000254993


1.3042760094	-0.6333720768	-0.0000256613


1.3573774390	-0.4578957107	-0.0000257791


1.3872256239	-0.2745779302	-0.0000258494


1.3923709840	-0.0863734826	-0.0000258692


1.3716911257	0.1034301039	-0.0000258366


1.3244756120	0.2912298783	-0.0000257502


1.2505196287	0.4731468947	-0.0000256099


1.1502212066	0.6450939678	-0.0000254166


1.0246734237	0.8028770810	-0.0000251728


0.8757396095	0.9423332065	-0.0000248825


0.7060968624	1.0595027363	-0.0000245513


0.5192323729	1.1508282482	-0.0000241865


0.3193794115	1.2133638456	-0.0000237967


0.1113862203	1.2449725848	-0.0000233920


-0.0994789151	1.2444859582	-0.0000229832


-0.3077713572	1.2118011549	-0.0000225811


-0.5081372060	1.1478996144	-0.0000221967


-0.6955729394	1.0547828206	-0.0000218400


-0.8656480811	0.9353350107	-0.0000215199


-1.0146691010	0.7931335928	-0.0000212437


-1.1397742806	0.6322337203	-0.0000210169


-1.2389610651	0.4569529670	-0.0000208435


-1.3110565054	0.2716767420	-0.0000207255


-1.3556463304	0.0806974020	-0.0000206636


-1.3729791258	-0.1119076452	-0.0000206571


-1.3638601427	-0.3023596520	-0.0000207042


-1.3295458406	-0.4872287788	-0.0000208021


-1.2716465505	-0.6634574770	-0.0000209474


-1.1920413648	-0.8283639470	-0.0000211362


-1.0928068521	-0.9796320029	-0.0000213641


-0.9761594875	-1.1152926168	-0.0000216266


-0.8444106631	-1.2337012443	-0.0000219188


-0.6999326304	-1.3335139477	-0.0000222360


-0.5451335497	-1.4136644331	-0.0000225731


-0.3824398565	-1.4733434101	-0.0000229251


-0.2142842828	-1.5119811719	-0.0000232872


-0.0430980480	-1.5292339293	-0.0000236543


0.1286941054	-1.5249741912	-0.0000240216


0.2986772201	-1.4992853285	-0.0000243841


0.4644488730	-1.4524603537	-0.0000247371


0.6236224207	-1.3850048744	-0.0000250755


0.7738318045	-1.2976441063	-0.0000253948


0.9127390364	-1.1913337414	-0.0000256902


1.0380455838	-1.0672743236	-0.0000259571


1.1475090031	-0.9269285800	-0.0000261910


1.2389663056	-0.7720408367	-0.0000263877


1.3103656518	-0.6046572045	-0.0000265430


1.3598079918	-0.4271446038	-0.0000266533


1.3856001273	-0.2422059129	-0.0000267152


1.3863202326	-0.0528875629	-0.0000267260


1.3608960089	0.1374251465	-0.0000266837


1.3086941795	0.3250307298	-0.0000265872


1.2296178530	0.5059585607	-0.0000264365


1.1242053687	0.6760465257	-0.0000262329


0.9937208164	0.8310541115	-0.0000259792


0.8402230740	0.9668125185	-0.0000256798


0.6665979246	1.0794080866	-0.0000253407


0.4765379097	1.1653882824	-0.0000249697


0.2744582633	1.2219719318	-0.0000245757


0.0653450538	1.2472393921	-0.0000241690


-0.1454573428	1.2402763814	-0.0000237605


-0.3525005741	1.2012490098	-0.0000233613


-0.5505005395	1.1313972256	-0.0000229820


-0.7345883132	1.0329472069	-0.0000226324


-0.9005162255	0.9089564858	-0.0000223209


-1.0448009191	0.7631150534	-0.0000220544


-1.1647971545	0.5995292176	-0.0000218381


-1.2587072049	0.4225126547	-0.0000216755


-1.3255383844	0.2364027629	-0.0000215682


-1.3650247518	0.0454126058	-0.0000215166


-1.3775288639	-0.1464784475	-0.0000215199


-1.3639369204	-0.3355976150	-0.0000215759


-1.3255570735	-0.5186205205	-0.0000216820


-1.2640271118	-0.6925886400	-0.0000218345


-1.1812347305	-0.8549090610	-0.0000220296


-1.0792513952	-1.0033424695	-0.0000222630


-0.9602793551	-1.1359841849	-0.0000225300


-0.8266105253	-1.2512419377	-0.0000228260


-0.6805955692	-1.3478130738	-0.0000231460


-0.5246214070	-1.4246630518	-0.0000234853


-0.3610954401	-1.4810064709	-0.0000238389


-0.1924349208	-1.5162914117	-0.0000242018


-0.0210600629	-1.5301875597	-0.0000245691


0.1506103669	-1.5225783724	-0.0000249359


0.3201621194	-1.4935574124	-0.0000252974


0.4851882687	-1.4434288834	-0.0000256486


0.6432928080	-1.3727123287	-0.0000259847


0.7920961203	-1.2821513801	-0.0000263010


0.9292434858	-1.1727263371	-0.0000265926


1.0524179072	-1.0456701970	-0.0000268550


1.1593586736	-0.9024875133	-0.0000270837


1.2478872319	-0.7449751000	-0.0000272742


1.3159420261	-0.5752430926	-0.0000274226


1.3616239621	-0.3957341933	-0.0000275251


1.3832539315	-0.2092380618	-0.0000275785


1.3794432744	-0.0188967865	-0.0000275800


1.3491770067	0.1718037112	-0.0000275279


1.2919079266	0.3590624389	-0.0000274211


1.2076572461	0.5388188326	-0.0000272599


1.0971142194	0.7068410924	-0.0000270460


0.9617236916	0.8588514706	-0.0000267825


0.8037473045	0.9906886725	-0.0000264742


0.6262824122	1.0985014965	-0.0000261276


0.4332239388	1.1789603560	-0.0000257506


0.2291595075	1.2294659395	-0.0000253529


0.0191972870	1.2483293137	-0.0000249448


-0.1912623334	1.2348976157	-0.0000245374


-0.3967888502	1.1896054136	-0.0000241415


-0.5921877532	1.1139430930	-0.0000237678


-0.7727399044	1.0103473818	-0.0000234256


-0.9343892996	0.8820314434	-0.0000231230


-1.0738649147	0.7327795219	-0.0000228664


-1.1887342959	0.5667325535	-0.0000226606


-1.2773966051	0.3881872463	-0.0000225086


-1.3390290965	0.2014241005	-0.0000224119


-1.3735031440	0.0105721209	-0.0000223705


-1.3812848636	-0.1804885937	-0.0000223833


-1.3633324143	-0.3681897605	-0.0000224481


-1.3209984747	-0.5493091784	-0.0000225620


-1.2559430250	-0.7209830143	-0.0000227216


-1.1700588707	-0.8807024823	-0.0000229228


-1.0654104161	-1.0263004005	-0.0000231614


-0.9441849820	-1.1559320145	-0.0000234328


-0.8086552870	-1.2680534031	-0.0000237324


-0.6611514271	-1.3613998533	-0.0000240553


-0.5040406396	-1.4349658495	-0.0000243967


-0.3397132233	-1.4879877662	-0.0000247517


-0.1705731305	-1.5199299508	-0.0000251154


0.0009681005	-1.5304746138	-0.0000254829


0.1724952755	-1.5195157619	-0.0000258492


0.3415924418	-1.4871572906	-0.0000262096


0.5058458136	-1.4337152760	-0.0000265590


0.6628477870	-1.3597244292	-0.0000268927


0.8102031591	-1.2659485963	-0.0000272059


0.9455387632	-1.1533950676	-0.0000274937


1.0665178706	-1.0233322702	-0.0000277514


1.1708608597	-0.8773101395	-0.0000279746


1.2563738038	-0.7171820551	-0.0000281589


1.3209867038	-0.5451266535	-0.0000283002


1.3628030432	-0.3636670701	-0.0000283948


1.3801620284	-0.1756842215	-0.0000284393


1.3717141825	0.0155803538	-0.0000284314


1.3365096891	0.2065376736	-0.0000283692


1.2740969081	0.3932869585	-0.0000282520


1.1846257188	0.5716804387	-0.0000280803


1.0689469334	0.7374231104	-0.0000278561


0.9286954300	0.8862106148	-0.0000275828


0.7663417607	1.0139036901	-0.0000272658


0.5851960846	1.1167309419	-0.0000269119


0.3893506891	1.1915039112	-0.0000265296


0.1835539232	1.2358215002	-0.0000261287


-0.0269813407	1.2482372062	-0.0000257198


-0.2368196140	1.2283644627	-0.0000253139


-0.4405695835	1.1769033554	-0.0000249219


-0.6331448962	1.0955845211	-0.0000245542


-0.8099894808	0.9870397482	-0.0000242197


-0.9672457102	0.8546197642	-0.0000239262


-1.1018551107	0.7021851962	-0.0000236796


-1.2115928790	0.5338961492	-0.0000234844


-1.2950463080	0.3540206494	-0.0000233430


-1.3515520324	0.1667747716	-0.0000232567


-1.3811079424	-0.0238001362	-0.0000232252


-1.3842738004	-0.2139235970	-0.0000232473


-1.3620713688	-0.4001297871	-0.0000233206


-1.3158913348	-0.5792950870	-0.0000234423


-1.2474111975	-0.7486459260	-0.0000236087


-1.1585258786	-0.9057529364	-0.0000238158


-1.0512911563	-1.0485164730	-0.0000240595


-0.9278790150	-1.1751474781	-0.0000243352


-0.7905434665	-1.2841466615	-0.0000246382


-0.6415952011	-1.3742841154	-0.0000249639


-0.4833834204	-1.4445808179	-0.0000253073


-0.3182833067	-1.4942929823	-0.0000256637


-0.1486877219	-1.5228998647	-0.0000260281


0.0229981267	-1.5300954002	-0.0000263957


