-0.3000084070	-0.0000000000	-0.0000000000


-0.2955322121	-0.0350000000	0.0000000000


-0.2865385748	-0.0694649859	-0.0000000002


-0.2730408618	-0.1028380333	-0.0000000009


-0.2551141984	-0.1345429228	-0.0000000022


-0.2329036399	-0.1639885016	-0.0000000043


-0.2066331127	-0.1905753590	-0.0000000077


-0.1766146552	-0.2137054348	-0.0000000123


-0.1432572179	-0.2327951639	-0.0000000186


-0.1070739364	-0.2472926434	-0.0000000267


-0.0686864270	-0.2566990337	-0.0000000368


-0.0288243146	-0.2605939149	-0.0000000491


0.0116819737	-0.2586635921	-0.0000000636


0.0519169976	-0.2507304068	-0.0000000805


0.0909059324	-0.2367801030	-0.0000000998


0.1276501364	-0.2169834675	-0.0000001214


0.1611710849	-0.1917081587	-0.0000001450


0.1905591961	-0.1615171933	-0.0000001706


0.2150224458	-0.1271521083	-0.0000001978


0.2339288991	-0.0895011781	-0.0000002262


0.2468377832	-0.0495556728	-0.0000002555


0.2535154915	-0.0083592477	-0.0000002852


0.2539354807	0.0330434783	-0.0000003148


0.2482636441	0.0736534904	-0.0000003441


0.2368327131	0.1125549377	-0.0000003725


0.2201101642	0.1489415744	-0.0000003999


0.1986639976	0.1821319479	-0.0000004258


0.1731299172	0.2115746738	-0.0000004502


0.1441822780	0.2368459529	-0.0000004727


0.1125100236	0.2576417087	-0.0000004934


0.0787979146	0.2737665319	-0.0000005120


0.0437127225	0.2851212052	-0.0000005286


0.0078937154	0.2916901087	-0.0000005432


-0.0280533803	0.2935293669	-0.0000005557


-0.0635597525	0.2907562394	-0.0000005662


-0.0980949473	0.2835399939	-0.0000005748


-0.1311670023	0.2720943186	-0.0000005815


-0.1623217787	0.2566712175	-0.0000005865


-0.1911418881	0.2375562685	-0.0000005899


-0.2172455281	0.2150650907	-0.0000005917


-0.2402854689	0.1895408563	-0.0000005921


-0.2599483835	0.1613526810	-0.0000005913


-0.2759546805	0.1308947264	-0.0000005894


-0.2880589758	0.0985858512	-0.0000005866


-0.2960513253	0.0648696366	-0.0000005829


-0.2997593338	0.0302146023	-0.0000005787


-0.2990512479	-0.0048856015	-0.0000005741


-0.2938401289	-0.0399122761	-0.0000005693


-0.2840891802	-0.0743223358	-0.0000005644


-0.2698182633	-0.1075499206	-0.0000005597


-0.2511115661	-0.1390094111	-0.0000005555


-0.2281262761	-0.1681003776	-0.0000005519


-0.2011019411	-0.1942150671	-0.0000005491


-0.1703699701	-0.2167490660	-0.0000005473


-0.1363624177	-0.2351157379	-0.0000005469


-0.0996188362	-0.2487648720	-0.0000005478


-0.0607896015	-0.2572056361	-0.0000005503


-0.0206338115	-0.2600333504	-0.0000005546


0.0199902498	-0.2569587853	-0.0000005606


0.0601438289	-0.2478376876	-0.0000005684


0.0988365668	-0.2326972417	-0.0000005778


0.1350651177	-0.2117554685	-0.0000005889


0.1678593174	-0.1854295100	-0.0000006013


0.1963318095	-0.1543296423	-0.0000006147


0.2197256213	-0.1192377333	-0.0000006287


0.2374538143	-0.0810713957	-0.0000006431


0.2491262817	-0.0408376103	-0.0000006572


0.2545608798	0.0004186259	-0.0000006706


0.2537787509	0.0416645697	-0.0000006828


0.2469861546	0.0819236767	-0.0000006933


0.2345467588	0.1203097296	-0.0000007018


0.2169488900	0.1560497272	-0.0000007077


0.1947718594	0.1884959367	-0.0000007107


0.1686544967	0.2171287553	-0.0000007105


0.1392678576	0.2415526336	-0.0000007067


0.1072929970	0.2614873705	-0.0000006990


0.0734038855	0.2767568204	-0.0000006871


0.0382550253	0.2872766103	-0.0000006706


0.0024730455	0.2930420093	-0.0000006493


-0.0333485249	0.2941166793	-0.0000006227


-0.0686520842	0.2906227202	-0.0000005906


-0.1029170703	0.2827321858	-0.0000005522


-0.1356599335	0.2706600932	-0.0000005071


-0.1664334338	0.2546588529	-0.0000004546


-0.1948256281	0.2350139948	-0.0000003938


-0.2204588349	0.2120410379	-0.0000003238


-0.2429888027	0.1860833446	-0.0000002439


-0.2621042638	0.1575107982	-0.0000001536


-0.2775270272	0.1267191431	-0.0000000539


-0.2890127411	0.0941298229	0.0000000515


-0.2963524472	0.0601901479	0.0000001549


-0.2993750463	0.0253736109	0.0000002473


-0.2979508032	-0.0098198729	0.0000003223


-0.2919959931	-0.0448640898	0.0000003783


-0.2814787394	-0.0792073472	0.0000004167


-0.2664260611	-0.1122743811	0.0000004400


-0.2469320729	-0.1434698290	0.0000004506


-0.2231671528	-0.1721838391	0.0000004506


-0.1953876962	-0.1978004524	0.0000004417


-0.1639458152	-0.2197094109	0.0000004252


-0.1292980041	-0.2373219768	0.0000004023


-0.0920114146	-0.2500911261	0.0000003738


-0.0527660068	-0.2575360645	0.0000003407


-0.0123505780	-0.2592703459	0.0000003039


0.0283493382	-0.2550319739	0.0000002640


0.0683732895	-0.2447128269	0.0000002219


0.1067180394	-0.2283837966	0.0000001783


0.1423790735	-0.2063114905	0.0000001339


0.1743986169	-0.1789625930	0.0000000895


0.2019154976	-0.1469932216	0.0000000458


0.2242110638	-0.1112227781	0.0000000033


0.2407454312	-0.0725944213	-0.0000000374


0.2511797204	-0.0321266418	-0.0000000759


0.2553823332	0.0091381988	-0.0000001119


0.2534199886	0.0501824593	-0.0000001452


0.2455364678	0.0900542260	-0.0000001755


0.2321232817	0.1278979330	-0.0000002030


0.2136866839	0.1629738180	-0.0000002276


0.1908148270	0.1946670764	-0.0000002493


0.1641477953	0.2224885905	-0.0000002684


0.1343520961	0.2460695169	-0.0000002849


0.1021002123	0.2651519476	-0.0000002990


0.0680551089	0.2795775234	-0.0000003109


0.0328591561	0.2892754307	-0.0000003208


-0.0028732712	0.2942507730	-0.0000003287


-0.0385603021	0.2945739346	-0.0000003349


-0.0736549224	0.2903712667	-0.0000003396


-0.1076458108	0.2818172227	-0.0000003427


-0.1400571874	0.2691279376	-0.0000003444


-0.1704481019	0.2525561667	-0.0000003448


-0.1984114967	0.2323874545	-0.0000003440


-0.2235733103	0.2089373875	-0.0000003418


-0.2455918330	0.1825497752	-0.0000003384


-0.2641574878	0.1535956058	-0.0000003336


-0.2789931877	0.1224726191	-0.0000003273


-0.2898554036	0.0896053349	-0.0000003195


-0.2965360695	0.0554453620	-0.0000003099


-0.2988654472	0.0204717888	-0.0000002983


-0.2967160646	-0.0148085806	-0.0000002845


-0.2900078237	-0.0498614319	-0.0000002679


-0.2787143464	-0.0841259420	-0.0000002484


-0.2628705637	-0.1170170102	-0.0000002255


-0.2425814602	-0.1479292410	-0.0000001988


-0.2180317327	-0.1762432868	-0.0000001681


-0.1894959074	-0.2013352126	-0.0000001333


-0.1573481670	-0.2225895471	-0.0000000945


-0.1220707789	-0.2394165680	-0.0000000524


-0.0842596210	-0.2512740964	-0.0000000080


-0.0446249354	-0.2576935661	0.0000000373


-0.0039852405	-0.2583093797	0.0000000817


0.0367475626	-0.2528895834	0.0000001237


0.0765932446	-0.2413648364	0.0000001621


0.1145386326	-0.2238517823	0.0000001965


0.1495817648	-0.2006666128	0.0000002265


0.1807813044	-0.1723251773	0.0000002527


0.2073060446	-0.1395275853	0.0000002755


0.2284785649	-0.1031276488	0.0000002956


0.2438076221	-0.0640901381	0.0000003140


0.2530056458	-0.0234409208	0.0000003310


0.2559902732	0.0177839992	0.0000003475


0.2528714536	0.0585849386	0.0000003637


0.2439275791	0.0980363727	0.0000003800


0.2295749976	0.1353140433	0.0000003965


0.2103351568	0.1697111486	0.0000004133


0.1868028252	0.2006448539	0.0000004304


0.1596177204	0.2276551610	0.0000004477


0.1294407776	0.2503984006	0.0000004650


0.0969354094	0.2686374416	0.0000004822


0.0627534965	0.2822303333	0.0000004990


0.0275255087	0.2911186490	0.0000005151


-0.0081459926	0.2953163878	0.0000005303


-0.0436902292	0.2948999506	0.0000005443


-0.0785701487	0.2899994502	0.0000005569


-0.1122830322	0.2807914422	0.0000005677


-0.1443602524	0.2674930476	0.0000005765


-0.1743665746	0.2503573741	0.0000005829


-0.2018993108	0.2296701067	0.0000005867


-0.2265875719	0.2057471242	0.0000005876


-0.2480918190	0.1789329924	0.0000005853


-0.2661038800	0.1496001838	0.0000005796


-0.2803475800	0.1181488705	0.0000005703


-0.2905801216	0.0850071281	0.0000005570


-0.2965943451	0.0506313715	0.0000005397


-0.2982219938	0.0155068134	0.0000005181


-0.2953381019	-0.0198523037	0.0000004921


-0.2878666008	-0.0549030133	0.0000004615


-0.2757872023	-0.0890748499	0.0000004264


-0.2591435476	-0.1217724627	0.0000003866


-0.2380524961	-0.1523801803	0.0000003423


-0.2127142575	-0.1802691687	0.0000002936


-0.1834228223	-0.2048078728	0.0000002406


-0.1505758289	-0.2253764025	0.0000001838


-0.1146826149	-0.2413853631	0.0000001235


-0.0763688002	-0.2522992845	0.0000000603


-0.0363754097	-0.2576642047	-0.0000000051


0.0044495801	-0.2571381157	-0.0000000720


0.0451691314	-0.2505219368	-0.0000001394


0.0847855322	-0.2377876341	-0.0000002062


0.1222789389	-0.2190993693	-0.0000002714


0.1566538662	-0.1948235003	-0.0000003337


0.1869894831	-0.1655241766	-0.0000003920


0.2124881398	-0.1319431870	-0.0000004452


0.2325161922	-0.0949652866	-0.0000004921


0.2466321645	-0.0555727662	-0.0000005317


0.2545994183	-0.0147947877	-0.0000005631


0.2563831519	0.0263425091	-0.0000005853


0.2521339790	0.0668599420	-0.0000005974


0.2421619273	0.1058598022	-0.0000005982


0.2269052365	0.1425495105	-0.0000005866


0.2068979598	0.1762547407	-0.0000005606


0.1827394347	0.2064235548	-0.0000005178


0.1550675665	0.2326236762	-0.0000004545


0.1245368422	0.2545351113	-0.0000003656


0.0918012039	0.2719400727	-0.0000002444


0.0575013984	0.2847117484	-0.0000000871


0.0222561698	0.2928030028	0.0000000918


-0.0133433521	0.2962357597	0.0000002526


-0.0487368705	0.2950916780	0.0000003710


-0.0833966047	0.2895041565	0.0000004495


-0.1168277698	0.2796515951	0.0000004974


-0.1485682688	0.2657520055	0.0000005225


-0.1781880153	0.2480588820	0.0000005307


-0.2052881848	0.2268581930	0.0000005259


-0.2295006219	0.2024663450	0.0000005110


-0.2504875924	0.1752289749	0.0000004881


-0.2679420424	0.1455204248	0.0000004583


-0.2815885096	0.1137437453	0.0000004221


-0.2911848276	0.0803310675	0.0000003796


-0.2965247546	0.0457441546	0.0000003304


-0.2974416575	0.0104749165	0.0000002743


-0.2938133690	-0.0249543836	0.0000002111


-0.2855683132	-0.0599915628	0.0000001404


-0.2726929471	-0.0940560087	0.0000000621


-0.2552404817	-0.1265417314	-0.0000000237


-0.2333407178	-0.1568225811	-0.0000001169


-0.2072106275	-0.1842603096	-0.0000002171


-0.1771650438	-0.2082161854	-0.0000003238


-0.1436264646	-0.2280668103	-0.0000004363


-0.1071325720	-0.2432245678	-0.0000005534


-0.0683396620	-0.2531627069	-0.0000006740


-0.0280198882	-0.2574443726	-0.0000007965


0.0129498028	-0.2557539559	-0.0000009192


0.0536087420	-0.2479280484	-0.0000010402


0.0929443004	-0.2339822879	-0.0000011575


0.1299334300	-0.2141298228	-0.0000012691


0.1635911056	-0.1887873672	-0.0000013731


0.1930209411	-0.1585660949	-0.0000014677


0.2174621241	-0.1242468281	-0.0000015514


0.2363268925	-0.0867416278	-0.0000016231


0.2492241905	-0.0470462518	-0.0000016822


0.2559675283	-0.0061893016	-0.0000017282


0.2565677248	0.0348160910	-0.0000017614


0.2512133973	0.0750133738	-0.0000017821


0.2402432968	0.1135336937	-0.0000017910


0.2241147895	0.1496162101	-0.0000017892


0.2033721875	0.1826183780	-0.0000017779


0.1786176085	0.2120179668	-0.0000017582


0.1504859428	0.2374089806	-0.0000017315


0.1196245675	0.2584935976	-0.0000016992


0.0866777593	0.2750719376	-0.0000016625


0.0522753390	0.2870310495	-0.0000016228


0.0170248754	0.2943340967	-0.0000015813


-0.0184932815	0.2970103655	-0.0000015392


-0.0537288258	0.2951464436	-0.0000014977


-0.0881627891	0.2888787230	-0.0000014577


-0.1213078097	0.2783872478	-0.0000014203


-0.1527077932	0.2638908496	-0.0000013864


-0.1819372951	0.2456434650	-0.0000013568


-0.2086008928	0.2239315123	-0.0000013324


-0.2323327623	0.1990721877	-0.0000013139


-0.2527966426	0.1714125457	-0.0000013020


-0.2696863458	0.1413292180	-0.0000012973


-0.2827269626	0.1092286210	-0.0000013002


-0.2916769027	0.0755474849	-0.0000013114


-0.2963309106	0.0407535117	-0.0000013312


-0.2965241880	0.0053459274	-0.0000013598


-0.2921377448	-0.0301443596	-0.0000013977


-0.2831050676	-0.0651553556	-0.0000014447


-0.2694201395	-0.0990957853	-0.0000015011


-0.2511467467	-0.1313486482	-0.0000015665


-0.2284288538	-0.1612771718	-0.0000016406


-0.2015016031	-0.1882338740	-0.0000017230


-0.1707021884	-0.2115734572	-0.0000018130


-0.1364794713	-0.2306701523	-0.0000019096


-0.0994007836	-0.2449398482	-0.0000020117


-0.0601539662	-0.2538668271	-0.0000021177


-0.0195424671	-0.2570341351	-0.0000022262


0.0215285811	-0.2541555987	-0.0000023351


0.0620767671	-0.2451063871	-0.0000024427


0.1010775265	-0.2299481190	-0.0000025466


0.1375084422	-0.2089441721	-0.0000026450


0.1703991735	-0.1825614420	-0.0000027359


0.1988817800	-0.1514564234	-0.0000028175


0.2222354411	-0.1164459297	-0.0000028884


0.2399201147	-0.0784654100	-0.0000029477


0.2515954869	-0.0385199116	-0.0000029945


0.2571241241	0.0023663467	-0.0000030288


0.2565603001	0.0431962441	-0.0000030506


0.2501278586	0.0830377991	-0.0000030606


0.2381913456	0.1210518720	-0.0000030593


0.2212245442	0.1565092855	-0.0000030480


0.1997797718	0.1887985063	-0.0000030276


0.1744602364	0.2174258100	-0.0000029995


0.1458966924	0.2420100818	-0.0000029650


0.1147287921	0.2622742586	-0.0000029253


0.0815909368	0.2780350672	-0.0000028818


0.0471020948	0.2891922991	-0.0000028357


0.0118589014	0.2957184702	-0.0000027883


-0.0235686647	0.2976493928	-0.0000027406


-0.0586396804	0.2950759405	-0.0000026939


-0.0928433187	0.2881371179	-0.0000026490


-0.1256990019	0.2770144325	-0.0000026071


-0.1567560490	0.2619275031	-0.0000025689


-0.1855931237	0.2431307956	-0.0000025353


-0.2118177329	0.2209113664	-0.0000025072


-0.2350659787	0.1955874797	-0.0000024852


-0.2550027419	0.1675079640	-0.0000024700


-0.2713224530	0.1370521686	-0.0000024622


-0.2837506017	0.1046303657	-0.0000024624


-0.2920461302	0.0706844287	-0.0000024709


-0.2960048522	0.0356885831	-0.0000024883


-0.2954640367	0.0001499796	-0.0000025147


-0.2903082745	-0.0353912226	-0.0000025505


-0.2804767129	-0.0703626550	-0.0000025957


-0.2659716727	-0.1041619096	-0.0000026502


-0.2468685464	-0.1361606690	-0.0000027140


-0.2233267014	-0.1657114825	-0.0000027865


-0.1956008524	-0.1921579294	-0.0000028674


-0.1640520313	-0.2148488957	-0.0000029558


-0.1291568732	-0.2331575326	-0.0000030507


-0.0915134998	-0.2465051117	-0.0000031509


-0.0518419205	-0.2543893776	-0.0000032549


-0.0109767214	-0.2564161105	-0.0000033610


0.0301499353	-0.2523315241	-0.0000034673


0.0705361557	-0.2420520302	-0.0000035717


0.1091487118	-0.2256871308	-0.0000036722


0.1449697824	-0.2035511378	-0.0000037667


0.1770478435	-0.1761603646	-0.0000038533


0.2045470716	-0.1442143930	-0.0000039304


0.2267892718	-0.1085626193	-0.0000039966


0.2432833448	-0.0701598317	-0.0000040510


0.2537394473	-0.0300163051	-0.0000040930


0.2580676375	0.0108516343	-0.0000041224


0.2563631851	0.0514654512	-0.0000041397


0.2488822787	0.0909192205	-0.0000041452


0.2360123851	0.1284039663	-0.0000041399


0.2182411564	0.1632217802	-0.0000041248


0.1961268793	0.1947911553	-0.0000041010


0.1702723917	0.2226455504	-0.0000040697


0.1413034047	0.2464272841	-0.0000040323


0.1098514140	0.2658786380	-0.0000039901


0.0765408920	0.2808316683	-0.0000039443


0.0419801785	0.2911978236	-0.0000038962


0.0067553871	0.2969581002	-0.0000038469


-0.0285733483	0.2981541759	-0.0000037976


-0.0634739031	0.2948807470	-0.0000037494


-0.0974429920	0.2872791425	-0.0000037032


-0.1300062349	0.2755321996	-0.0000036601


-0.1607178115	0.2598603219	-0.0000036209


-0.1891599889	0.2405186163	-0.0000035865


-0.2149427557	0.2177949882	-0.0000035576


-0.2377037589	0.1920090673	-0.0000035350


-0.2571087140	0.1635118322	-0.0000035193


-0.2728524479	0.1326857952	-0.0000035111


-0.2846607255	0.0999455920	-0.0000035109


-0.2922930108	0.0657387998	-0.0000035193


-0.2955463105	0.0305467671	-0.0000035366


-0.2942602401	-0.0051148126	-0.0000035631


-0.2883234324	-0.0406959224	-0.0000035990


-0.2776813602	-0.0756132658	-0.0000036444


-0.2623455674	-0.1092528618	-0.0000036993


-0.2424041624	-0.1409748261	-0.0000037633


-0.2180332277	-0.1701210623	-0.0000038362


-0.1895085085	-0.1960266321	-0.0000039173


-0.1572163735	-0.2180355165	-0.0000040059


-0.1216626052	-0.2355212692	-0.0000041008


-0.0834771445	-0.2479126213	-0.0000042008


-0.0434125918	-0.2547233832	-0.0000043043


-0.0023342264	-0.2555850055	-0.0000044095


0.0388002647	-0.2502790284	-0.0000045145


0.0789721160	-0.2387656048	-0.0000046173


0.1171429895	-0.2212036998	-0.0000047156


0.1523037567	-0.1979588234	-0.0000048075


0.1835257746	-0.1695954636	-0.0000048912


0.2100087378	-0.1368536384	-0.0000049650


0.2311192910	-0.1006116572	-0.0000050278


0.2464160239	-0.0618395382	-0.0000050785


0.2556588587	-0.0215488591	-0.0000051170


0.2588034674	0.0192551753	-0.0000051430


0.2559834988	0.0596148425	-0.0000051569


0.2474845946	0.0986514201	-0.0000051593


0.2337143715	0.1355862660	-0.0000051511


0.2151719728	0.1697521516	-0.0000051334


0.1924198118	0.2005965034	-0.0000051073


0.1660590811	0.2276786059	-0.0000050740


0.1367096972	0.2506627836	-0.0000050349


0.1049946896	0.2693093026	-0.0000049912


0.0715286334	0.2834643413	-0.0000049441


0.0369095179	0.2930499950	-0.0000048949


0.0017133768	0.2980549397	-0.0000048447


-0.0335089634	0.2985261227	-0.0000047947


-0.0682335942	0.2945616539	-0.0000047460


-0.1019641814	0.2863049455	-0.0000046994


-0.1342319706	0.2739400671	-0.0000046560


-0.1645954657	0.2576882364	-0.0000046167


-0.1926400493	0.2378053392	-0.0000045822


-0.2179777625	0.2145803638	-0.0000045533


-0.2402474342	0.1883346243	-0.0000045309


-0.2591153284	0.1594216451	-0.0000045154


-0.2742764693	0.1282275672	-0.0000045076


-0.2854567999	0.0951719174	-0.0000045079


-0.2924163287	0.0607085552	-0.0000045168


-0.2949534193	0.0253265674	-0.0000045348


-0.2929103643	-0.0104491815	-0.0000045620


-0.2861803591	-0.0460582089	-0.0000045987


-0.2747159376	-0.0809057519	-0.0000046450


-0.2585388303	-0.1143658526	-0.0000047008


-0.2377510507	-0.1457868734	-0.0000047658


-0.2125467810	-0.1745002051	-0.0000048396


-0.1832243045	-0.1998329506	-0.0000049216


-0.1501968320	-0.2211252724	-0.0000050108


-0.1140006115	-0.2377528077	-0.0000051063


-0.0752982927	-0.2491540222	-0.0000052065


-0.0348752567	-0.2548615542	-0.0000053100


0.0063732827	-0.2545355337	-0.0000054148


0.0474659774	-0.2479957063	-0.0000055190


0.0873701423	-0.2352482451	-0.0000056204


0.1250461237	-0.2165027887	-0.0000057170


0.1594976532	-0.1921758428	-0.0000058068


0.1898228963	-0.1628783561	-0.0000058879


0.2152601385	-0.1293877576	-0.0000059589


0.2352226299	-0.0926074009	-0.0000060186


0.2493189233	-0.0535184339	-0.0000060663


0.2573576022	-0.0131300031	-0.0000061016


0.2593378115	0.0275667285	-0.0000061246


0.2554288551	0.0676367291	-0.0000061356


0.2459429667	0.1062293033	-0.0000061355


0.2313052697	0.1425960613	-0.0000061249


0.2120241997	0.1760996999	-0.0000061051


0.1886646445	0.2062154041	-0.0000060772


0.1618250508	0.2325269112	-0.0000060424


0.1321189339	0.2547191552	-0.0000060019


0.1001606551	0.2725690852	-0.0000059571


0.0665549991	0.2859358662	-0.0000059092


0.0318899286	0.2947513024	-0.0000058594


-0.0032681379	0.2990110175	-0.0000058088


-0.0383771367	0.2987666923	-0.0000057585


-0.0729207962	0.2941194930	-0.0000057095


-0.1064091537	0.2852147154	-0.0000056629


-0.1383785219	0.2722376005	-0.0000056196


-0.1683912091	0.2554102384	-0.0000055804


-0.1960352426	0.2349894572	-0.0000055462


-0.2209243040	0.2112655842	-0.0000055178


-0.2426980599	0.1845619583	-0.0000054958


-0.2610230570	0.1552350665	-0.0000054809


-0.2755943416	0.1236751646	-0.0000054737


-0.2861379662	0.0903072179	-0.0000054748


-0.2924145423	0.0555919658	-0.0000054847


-0.2942239984	0.0200268634	-0.0000055036


-0.2914116879	-0.0158534165	-0.0000055319


-0.2838759552	-0.0514773213	-0.0000055697


-0.2715772048	-0.0862381025	-0.0000056172


-0.2545483985	-0.1194974650	-0.0000056742


-0.2329067248	-0.1505919079	-0.0000057404


-0.2068659183	-0.1788425543	-0.0000058154


-0.1767483478	-0.2035692597	-0.0000058985


-0.1429955622	-0.2241096415	-0.0000059887


-0.1061755116	-0.2398433064	-0.0000060849


-0.0669842729	-0.2502209228	-0.0000061856


-0.0262399351	-0.2547968577	-0.0000062892


0.0151334501	-0.2532629643	-0.0000063938


0.0561331015	-0.2454799609	-0.0000064972


0.0957156848	-0.2315020473	-0.0000065975


0.1328442179	-0.2115903342	-0.0000066925


0.1665394649	-0.1862116409	-0.0000067802


0.1959301216	-0.1560212118	-0.0000068589


0.2202957614	-0.1218305387	-0.0000069273


0.2390975375	-0.0845640201	-0.0000069842


0.2519937854	-0.0452099058	-0.0000070290


0.2588402884	-0.0047714127	-0.0000070614


0.2596773127	0.0357769300	-0.0000070817


0.2547070338	0.0755243158	-0.0000070902


0.2442654820	0.1136486010	-0.0000070877


0.2287927910	0.1494313436	-0.0000070750


0.2088046738	0.1822642760	-0.0000070534


0.1848670251	0.2116491071	-0.0000070239


0.1575746094	0.2371926551	-0.0000069878


0.1275340654	0.2585991072	-0.0000069463


0.0953509813	0.2756608567	-0.0000069007


0.0616205222	0.2882489903	-0.0000068522


0.0269209863	0.2963041543	-0.0000068019


-0.0081903398	0.2998282528	-0.0000067510


-0.0431796063	0.2988772204	-0.0000067006


-0.0775376057	0.2935549705	-0.0000066517


-0.1107801773	0.2840085231	-0.0000066052


-0.1424481569	0.2704242622	-0.0000065621


-0.1721071526	0.2530252368	-0.0000065233


-0.1993473820	0.2320694055	-0.0000064896


-0.2237837725	0.2078487134	-0.0000064617


-0.2450565033	0.1806888860	-0.0000064404


-0.2628321585	0.1509498108	-0.0000064263


-0.2768056566	0.1190263657	-0.0000064200


-0.2867031216	0.0853495226	-0.0000064221


-0.2922858641	0.0503875173	-0.0000064329


-0.2933556332	0.0146468176	-0.0000064530


-0.2897612851	-0.0213274522	-0.0000064825


-0.2814069681	-0.0569520708	-0.0000065217


-0.2682618457	-0.0916078119	-0.0000065705


-0.2503712392	-0.1246437364	-0.0000066289


-0.2278688621	-0.1553844568	-0.0000066965


-0.2009895173	-0.1831412005	-0.0000067728


-0.1700812348	-0.2072274541	-0.0000068572


-0.1356153671	-0.2269797603	-0.0000069485


-0.0981926938	-0.2417837898	-0.0000070455


-0.0585432357	-0.2511050647	-0.0000071468


-0.0175174225	-0.2545226942	-0.0000072506


0.0239333080	-0.2517632891	-0.0000073549


0.0647873301	-0.2427311442	-0.0000074576


0.1039942194	-0.2275301659	-0.0000075568


0.1405237900	-0.2064732915	-0.0000076502


0.1734179446	-0.1800764882	-0.0000077359


0.2018393644	-0.1490367122	-0.0000078123


0.2251111898	-0.1141959061	-0.0000078781


0.2427433037	-0.0764954509	-0.0000079323


0.2544432142	-0.0369268029	-0.0000079743


0.2601121322	0.0035159759	-0.0000080041


0.2598289338	0.0438772449	-0.0000080217


0.2538258684	0.0832716258	-0.0000080279


0.2424600627	0.1209057761	-0.0000080232


0.2261843247	0.1560907053	-0.0000080087


0.2055198139	0.1882461811	-0.0000079854


0.1810321432	0.2168991640	-0.0000079545


0.1533116097	0.2416781951	-0.0000079173


0.1229576196	0.2623054063	-0.0000078749


0.0905669679	0.2785874606	-0.0000078286


0.0567254266	0.2904063715	-0.0000077796


0.0220020236	0.2977108288	-0.0000077290


-0.0130545900	0.3005084107	-0.0000076780


-0.0479182284	0.2988588797	-0.0000076276


-0.0820861807	0.2928686313	-0.0000075788


-0.1150795308	0.2826862879	-0.0000075326


-0.1464431075	0.2684993796	-0.0000074899


-0.1757453291	0.2505320281	-0.0000074515


-0.2025781653	0.2290435342	-0.0000074184


-0.2265574117	0.2043277626	-0.0000073912


-0.2473234533	0.1767132089	-0.0000073706


-0.2645426886	0.1465636212	-0.0000073574


-0.2779097842	0.1142790286	-0.0000073521


-0.2871509307	0.0802969988	-0.0000073553


-0.2920282748	0.0450938987	-0.0000073673


-0.2923456930	0.0091858673	-0.0000073887


-0.2879560487	-0.0268708729	-0.0000074195


-0.2787700227	-0.0624808453	-0.0000074601


-0.2647665082	-0.0970118864	-0.0000075104


-0.2460043993	-0.1298001695	-0.0000075703


-0.2226353632	-0.1601584981	-0.0000076394


-0.1949168430	-0.1873887175	-0.0000077172


-0.1632241179	-0.2107990032	-0.0000078028


-0.1280597579	-0.2297265015	-0.0000078952


-0.0900583600	-0.2435652481	-0.0000079931


-0.0499841694	-0.2517984391	-0.0000080950


-0.0087192695	-0.2540330175	-0.0000081989


0.0327593358	-0.2500333306	-0.0000083030


0.0734141145	-0.2397496320	-0.0000084051


0.1121913581	-0.2233368434	-0.0000085030


0.1480718761	-0.2011596124	-0.0000085948


0.1801226822	-0.1737814141	-0.0000086785


0.2075435720	-0.1419379569	-0.0000087526


0.2297030874	-0.1064978210	-0.0000088159


0.2461602003	-0.0684153135	-0.0000088674


0.2566705872	-0.0286813853	-0.0000089068


0.2611788528	0.0117219817	-0.0000089340


0.2597998628	0.0518599495	-0.0000089492


0.2527931667	0.0908734569	-0.0000089531


0.2405344069	0.1279979654	-0.0000089464


0.2234868995	0.1625732746	-0.0000089301


0.2021756022	0.1940461033	-0.0000089053


0.1771647250	0.2219673707	-0.0000088732


0.1490394535	0.2459860086	-0.0000088350


0.1183917119	0.2658408371	-0.0000087918


0.0858095572	0.2813516808	-0.0000087449


0.0518696418	0.2924105537	-0.0000086955


0.0171321430	0.2989734547	-0.0000086448


-0.0178624167	0.3010530884	-0.0000085937


-0.0525949662	0.2987126683	-0.0000085433


-0.0865687319	0.2920608495	-0.0000084947


-0.1193094960	0.2812477699	-0.0000084489


-0.1503655637	0.2664621391	-0.0000084066


-0.1793076889	0.2479292908	-0.0000083688


-0.2057291708	0.2259101040	-0.0000083363


-0.2292463123	0.2007006872	-0.0000083099


-0.2494994168	0.1726327126	-0.0000082902


-0.2661544968	0.1420742710	-0.0000082779


-0.2789058709	0.1094310948	-0.0000082737


-0.2874798261	0.0751479583	-0.0000082780


-0.2916395272	0.0397100124	-0.0000082913


-0.2911913396	0.0036437370	-0.0000083140


-0.2859927055	-0.0324828996	-0.0000083463


-0.2759616449	-0.0680615952	-0.0000083884


-0.2610878368	-0.1024468327	-0.0000084403


-0.2414450486	-0.1349617287	-0.0000085018


-0.2172044039	-0.1649074692	-0.0000085724


-0.1886476051	-0.1915771871	-0.0000086516


-0.1561787642	-0.2142749985	-0.0000087386


-0.1203330029	-0.2323405443	-0.0000088322


-0.0817795531	-0.2451787296	-0.0000089310


-0.0413168976	-0.2522933914	-0.0000090333


0.0001422594	-0.2533224392	-0.0000091374


0.0415975406	-0.2480708261	-0.0000092412


0.0819987720	-0.2365368731	-0.0000093425


0.1202929670	-0.2189274099	-0.0000094392


0.1554761371	-0.1956581944	-0.0000095293


0.1866441761	-0.1673381167	-0.0000096110


0.2130367494	-0.1347383524	-0.0000096828


0.2340691729	-0.0987501744	-0.0000097436


0.2493494169	-0.0603368266	-0.0000097925


0.2586799680	-0.0204852723	-0.0000098294


0.2620465811	0.0198371932	-0.0000098540


0.2595974278	0.0597181146	-0.0000098669


0.2516166433	0.0983253433	-0.0000098687


0.2384959424	0.1349229281	-0.0000098601


0.2207071576	0.1688786612	-0.0000098421


0.1987775743	0.1996650657	-0.0000098159


0.1732690367	0.2268557226	-0.0000097827


0.1447611034	0.2501186555	-0.0000097435


0.1138380624	0.2692081740	-0.0000096997


0.0810793526	0.2839562213	-0.0000096523


0.0470528212	0.2942639522	-0.0000096026


0.0123102350	0.3000940023	-0.0000095517


-0.0226154987	0.3014637088	-0.0000095006


-0.0572118762	0.2984394067	-0.0000094504


-0.0909875103	0.2911318274	-0.0000094021


-0.1234723468	0.2796925706	-0.0000093566


-0.1542176639	0.2643115868	-0.0000093148


-0.1827960906	0.2452155874	-0.0000092776


-0.2088018485	0.2226672892	-0.0000092458


-0.2318514040	0.1969653916	-0.0000092202


-0.2515847111	0.1684451728	-0.0000092014


-0.2676672196	0.1374795725	-0.0000091901


-0.2797928339	0.1044806010	-0.0000091870


-0.2876880057	0.0699008718	-0.0000091926


-0.2911171469	0.0342349907	-0.0000092072


-0.2898895337	-0.0019795423	-0.0000092313


-0.2838678301	-0.0381623686	-0.0000092652


-0.2729782843	-0.0736918144	-0.0000093089


-0.2572225063	-0.1079086428	-0.0000093624


-0.2366905230	-0.1401228329	-0.0000094254


-0.2115744882	-0.1696242732	-0.0000094977


-0.1821820155	-0.1956982251	-0.0000095784


-0.1489476087	-0.2176462019	-0.0000096667


-0.1124401688	-0.2348124475	-0.0000097615


-0.0733641747	-0.2466154333	-0.0000098611


-0.0325520611	-0.2525827237	-0.0000099640


0.0090542429	-0.2523863242	-0.0000100682


0.0504335498	-0.2458744990	-0.0000101716


0.0905266035	-0.2330954171	-0.0000102720


0.1282852865	-0.2143082603	-0.0000103675


0.1627249565	-0.1899788103	-0.0000104559


0.1929738916	-0.1607588584	-0.0000105355


0.2183139694	-0.1274514970	-0.0000106050


0.2382081844	-0.0909666812	-0.0000106633


0.2523129908	-0.0522727296	-0.0000107097


0.2604760195	-0.0123493998	-0.0000107440


0.2627217710	0.0278529776	-0.0000107662


0.2592290204	0.0674455862	-0.0000107769


0.2503038610	0.1056235167	-0.0000107766


0.2363517883	0.1416789983	-0.0000107662


0.2178513359	0.1750069071	-0.0000107467


0.1953308162	0.2051043815	-0.0000107192


0.1693488931	0.2315663757	-0.0000106848


0.1404790982	0.2540787487	-0.0000106448


0.1092980144	0.2724101589	-0.0000106004


0.0763766392	0.2864036908	-0.0000105526


0.0422743621	0.2959688445	-0.0000105026


0.0075349961	0.3010742781	-0.0000104516


-0.0273156489	0.3017415195	-0.0000104005


-0.0617710936	0.2980397390	-0.0000103505


-0.0953447944	0.2900815977	-0.0000103025


-0.1275703374	0.2780201356	-0.0000102574


-0.1580014836	0.2620466335	-0.0000102162


-0.1862122907	0.2423893704	-0.0000101796


-0.2117975103	0.2193131844	-0.0000101486


-0.2343734461	0.1931197370	-0.0000101238


-0.2535794549	0.1641483655	-0.0000101060


-0.2690802728	0.1327773885	-0.0000100958


-0.2805693559	0.0994256936	-0.0000100939


-0.2877734293	0.0645543871	-0.0000101007


-0.2904584341	0.0286682169	-0.0000101167


-0.2884370424	-0.0076836098	-0.0000101423


-0.2815778602	-0.0439077082	-0.0000101777


-0.2698163393	-0.0793685176	-0.0000102231


-0.2531672571	-0.1133927780	-0.0000102782


-0.2317383712	-0.1452773498	-0.0000103430


-0.2057445016	-0.1743012889	-0.0000104169


-0.1755208447	-0.1997430123	-0.0000104991


-0.1415338059	-0.2209031012	-0.0000105888


-0.1043871545	-0.2371327278	-0.0000106846


-0.0648209906	-0.2478668045	-0.0000107851


-0.0237010874	-0.2526597959	-0.0000108884


0.0180031742	-0.2512208791	-0.0000109926


0.0592527160	-0.2434441150	-0.0000110956


0.0989830143	-0.2294289252	-0.0000111951


0.1361550466	-0.2094868140	-0.0000112892


0.1698075290	-0.1841320234	-0.0000113758


0.1991043055	-0.1540563543	-0.0000114533


0.2233713672	-0.1200910641	-0.0000115205


0.2421198310	-0.0831607806	-0.0000115763


0.2550537304	-0.0442352128	-0.0000116202


0.2620639150	-0.0042839861	-0.0000116520


0.2632111153	0.0357614807	-0.0000116719


0.2587020255	0.0750369602	-0.0000116804


0.2488621805	0.1127648663	-0.0000116782


0.2341087254	0.1482650379	-0.0000116660


0.2149252533	0.1809584395	-0.0000116451


0.1918399660	0.2103656118	-0.0000116164


0.1654076680	0.2361016129	-0.0000115810


0.1361955697	0.2578689274	-0.0000115403


0.1047725546	0.2754494825	-0.0000114952


0.0717014042	0.2886965909	-0.0000114470


0.0375334257	0.2975273635	-0.0000113969


0.0028049475	0.3019159228	-0.0000113458


-0.0319647976	0.3018875928	-0.0000112948


-0.0662748167	0.2975141343	-0.0000112450


-0.0996428762	0.2889100274	-0.0000111973


-0.1316056902	0.2762297600	-0.0000111527


-0.1617190244	0.2596660594	-0.0000111120


-0.1895579326	0.2394489878	-0.0000110761


-0.2147173195	0.2158458120	-0.0000110459


-0.2368130170	0.1891615505	-0.0000110220


-0.2554835590	0.1597400779	-0.0000110051


-0.2703928432	0.1279656471	-0.0000109961


-0.2812338783	0.0942646458	-0.0000109954


-0.2877338163	0.0591073485	-0.0000110035


-0.2896604653	0.0230093482	-0.0000110210


-0.2868304484	-0.0134677503	-0.0000110481


-0.2791191146	-0.0497169140	-0.0000110852


-0.2664721856	-0.0850882194	-0.0000111322


-0.2489189349	-0.1188941537	-0.0000111891


-0.2265864037	-0.1504185934	-0.0000112555


-0.1997137675	-0.1789303867	-0.0000113310


-0.1686654780	-0.2037023320	-0.0000114148


-0.1339412767	-0.2240359722	-0.0000115059


-0.0961807183	-0.2392919450	-0.0000116028


-0.0561596260	-0.2489246338	-0.0000117040


-0.0147761459	-0.2525186234	-0.0000118077


0.0269750440	-0.2498232316	-0.0000119119


0.0680402290	-0.2407805246	-0.0000120143


0.1073536371	-0.2255421631	-0.0000121128


0.1438895772	-0.2044714572	-0.0000122054


0.1767139358	-0.1781290903	-0.0000122902


0.2050289342	-0.1472436557	-0.0000123656


0.2282061212	-0.1126706887	-0.0000124304


0.2458047350	-0.0753455443	-0.0000124837


0.2575751341	-0.0362358591	-0.0000125252


0.2634492517	0.0037014907	-0.0000125546


0.2635214661	0.0435556198	-0.0000125722


0.2580237582	0.0824875530	-0.0000125786


0.2472987167	0.1197468961	-0.0000125745


0.2317731715	0.1546803901	-0.0000125607


0.2119343033	0.1867340276	-0.0000125384


0.1883092182	0.2154505278	-0.0000125085


0.1614483076	0.2404638131	-0.0000124722


0.1319122607	0.2614918344	-0.0000124308


0.1002623329	0.2783287691	-0.0000123852


0.0670533569	0.2908373067	-0.0000123367


0.0328289561	0.2989414931	-0.0000122863


-0.0018815469	0.3026204092	-0.0000122352


-0.0365649766	0.3019028266	-0.0000121844


-0.0707252931	0.2968628906	-0.0000121348


-0.1038840482	0.2876168215	-0.0000120875


-0.1355805827	0.2743205929	-0.0000120433


-0.1653722016	0.2571685211	-0.0000120032


-0.1928345352	0.2363926911	-0.0000119681


-0.2175622797	0.2122631310	-0.0000119386


-0.2391705043	0.1850886361	-0.0000119156


-0.2572967166	0.1552181220	-0.0000118998


-0.2716038806	0.1230423569	-0.0000118919


-0.2817845960	0.0889958763	-0.0000118924


-0.2875666438	0.0535588195	-0.0000119020


-0.2887200977	0.0172583402	-0.0000119209


-0.2850661612	-0.0193308684	-0.0000119497


-0.2764878138	-0.0555875235	-0.0000119884


-0.2629422074	-0.0908469124	-0.0000120371


-0.2444745328	-0.1244071271	-0.0000120957


-0.2212327450	-0.1555393256	-0.0000121639


-0.1934821046	-0.1835029488	-0.0000122411


-0.1616179709	-0.2075666152	-0.0000123265


-0.1261747506	-0.2270349487	-0.0000124188


-0.0878284947	-0.2412807924	-0.0000125168


-0.0473905474	-0.2497811584	-0.0000126187


-0.0057900898	-0.2521539725	-0.0000127227


0.0359554355	-0.2481914992	-0.0000128267


0.0767812351	-0.2378856892	-0.0000129284


0.1156244535	-0.2214409764	-0.0000130258


0.1514769081	-0.1992714704	-0.0000131169


0.1834352058	-0.1719818552	-0.0000131998


0.2107423468	-0.1403340320	-0.0000132731


0.2328164199	-0.1052038592	-0.0000133355


0.2492643652	-0.0675335951	-0.0000133864


0.2598813069	-0.0282855970	-0.0000134254


0.2646379653	0.0115983060	-0.0000134525


0.2636597604	0.0512290686	-0.0000134679


0.2572014069	0.0897933686	-0.0000134723


0.2456203024	0.1265676828	-0.0000134664


0.2293511635	0.1609248355	-0.0000134511


0.2088834506	0.1923347403	-0.0000134274


0.1847423317	0.2203610759	-0.0000133964


0.1574733455	0.2446554239	-0.0000133593


0.1276305438	0.2649500968	-0.0000133171


0.0957676830	0.2810505630	-0.0000132711


0.0624319492	0.2928280986	-0.0000132222


0.0281596994	0.3002130643	-0.0000131717


-0.0065262637	0.3031890428	-0.0000131206


-0.0411183028	0.3017879472	-0.0000130699


-0.0751248044	0.2960861375	-0.0000130206


-0.1080705897	0.2862015282	-0.0000129737


-0.1394971357	0.2722916436	-0.0000129300


-0.1689628326	0.2545525576	-0.0000128905


-0.1960434814	0.2332186429	-0.0000128561


-0.2203332234	0.2085630461	-0.0000128275


-0.2414460934	0.1808987855	-0.0000128054


-0.2590183932	0.1505803478	-0.0000127907


-0.2727120895	0.1180056239	-0.0000127840


-0.2822194521	0.0836179696	-0.0000127858


-0.2872691456	0.0479081055	-0.0000127968


-0.2876339745	0.0114154727	-0.0000128173


-0.2831404313	-0.0252714613	-0.0000128476


-0.2736801044	-0.0615165908	-0.0000128880


-0.2592228332	-0.0966400480	-0.0000129385


-0.2398312386	-0.1299254880	-0.0000129990


-0.2156758889	-0.1606317631	-0.0000130689


-0.1870498850	-0.1880098984	-0.0000131478


-0.1543811016	-0.2113259941	-0.0000132346


-0.1182398017	-0.2298901007	-0.0000133283


-0.0793390027	-0.2430901926	-0.0000134272


-0.0385250328	-0.2504291626	-0.0000135298


0.0032436144	-0.2515614482	-0.0000136340


0.0449296298	-0.2463248459	-0.0000137377


0.0854609590	-0.2347626915	-0.0000138387


0.1237819109	-0.2171322491	-0.0000139349


0.1589058591	-0.1938969426	-0.0000140244


0.1899633609	-0.1657026367	-0.0000141053


0.2162401616	-0.1333408532	-0.0000141764


0.2372014168	-0.0977038169	-0.0000142365


0.2525009635	-0.0597370358	-0.0000142850


0.2619768751	-0.0203946642	-0.0000143216


0.2656362488	0.0193984924	-0.0000143463


0.2636329526	0.0587762365	-0.0000143596


0.2562419845	0.0969510611	-0.0000143621


0.2438334578	0.1332258318	-0.0000143544


0.2268483441	0.1669985475	-0.0000143376


0.2057772317	0.1977619077	-0.0000143126


0.1811426399	0.2250993449	-0.0000142806


0.1534849183	0.2486789370	-0.0000142427


0.1233514404	0.2682463075	-0.0000141999


0.0912886419	0.2836173176	-0.0000141534


0.0578363951	0.2946710965	-0.0000141043


0.0235242226	0.3013437532	-0.0000140537


-0.0111311022	0.3036229617	-0.0000140026


-0.0456269631	0.3015435109	-0.0000139521


-0.0794756526	0.2951838406	-0.0000139030


-0.1122047541	0.2846635434	-0.0000138565


-0.1433574006	0.2701417872	-0.0000138134


-0.1724926251	0.2518165972	-0.0000137745


-0.1991860065	0.2299249248	-0.0000137408


-0.2230308009	0.2047434182	-0.0000137130


-0.2436397569	0.1765897910	-0.0000136920


-0.2606478172	0.1458246588	-0.0000136783


-0.2737159214	0.1128536698	-0.0000136728


-0.2825361334	0.0781296974	-0.0000136760


-0.2868383136	0.0421547789	-0.0000136884


-0.2863985330	0.0054813766	-0.0000137105


-0.2810493669	-0.0312875922	-0.0000137425


-0.2706920869	-0.0675006624	-0.0000137847


-0.2553105752	-0.1024625185	-0.0000138370


-0.2349864844	-0.1354424535	-0.0000138992


-0.2099147560	-0.1656875901	-0.0000139709


-0.1804180930	-0.1924417356	-0.0000140515


-0.1469584206	-0.2149703637	-0.0000141398


-0.1101428779	-0.2325915190	-0.0000142347


-0.0707216413	-0.2447113981	-0.0000143346


-0.0295751272	-0.2508620783	-0.0000144377


0.0123109711	-0.2507375752	-0.0000145420


0.0538827188	-0.2442235254	-0.0000146454


0.0940648280	-0.2314157286	-0.0000147455


0.1318130335	-0.2126238462	-0.0000148405


0.1661661160	-0.1883586744	-0.0000149283


0.1962914463	-0.1593041120	-0.0000150072


0.2215190292	-0.1262774773	-0.0000150760


0.2413611751	-0.0901834637	-0.0000151338


0.2555174674	-0.0519673898	-0.0000151799


0.2638669024	-0.0125725828	-0.0000152141


0.2664504748	0.0270948349	-0.0000152366


0.2634479519	0.0661922420	-0.0000152479


0.2551522850	0.1039578969	-0.0000152484


0.2419443667	0.1397204343	-0.0000152391


0.2242699540	0.1729020516	-0.0000152209


0.2026197585	0.2030170845	-0.0000151947


0.1775130627	0.2296675370	-0.0000151617


0.1494847833	0.2525368656	-0.0000151229


0.1190756402	0.2713830106	-0.0000150796


0.0868249702	0.2860313852	-0.0000150327


0.0532656894	0.2963682947	-0.0000149834


0.0189209307	0.3023350790	-0.0000149326


-0.0156980687	0.3039231375	-0.0000148816


-0.0500931996	0.3011699070	-0.0000148312


-0.0837801461	0.2941558053	-0.0000147825


-0.1162887558	0.2830021160	-0.0000147364


-0.1471633467	0.2678697703	-0.0000146938


-0.1759631643	0.2489589651	-0.0000146556


-0.2022631858	0.2265095466	-0.0000146226


-0.2256554684	0.2008020743	-0.0000145957


-0.2457512437	0.1721594578	-0.0000145757


-0.2621839702	0.1409490275	-0.0000145632


-0.2746135680	0.1075848512	-0.0000145589


-0.2827320677	0.0725300417	-0.0000145635


-0.2862708996	0.0362987045	-0.0000145774


-0.2850100145	-0.0005429385	-0.0000146011


-0.2787889543	-0.0373768623	-0.0000146349


-0.2675198470	-0.0735357536	-0.0000146788


-0.2512020724	-0.1083086425	-0.0000147329


-0.2299380006	-0.1409506677	-0.0000147970


-0.2039487533	-0.1706979786	-0.0000148705


-0.1735883822	-0.1967885819	-0.0000149527


-0.1393542955	-0.2184894522	-0.0000150425


-0.1018913196	-0.2351294074	-0.0000151386


-0.0619866737	-0.2461360930	-0.0000152394


-0.0205535857	-0.2510740806	-0.0000153429


0.0213975505	-0.2496798680	-0.0000154472


0.0627997246	-0.2418889080	-0.0000155501


0.1025785935	-0.2278500878	-0.0000156494


0.1397055236	-0.2079245418	-0.0000157429


0.1732482927	-0.1826680726	-0.0000158290


0.2024135447	-0.1527991993	-0.0000159059


0.2265766017	-0.1191571421	-0.0000159724


0.2452966036	-0.0826552804	-0.0000160278


0.2583174282	-0.0442355523	-0.0000160715


0.2655568071	-0.0048281440	-0.0000161035


0.2670871236	0.0346808590	-0.0000161238


0.2631115674	0.0734728824	-0.0000161330


0.2539388470	0.1108117136	-0.0000161318


0.2399588570	0.1460510245	-0.0000161209


0.2216208270	0.1786361853	-0.0000161012


0.1994147252	0.2081020161	-0.0000160739


0.1738561202	0.2340679407	-0.0000160400


0.1454743355	0.2562317249	-0.0000160005


0.1148035202	0.2743626875	-0.0000159566


0.0823761712	0.2882950095	-0.0000159093


0.0487186270	0.2979215476	-0.0000158598


0.0143480846	0.3031884034	-0.0000158090


-0.0202292603	0.3040903768	-0.0000157580


-0.0545192944	0.3006673607	-0.0000157078


-0.0880405861	0.2930016805	-0.0000156594


-0.1203247566	0.2812163525	-0.0000156137


-0.1509168489	0.2654742176	-0.0000155717


-0.1793759009	0.2459778902	-0.0000155341


-0.2052759226	0.2229704546	-0.0000155020


-0.2282074759	0.1967368191	-0.0000154760


-0.2477800678	0.1676056185	-0.0000154570


-0.2636255777	0.1359515130	-0.0000154456


-0.2754029543	0.1021976806	-0.0000154427


-0.2828044212	0.0668182183	-0.0000154486


-0.2855634204	0.0303400670	-0.0000154641


-0.2834644779	-0.0066560556	-0.0000154894


-0.2763550814	-0.0435363842	-0.0000155249


-0.2641594915	-0.0796173266	-0.0000155707


-0.2468941384	-0.1141721538	-0.0000156267


-0.2246838726	-0.1464422066	-0.0000156926


-0.1977778347	-0.1756536152	-0.0000157679


-0.1665631315	-0.2010402334	-0.0000158517


-0.1315739497	-0.2218728996	-0.0000159430


-0.0934933703	-0.2374941802	-0.0000160402


-0.0531451976	-0.2473564967	-0.0000161418


-0.0114738025	-0.2510601783	-0.0000162457


0.0304885939	-0.2483868889	-0.0000163499


0.0716657224	-0.2393234918	-0.0000164522


0.1109884494	-0.2240721061	-0.0000165505


0.1474478511	-0.2030439334	-0.0000166426


0.1801439779	-0.1768370385	-0.0000167268


0.2083247746	-0.1462009417	-0.0000168016


0.2314114894	-0.1119928648	-0.0000168659


0.2490093864	-0.0751312554	-0.0000169189


0.2609049300	-0.0365517537	-0.0000169603


0.2670522832	0.0028305975	-0.0000169900


0.2675527163	0.0421508117	-0.0000170082


0.2626304590	0.0806145995	-0.0000170155


0.2526079238	0.1175108798	-0.0000170124


0.2378823875	0.1522175386	-0.0000170000


0.2189053898	0.1842020600	-0.0000169791


0.1961654169	0.2130186068	-0.0000169506


0.1701739473	0.2383029064	-0.0000169158


0.1414546257	0.2597660144	-0.0000168756


0.1105351641	0.2771877453	-0.0000168312


0.0779415099	0.2904103179	-0.0000167836


0.0441938203	0.2993325667	-0.0000167338


0.0098038172	0.3039049299	-0.0000166830


-0.0247268494	0.3041253227	-0.0000166321


-0.0589075557	0.3000359361	-0.0000165821


-0.0922592529	0.2917209632	-0.0000165340


-0.1243148537	0.2793052225	-0.0000164888


-0.1546196748	0.2629536375	-0.0000164473


-0.1827321385	0.2428715131	-0.0000164105


-0.2082249360	0.2193055417	-0.0000163791


-0.2306868559	0.1925454468	-0.0000163541


-0.2497254975	0.1629261473	-0.0000163361


-0.2649711001	0.1308302790	-0.0000163259


-0.2760817337	0.0966908480	-0.0000163243


-0.2827500988	0.0609937032	-0.0000163317


-0.2847121645	0.0242793988	-0.0000163488


-0.2817578158	-0.0128561222	-0.0000163758


-0.2737435659	-0.0497627553	-0.0000164131


-0.2606071882	-0.0857402714	-0.0000164607


-0.2423838129	-0.1200461936	-0.0000165186


-0.2192226005	-0.1519085902	-0.0000165864


-0.1914025619	-0.1805447371	-0.0000166634


-0.1593454967	-0.2051862226	-0.0000167489


-0.1236234932	-0.2251103437	-0.0000168415


-0.0849581735	-0.2396765635	-0.0000169399


-0.0442091031	-0.2483654651	-0.0000170422


-0.0023497275	-0.2508162963	-0.0000171464


0.0395691273	-0.2468582919	-0.0000172504


0.0804659647	-0.2365308968	-0.0000173520


0.1192811426	-0.2200891130	-0.0000174491


0.1550293313	-0.1979923467	-0.0000175396


0.1868457663	-0.1708778522	-0.0000176220


0.2140212753	-0.1395223943	-0.0000176947


0.2360232086	-0.1047973502	-0.0000177567


0.2525019076	-0.0676228247	-0.0000178074


0.2632845070	-0.0289255325	-0.0000178465


0.2683592248	0.0103963211	-0.0000178739


0.2678537544	0.0494996385	-0.0000178901


0.2620110951	0.0876144436	-0.0000178954


0.2511654581	0.1240542534	-0.0000178907


0.2357200384	0.1582202741	-0.0000178768


0.2161276645	0.1896010264	-0.0000178546


0.1928747201	0.2177688914	-0.0000178251


0.1664683096	0.2423748243	-0.0000177895


0.1374263790	0.2631422021	-0.0000177486


0.1062703811	0.2798605065	-0.0000177037


0.0735200318	0.2923793165	-0.0000176557


0.0396897169	0.3006029181	-0.0000176058


0.0052861503	0.3044857042	-0.0000175549


-0.0291930690	0.3040284562	-0.0000175041


-0.0632603036	0.2992755389	-0.0000174544


-0.0964383925	0.2903130021	-0.0000174067


-0.1282610658	0.2772675636	-0.0000173619


-0.1582734718	0.2603064289	-0.0000173210


-0.1860330208	0.2396378936	-0.0000172848


-0.2111107480	0.2155126569	-0.0000172543


-0.2330934108	0.1882257536	-0.0000172302


-0.2515865448	0.1581189767	-0.0000172133


-0.2662187244	0.1255836134	-0.0000172044


-0.2766472827	0.0910632444	-0.0000172041


-0.2825657450	0.0550562586	-0.0000172131


-0.2837132015	0.0181176088	-0.0000172317


-0.2798857742	-0.0191408206	-0.0000172605


-0.2709501861	-0.0560520327	-0.0000172996


-0.2568592101	-0.0918988884	-0.0000173491


-0.2376684168	-0.1259233096	-0.0000174089


-0.2135531607	-0.1573408005	-0.0000174786


-0.1848241650	-0.1853611756	-0.0000175574


-0.1519394584	-0.2092158897	-0.0000176444


-0.1155099449	-0.2281915136	-0.0000177384


-0.0762957587	-0.2416676998	-0.0000178378


-0.0351910149	-0.2491565887	-0.0000179407


0.0068042290	-0.2503393472	-0.0000180451


0.0486240809	-0.2450948517	-0.0000181488


0.0891860037	-0.2335158415	-0.0000182496


0.1274440753	-0.2159093602	-0.0000183454


0.1624401876	-0.1927807306	-0.0000184344


0.1933472742	-0.1648030569	-0.0000185148


0.2195001780	-0.1327765177	-0.0000185853


0.2404121197	-0.0975829097	-0.0000186451


0.2557771731	-0.0601408224	-0.0000186935


0.2654610641	-0.0213657190	-0.0000187303


0.2694836557	0.0178624301	-0.0000187556


0.2679966651	0.0567229541	-0.0000187697


0.2612597157	0.0944700354	-0.0000187732


0.2496170632	0.1304411413	-0.0000187669


0.2334765060	0.1640598518	-0.0000187515


0.2132912736	0.1948346407	-0.0000187281


0.1895451356	0.2223550081	-0.0000186976


0.1627406199	0.2462861041	-0.0000186611


0.1333900129	0.2663627106	-0.0000186197


0.1020087247	0.2823831999	-0.0000185743


0.0691105803	0.2942038846	-0.0000185260


0.0352046167	0.3017340208	-0.0000184760


0.0007930100	0.3049316139	-0.0000184251


-0.0336301976	0.3038000988	-0.0000183744


-0.0675798561	0.2983859199	-0.0000183248


-0.1005802036	0.2887770022	-0.0000182775


-0.1321653205	0.2751020867	-0.0000182332


-0.1618797544	0.2575308878	-0.0000181929


-0.1892795183	0.2362750196	-0.0000181574


-0.2139336709	0.2115896164	-0.0000181277


-0.2354267012	0.1837755515	-0.0000181046


-0.2533619546	0.1531821138	-0.0000180889


-0.2673663566	0.1202099493	-0.0000180812


-0.2770966987	0.0853139865	-0.0000180823


-0.2822477475	0.0490059612	-0.0000180928


-0.2825623945	0.0118560128	-0.0000181131


-0.2778439760	-0.0255073395	-0.0000181437


-0.2679707178	-0.0623997095	-0.0000181846


-0.2529119842	-0.0980868760	-0.0000182361


-0.2327456109	-0.1317954583	-0.0000182978


-0.2076750691	-0.1627293083	-0.0000183693


-0.1780446001	-0.1900924099	-0.0000184499


-0.1443498630	-0.2131184613	-0.0000185385


-0.1072412437	-0.2311063286	-0.0000186338


-0.0675170131	-0.2434592528	-0.0000187341


-0.0261042230	-0.2497242853	-0.0000188375


0.0159733012	-0.2496272908	-0.0000189420


0.0576384123	-0.2430984754	-0.0000190453


0.0978118096	-0.2302841036	-0.0000191452


0.1354653950	-0.2115419364	-0.0000192397


0.1696715987	-0.1874205471	-0.0000193270


0.1996431397	-0.1586253434	-0.0000194054


0.2247595651	-0.1259760780	-0.0000194738


0.2445793599	-0.0903613890	-0.0000195313


0.2588387312	-0.0526954431	-0.0000195774


0.2674397998	-0.0138804273	-0.0000196119


0.2704316644	0.0252230358	-0.0000196351


0.2679877530	0.0638170120	-0.0000196472


0.2603823023	0.1011795273	-0.0000196490


0.2479680079	0.1366712597	-0.0000196411


0.2311561010	0.1697371795	-0.0000196244


0.2103994477	0.1999046342	-0.0000195998


0.1861787912	0.2267791743	-0.0000195683


0.1589919548	0.2500391575	-0.0000195311


0.1293456554	0.2694299046	-0.0000194890


0.0977495106	0.2847579535	-0.0000194432


0.0647118149	0.2958857706	-0.0000193946


0.0307366880	0.3027271448	-0.0000193444


-0.0036777580	0.3052433896	-0.0000192935


-0.0380405448	0.3034404138	-0.0000192429


-0.0718685155	0.2973666780	-0.0000191937


-0.1046868237	0.2871120286	-0.0000191467


-0.1360294407	0.2728073812	-0.0000191028


-0.1654398904	0.2546252138	-0.0000190631


-0.1924724156	0.2327808156	-0.0000190284


-0.2166937941	0.2075342148	-0.0000189996


-0.2376860334	0.1791926825	-0.0000189775


-0.2550501950	0.1481136588	-0.0000189629


-0.2684116149	0.1147078869	-0.0000189566


-0.2774267978	0.0794424428	-0.0000189591


-0.2817922432	0.0428432312	-0.0000189711


-0.2812554155	0.0054963628	-0.0000189932


-0.2756279486	-0.0319523461	-0.0000190255


-0.2648009743	-0.0688006931	-0.0000190684


-0.2487621441	-0.1042973214	-0.0000191218


-0.2276134577	-0.1376540165	-0.0000191855


-0.2015884447	-0.1680641082	-0.0000192588


-0.1710666048	-0.1947276290	-0.0000193412


-0.1365824562	-0.2168831388	-0.0000194313


-0.0988262486	-0.2338450015	-0.0000195278


-0.0586336401	-0.2450435113	-0.0000196290


-0.0169625989	-0.2500638833	-0.0000197328


0.0251424820	-0.2486791798	-0.0000198372


0.0665972314	-0.2408721979	-0.0000199400


0.1063298817	-0.2268424636	-0.0000200389


0.1433340731	-0.2069966734	-0.0000201321


0.1767157314	-0.1819236567	-0.0000202176


0.2057290091	-0.1523574385	-0.0000202940


0.2297984202	-0.1191335560	-0.0000203602


0.2485267703	-0.0831441085	-0.0000204154


0.2616905936	-0.0452962136	-0.0000204592


0.2692261327	-0.0064770566	-0.0000204916


0.2712093442	0.0324729355	-0.0000205127


0.2678331582	0.0707786695	-0.0000205229


0.2593845526	0.1077415644	-0.0000205229


0.2462232065	0.1427446951	-0.0000205135


0.2287627494	0.1752534170	-0.0000204955


0.2074550349	0.2048128844	-0.0000204698


0.1827774568	0.2310436647	-0.0000204374


0.1552230718	0.2536363817	-0.0000203994


0.1252931633	0.2723460799	-0.0000203567


0.0934918349	0.2869867870	-0.0000203105


0.0603222276	0.2974265891	-0.0000202617


0.0262839838	0.3035834107	-0.0000202113


-0.0081283730	0.3054216054	-0.0000201605


-0.0424264375	0.3029494084	-0.0000201100


-0.0761285547	0.2962172629	-0.0000200610


-0.1087603159	0.2853170107	-0.0000200144


-0.1398551316	0.2703819207	-0.0000199711


-0.1689550877	0.2515875176	-0.0000199320


-0.1956122974	0.2291531520	-0.0000198981


-0.2193909716	0.2033442372	-0.0000198701


-0.2398704484	0.1744750346	-0.0000198491


-0.2566494472	0.1429118246	-0.0000198356


-0.2693518240	0.1090762175	-0.0000198306


-0.2776341150	0.0734482613	-0.0000198346


-0.2811951266	0.0365688626	-0.0000198483


-0.2797877653	-0.0009591219	-0.0000198720


-0.2732331554	-0.0384719586	-0.0000199063


-0.2614368518	-0.0752492871	-0.0000199511


-0.2444065866	-0.1105226968	-0.0000200064


-0.2222704851	-0.1434897979	-0.0000200720


-0.1952940721	-0.1733347620	-0.0000201473


-0.1638937480	-0.1992558032	-0.0000202313


-0.1286439075	-0.2204991920	-0.0000203229


-0.0902747256	-0.2363981451	-0.0000204206


-0.0496581028	-0.2464134890	-0.0000205226


-0.0077805010	-0.2501716956	-0.0000206267


0.0342966424	-0.2474951893	-0.0000207310


0.0754859222	-0.2384201594	-0.0000208331


0.1147273511	-0.2231986353	-0.0000209310


0.1510399677	-0.2022840426	-0.0000210226


0.1835657574	-0.1763022039	-0.0000211063


0.2116015104	-0.1460119996	-0.0000211807


0.2346165690	-0.1122610655	-0.0000212447


0.2522568210	-0.0759418130	-0.0000212976


0.2643371578	-0.0379519752	-0.0000213392


0.2708256327	0.0008377012	-0.0000213694


0.2718227403	0.0396075868	-0.0000213885


0.2675388194	0.0776053527	-0.0000213969


0.2582718605	0.1141552451	-0.0000213952


0.2443872127	0.1486618679	-0.0000213843


0.2262999971	0.1806099441	-0.0000213650


0.2044605115	0.2095613887	-0.0000213382


0.1793425591	0.2351507904	-0.0000213050


0.1514344267	0.2570801451	-0.0000212662


0.1212321395	0.2751134542	-0.0000212230


0.0892345911	0.2890716066	-0.0000211764


0.0559401599	0.2988278174	-0.0000211274


0.0218444571	0.3043037882	-0.0000210769


-0.0125611053	0.3054666794	-0.0000210260


-0.0467902055	0.3023269363	-0.0000209757


-0.0803622033	0.2949369791	-0.0000209270


-0.1128026556	0.2833907467	-0.0000208807


-0.1436439667	0.2678240689	-0.0000208379


-0.1724263807	0.2484158283	-0.0000207995


-0.1986995355	0.2253898554	-0.0000207664


-0.2220248084	0.1990174721	-0.0000207394


-0.2419787094	0.1696205584	-0.0000207194


-0.2581575972	0.1375749576	-0.0000207072


-0.2701840108	0.1033139487	-0.0000207035


-0.2777149073	0.0673313977	-0.0000207090


-0.2804520614	0.0301840539	-0.0000207243


-0.2781547958	-0.0075077244	-0.0000207499


-0.2706550326	-0.0450617211	-0.0000207860


-0.2578743787	-0.0817391761	-0.0000208328


-0.2398425330	-0.1167548617	-0.0000208901


-0.2167157524	-0.1492930791	-0.0000209577


-0.1887934630	-0.1785304521	-0.0000210348


-0.1565304738	-0.2036657642	-0.0000211205


-0.1205418237	-0.2239560602	-0.0000212136


-0.0815973210	-0.2387568787	-0.0000213123


-0.0406035545	-0.2475630185	-0.0000214149


0.0014273312	-0.2500450806	-0.0000215193


0.0434206551	-0.2460766305	-0.0000216233


0.0842902625	-0.2357475670	-0.0000217247


0.1229920716	-0.2193611823	-0.0000218214


0.1585738727	-0.1974150455	-0.0000219114


0.1902158553	-0.1705685028	-0.0000219933


0.2172582151	-0.1396015154	-0.0000220656


0.2392146146	-0.1053702822	-0.0000221274


0.2557725338	-0.0687646333	-0.0000221781


0.2667831321	-0.0306708744	-0.0000222175


0.2722439579	0.0080578474	-0.0000222456


0.2722778015	0.0466230784	-0.0000222627


0.2671104436	0.0842950189	-0.0000222692


0.2570493008	0.1204200839	-0.0000222660


0.2424642160	0.1544234965	-0.0000222536


0.2237710155	0.1858083305	-0.0000222331


0.2014179947	0.2141522404	-0.0000222053


0.1758751978	0.2391028814	-0.0000221712


0.1476261906	0.2603727741	-0.0000221318


0.1171619508	0.2777341580	-0.0000220880


0.0849764874	0.2910141996	-0.0000220410


0.0515638186	0.3000907934	-0.0000219917


0.0174159763	0.3048890966	-0.0000219412


-0.0169782612	0.3053788755	-0.0000218903


-0.0511341678	0.3015726992	-0.0000218402


-0.0845716343	0.2935249882	-0.0000217917


-0.1168157164	0.2813319082	-0.0000217459


-0.1473973740	0.2651320849	-0.0000217036


-0.1758546161	0.2451081016	-0.0000216659


-0.2017342742	0.2214887190	-0.0000216335


-0.2245946479	0.1945517261	-0.0000216075


-0.2440092909	0.1646272849	-0.0000215886


-0.2595722274	0.1321015602	-0.0000215776


-0.2709049016	0.0974203305	-0.0000215753


-0.2776651577	0.0610921463	-0.0000215824


-0.2795584959	0.0236904400	-0.0000215994


-0.2763517383	-0.0141462008	-0.0000216268


-0.2678890301	-0.0517165797	-0.0000216648


-0.2541097700	-0.0882634149	-0.0000217136


-0.2350675921	-0.1229850718	-0.0000217730


-0.2109489160	-0.1550536335	-0.0000218425


-0.1820889136	-0.1836400438	-0.0000219215


-0.1489821378	-0.2079462940	-0.0000220088


-0.1122847504	-0.2272434575	-0.0000221032


-0.0728055205	-0.2409129341	-0.0000222030


-0.0314837561	-0.2484868372	-0.0000223062


0.0106458901	-0.2496824889	-0.0000224107


0.0524995195	-0.2444259464	-0.0000225143


0.0929965346	-0.2328606398	-0.0000226148


0.1311126978	-0.2153394250	-0.0000227102


0.1659275510	-0.1924011014	-0.0000227987


0.1966611986	-0.1647349276	-0.0000228786


0.2226975902	-0.1331382155	-0.0000229488


0.2435938677	-0.0984723831	-0.0000230084


0.2590774064	-0.0616220569	-0.0000230569


0.2690334646	-0.0234603617	-0.0000230941


0.2734867956	0.0151780568	-0.0000231201


0.2725803386	0.0535160979	-0.0000231353


0.2665534807	0.0908461204	-0.0000231402


0.2557216181	0.1265359734	-0.0000231353


0.2404580424	0.1600305638	-0.0000231216


0.2211786099	0.1908503070	-0.0000230999


0.1983292550	0.2185876061	-0.0000230711


0.1723761607	0.2429022696	-0.0000230361


0.1437982670	0.2635165418	-0.0000229960


0.1130817451	0.2802102274	-0.0000229518


0.0807160628	0.2928162302	-0.0000229045


0.0471912918	0.3012167135	-0.0000228550


0.0129963400	0.3053400035	-0.0000228043


-0.0213821689	0.3051583034	-0.0000227535


-0.0554606183	0.3006862492	-0.0000227035


-0.0887589501	0.2919803126	-0.0000226554


-0.1208012562	0.2791390439	-0.0000226099


-0.1511166221	0.2623041301	-0.0000225682


-0.1792404388	0.2416622286	-0.0000225311


-0.2047164169	0.2174475144	-0.0000224996


-0.2270995584	0.1899448385	-0.0000224745


-0.2459603682	0.1594933455	-0.0000224568


-0.2608906101	0.1264903147	-0.0000224471


-0.2715109213	0.0913948841	-0.0000224462


-0.2774805835	0.0547311708	-0.0000224549


-0.2785096808	0.0170901239	-0.0000224737


-0.2743737345	-0.0208707506	-0.0000225029


-0.2649306570	-0.0584308628	-0.0000225429


-0.2501394857	-0.0948144233	-0.0000225937


-0.2300798265	-0.1292039952	-0.0000226551


-0.2049702952	-0.1607607751	-0.0000227266


-0.1751835577	-0.1886521575	-0.0000228074


-0.1412550336	-0.2120862207	-0.0000228963


-0.1038821609	-0.2303514803	-0.0000229920


-0.0639115939	-0.2428587571	-0.0000230927


-0.0223129810	-0.2491806622	-0.0000231964


0.0198600208	-0.2490834941	-0.0000233009


0.0615184840	-0.2425466906	-0.0000234040


0.1015916284	-0.2297665398	-0.0000235036


0.1390787498	-0.2111433383	-0.0000235976


0.1730937529	-0.1872539335	-0.0000236844


0.2028979316	-0.1588138072	-0.0000237624


0.2279189422	-0.1266339899	-0.0000238304


0.2477562739	-0.0915779964	-0.0000238878


0.2621753366	-0.0545229086	-0.0000239342


0.2710932764	-0.0163271978	-0.0000239692


0.2745598102	0.0221936544	-0.0000239933


0.2727359883	0.0602838986	-0.0000240066


0.2658731026	0.0972575667	-0.0000240097


0.2542932193	0.1325031492	-0.0000240033


0.2383721569	0.1654842860	-0.0000239883


0.2185252291	0.1957377400	-0.0000239654


0.1951957309	0.2228697056	-0.0000239356


0.1688459407	0.2465512739	-0.0000238999


0.1399503089	0.2665136574	-0.0000238592


0.1089904675	0.2825435973	-0.0000238145


0.0764517036	0.2944792356	-0.0000237668


0.0428205636	0.3022066308	-0.0000237171


0.0085832913	0.3056570251	-0.0000236664


-0.0257751646	0.3048049203	-0.0000236156


-0.0597718128	0.2996669906	-0.0000235658


-0.0929261687	0.2903018386	-0.0000235179


-0.1247609035	0.2768105855	-0.0000234729


-0.1548028055	0.2593382748	-0.0000234318


-0.1825842771	0.2380760447	-0.0000233954


-0.2076456118	0.2132640040	-0.0000233647


-0.2295383210	0.1851946981	-0.0000233407


-0.2478298067	0.1542169924	-0.0000233240


-0.2621097012	0.1207401088	-0.0000233157


-0.2719981945	0.0852374316	-0.0000233163


-0.2771566468	0.0482495363	-0.0000233267


-0.2773006932	0.0103857092	-0.0000233472


-0.2722158737	-0.0276769898	-0.0000233784


-0.2617755331	-0.0651982636	-0.0000234204


-0.2459602930	-0.1013839869	-0.0000234732


-0.2248778214	-0.1354017369	-0.0000235366


-0.1987809362	-0.1664034112	-0.0000236100


-0.1680814130	-0.1935552497	-0.0000236926


-0.1333564083	-0.2160745204	-0.0000237831


-0.0953444306	-0.2332707166	-0.0000238800


-0.0549285266	-0.2445876036	-0.0000239815


-0.0131059100	-0.2496412527	-0.0000240856


0.0290545441	-0.2482488076	-0.0000241900


0.0704631651	-0.2404434903	-0.0000242925


0.1100631330	-0.2264732906	-0.0000243910


0.1468806625	-0.2067834439	-0.0000244837


0.1800662197	-0.1819854567	-0.0000245687


0.2089231332	-0.1528173273	-0.0000246446


0.2329223550	-0.1201003172	-0.0000247106


0.2517043398	-0.0846971616	-0.0000247658


0.2650705505	-0.0474753403	-0.0000248100


0.2729677987	-0.0092774659	-0.0000248430


0.2754685959	0.0291005877	-0.0000248650


0.2727501819	0.0669242642	-0.0000248765


0.2650741873	0.1035286883	-0.0000248780


0.2527681697	0.1383221552	-0.0000248701


0.2362096682	0.1707860824	-0.0000248538


0.2158129759	0.2004726070	-0.0000248298


0.1920185427	0.2270007931	-0.0000247991


0.1652847515	0.2500521867	-0.0000247626


0.1360817350	0.2693662569	-0.0000247213


0.1048868774	0.2847360955	-0.0000246761


0.0721816587	0.2960046223	-0.0000246281


0.0384495296	0.3030614535	-0.0000245782


0.0041745328	0.3058405261	-0.0000245274


-0.0301595784	0.3043185317	-0.0000244767


-0.0640699541	0.2985141827	-0.0000244271


-0.0970752092	0.2884883199	-0.0000243795


-0.1286961423	0.2743448520	-0.0000243350


-0.1584568300	0.2562325053	-0.0000242944


-0.1858863283	0.2343473398	-0.0000242588


-0.2105212378	0.2089359548	-0.0000242290


-0.2319094163	0.1802992611	-0.0000242059


-0.2496151532	0.1487966215	-0.0000241905


-0.2632261373	0.1148500630	-0.0000241835


-0.2723625497	0.0789481262	-0.0000241857


-0.2766885688	0.0416487430	-0.0000241977


-0.2759264626	0.0035803310	-0.0000242201


-0.2698732343	-0.0345599255	-0.0000242532


-0.2584194435	-0.0720118279	-0.0000242972


-0.2415693326	-0.1079632636	-0.0000243521


-0.2194607525	-0.1415678725	-0.0000244176


-0.1923826722	-0.1719701051	-0.0000244929


-0.1607874200	-0.1983377024	-0.0000245773


-0.1252944667	-0.2199004241	-0.0000246693


-0.0866827973	-0.2359923529	-0.0000247673


-0.0458699362	-0.2460936265	-0.0000248695


-0.0038775173	-0.2498664582	-0.0000249738


0.0382143815	-0.2471802755	-0.0000250780


0.0793196597	-0.2381219920	-0.0000251798


0.1183994150	-0.2229896848	-0.0000252772


0.1545098201	-0.2022706994	-0.0000253684


0.1868396739	-0.1766076686	-0.0000254516


0.2147347717	-0.1467574412	-0.0000255255


0.2377086227	-0.1135482044	-0.0000255894


0.2554410593	-0.0778392999	-0.0000256424


0.2677675324	-0.0404868276	-0.0000256844


0.2746623167	-0.0023165885	-0.0000257154


0.2762186354	0.0358953975	-0.0000257355


0.2726281203	0.0734354740	-0.0000257452


0.2641613072	0.1096592007	-0.0000257451


0.2511501921	0.1439938111	-0.0000257358


0.2339733360	0.1759375478	-0.0000257182


0.2130436199	0.2050569746	-0.0000256932


0.1887985078	0.2309831405	-0.0000256616


0.1616925436	0.2534072614	-0.0000256243


0.1321917464	0.2720763946	-0.0000255824


0.1007695637	0.2867894370	-0.0000255368


0.0679040553	0.2973936635	-0.0000254884


0.0340760115	0.3037819436	-0.0000254384


-0.0002322599	0.3058907194	-0.0000253875


-0.0345377201	0.3036987922	-0.0000253369


-0.0683571786	0.2972269411	-0.0000252875


-0.1012078781	0.2865383814	-0.0000252403


-0.1326082980	0.2717400552	-0.0000251962


-0.1620793976	0.2529847318	-0.0000251562


-0.1891465437	0.2304738693	-0.0000251213


-0.2133423903	0.2044611530	-0.0000250924


-0.2342110134	0.1752565701	-0.0000250704


-0.2513136274	0.1432307964	-0.0000250562


-0.2642362326	0.1088195593	-0.0000250506


-0.2725995256	0.0725274858	-0.0000250544


-0.2760713479	0.0349307593	-0.0000250681


-0.2743818039	-0.0033223126	-0.0000250923


-0.2673409304	-0.0415139333	-0.0000251274


-0.2548583994	-0.0788639471	-0.0000251735


-0.2369641868	-0.1145427999	-0.0000252305


-0.2138284549	-0.1476914910	-0.0000252980


-0.1857781794	-0.1774491486	-0.0000253753


-0.1533074707	-0.2029879204	-0.0000254614


-0.1170783607	-0.2235535276	-0.0000255548


-0.0779093068	-0.2385082782	-0.0000256539


-0.0367499788	-0.2473719527	-0.0000257567


0.0053570488	-0.2498552507	-0.0000258612


0.0473246783	-0.2458808587	-0.0000259650


0.0880746470	-0.2355887940	-0.0000260660


0.1265896843	-0.2193251839	-0.0000261622


0.1619585761	-0.1976163861	-0.0000262518


0.1934097968	-0.1711325460	-0.0000263331


0.2203316517	-0.1406457891	-0.0000264051


0.2422791802	-0.1069881365	-0.0000264668


0.2589698408	-0.0710131932	-0.0000265177


0.2702709605	-0.0335641744	-0.0000265576


0.2761821173	0.0045506505	-0.0000265865


0.2768152637	0.0425751859	-0.0000266048


0.2723747522	0.0798162672	-0.0000266127


0.2631387202	0.1156491705	-0.0000266111


0.2494426676	0.1495191816	-0.0000266004


0.2316655786	0.1809404270	-0.0000265816


0.2102186090	0.2094929776	-0.0000265555


0.1855361555	0.2348190219	-0.0000265230


0.1580690207	0.2566187019	-0.0000264851


0.1282793424	0.2746460360	-0.0000264426


0.0966369611	0.2887052198	-0.0000263965


0.0636169131	0.2986474960	-0.0000263479


0.0296977710	0.3043687158	-0.0000262976


-0.0046394239	0.3058076662	-0.0000262468


